0.00458945 0.00627651
0.00627651  0.0101531
 0.00374505 -0.00548928
-0.00548928  0.00986108
0.000924157 -0.00218679
-0.00218679   0.0120026
 0.00162787 -0.00440555
-0.00440555   0.0180669
0.00307189 0.00536521
0.00536521  0.0116532
0.000607198 -0.00102375
-0.00102375   0.0246404
0.00632813 -0.0067779
-0.0067779 0.00851127
0.000575395  0.00118468
 0.00118468    0.017379
0.000565831   0.0010365
  0.0010365   0.0226361
 0.00271795 -0.00201875
-0.00201875  0.00237167
0.00254487 0.00208375
0.00208375 0.00256331
 0.00256654 -0.00431814
-0.00431814  0.00957917
0.000923994 -0.00270423
-0.00270423   0.0177873
 0.00184161 -0.00113192
-0.00113192   0.0014448
0.00206989 0.00208112
0.00208112 0.00315915
 0.00217076 -0.00100358
-0.00100358  0.00110562
0.00110308 0.00257753
0.00257753  0.0114968
  0.00049578 -2.39262e-05
-2.39262e-05  0.000522632
  0.00132781 -0.000858639
-0.000858639   0.00136298
0.000644907   0.0006234
  0.0006234   0.0256549
 0.00299299 -0.00253506
-0.00253506  0.00313008
0.00167589 0.00169529
0.00169529 0.00282254
0.00216463 -0.0036413
-0.0036413 0.00855771
0.00152118 0.00339297
0.00339297   0.011609
 0.00245997 -0.00371664
-0.00371664  0.00763579
0.000854537 -0.00244251
-0.00244251   0.0172071
0.00662163 0.00566237
0.00566237 0.00575943
 0.00558384 -0.00399765
-0.00399765  0.00371969
0.00122602 0.00272488
0.00272488   0.010735
 0.00116614 -0.00285342
-0.00285342   0.0127691
0.000761597 0.000596218
0.000596218  0.00155861
0.000798547 0.000377824
0.000377824 0.000827796
 0.00206047 -0.00334782
-0.00334782  0.00780912
 0.0036458 0.00450111
0.00450111 0.00688307
0.00364448 0.00574908
0.00574908  0.0109981
0.00527906 0.00514609
0.00514609 0.00600654
0.000523477 6.94496e-05
6.94496e-05 0.000465059
0.00286823 0.00248632
0.00248632 0.00304309
 0.000610022 -0.000968412
-0.000968412    0.0248516
0.000866439 0.000408992
0.000408992 0.000818491
 0.00531116 -0.00604271
-0.00604271  0.00817806
0.00840219  0.0065382
 0.0065382 0.00614386
0.00217289 0.00395533
0.00395533 0.00974426
 0.00527379 -0.00574091
-0.00574091  0.00748245
0.000553272 -5.3113e-05
-5.3113e-05 0.000479982
 0.00389889 -0.00387252
-0.00387252  0.00498094
 0.00316933 -0.00523373
-0.00523373   0.0108352
0.000490868 0.000194992
0.000194992   0.0011522
0.00142658 0.00347523
0.00347523  0.0136216
 0.000538595 -0.000714457
-0.000714457    0.0227561
0.000640216 -0.00137103
-0.00137103   0.0141757
 0.0012167 0.00128877
0.00128877 0.00264671
0.000849629  0.00221301
 0.00221301   0.0142188
0.00141383 0.00339297
0.00339297  0.0128626
0.00567573 -0.0041068
-0.0041068 0.00383533
 0.00260426 -0.00258543
-0.00258543  0.00372602
0.00723808 0.00614764
0.00614764 0.00619289
0.00247283 0.00206278
0.00206278 0.00258107
 0.00160477 0.000897251
0.000897251  0.00114336
0.00347256 0.00535223
0.00535223  0.0100796
0.000893711  0.00277271
 0.00277271   0.0212145
0.00227905  0.0038715
 0.0038715 0.00885209
 0.000409507 -3.07822e-07
-3.07822e-07  0.000411873
 0.00285251 -0.00553418
-0.00553418   0.0136609
 0.00694195 -0.00488671
-0.00488671  0.00429912
   0.001362 0.000992027
0.000992027  0.00152004
 0.00452495 -0.00446795
-0.00446795  0.00553034
0.000877067  0.00267822
 0.00267822   0.0200173
 0.000506851 -0.000382489
-0.000382489    0.0161753
 0.000910996 -0.000811764
-0.000811764   0.00199771
0.00199468 0.00203433
0.00203433 0.00316546
  0.00121016 -0.000402574
-0.000402574  0.000683878
 0.00110565 0.000522731
0.000522731 0.000845685
0.00735834 0.00635967
0.00635967 0.00650487
0.00171303 0.00361393
0.00361393  0.0111177
 0.0013634 0.00309485
0.00309485  0.0114633
0.00404582 0.00415558
0.00415558  0.0053239
0.00289223 0.00238263
0.00238263  0.0028155
0.00187406 -0.0032704
-0.0032704 0.00841178
 0.00272719 -0.00437331
-0.00437331  0.00914706
0.00259079 0.00294963
0.00294963 0.00458282
 0.000579339 -0.000474175
-0.000474175    0.0247015
0.000647034  0.00167863
 0.00167863   0.0189516
0.00271639 -0.0050855
-0.0050855  0.0122531
0.00303273 0.00532637
0.00532637  0.0116585
 0.00508318 -0.00540163
-0.00540163  0.00693668
0.00459061 0.00518487
0.00518487 0.00702236
0.00376492 0.00384309
0.00384309  0.0049728
 0.00254883 -0.00221541
-0.00221541  0.00293394
 0.00421622 -0.00462652
-0.00462652   0.0063288
0.00353438 0.00514213
0.00514213 0.00914056
0.000691275 -0.00170742
-0.00170742   0.0155534
 0.00337406 -0.00589116
-0.00589116   0.0127096
0.000580951  0.00128281
 0.00128281    0.020666
0.00259647 0.00412836
0.00412836 0.00855484
0.000610565  0.00131384
 0.00131384   0.0154943
0.00342135 0.00531598
0.00531598  0.0101132
  0.0042873 -0.00471004
-0.00471004  0.00642586
 0.00453142 -0.00587635
-0.00587635  0.00915042
0.00158493 0.00109863
0.00109863 0.00151448
0.000418972 1.43081e-05
1.43081e-05 0.000611536
 0.00332216 -0.00273124
-0.00273124  0.00323114
0.000769207 -0.00194003
-0.00194003   0.0144881
0.00321859 0.00492213
0.00492213 0.00932301
0.00414454 0.00300283
0.00300283 0.00293808
0.00166901 0.00325449
0.00325449 0.00952074
0.00258903  0.0041796
 0.0041796 0.00877979
 0.00348731 -0.00361655
-0.00361655  0.00494762
0.00521285 0.00629907
0.00629907 0.00893252
0.00207578 0.00400632
0.00400632  0.0105499
 0.00437252 -0.00430469
-0.00430469  0.00535538
0.00135881 0.00391895
0.00391895  0.0188015
 0.0013316 0.00288903
0.00288903  0.0105118
0.00261308 0.00413215
0.00413215 0.00850367
 0.0069796 0.00535785
0.00535785 0.00495637
 0.0024995 0.00208299
0.00208299 0.00259517
 0.00280324 -0.00392789
-0.00392789  0.00727824
 0.00410206 -0.00436398
-0.00436398  0.00585838
 0.00237465 -0.00431796
-0.00431796   0.0104938
0.00183382 0.00154431
0.00154431 0.00218523
0.000746115 -0.00182387
-0.00182387    0.014115
 0.00110942 0.000387052
0.000387052 0.000660202
 0.00264332 -0.00143095
-0.00143095  0.00147714
 0.000500563 -0.000296544
-0.000296544    0.0205252
 0.00152357 0.000412961
0.000412961 0.000610212
0.00671679 -0.0047786
-0.0047786 0.00426075
0.000572492 -0.00115225
-0.00115225   0.0223622
0.00120346 0.00361968
0.00361968  0.0197387
0.00210961 0.00453842
0.00453842  0.0131923
 0.00244412 -0.00379279
-0.00379279  0.00798436
 0.000545018 -0.000962515
-0.000962515    0.0210474
0.00469996 -0.0038857
-0.0038857 0.00416296
 0.00186603 -0.00106439
-0.00106439  0.00131876
0.000711239  0.00199986
 0.00199986   0.0191884
 0.00589296 -0.00457368
-0.00457368  0.00445533
0.000849673 0.000705971
0.000705971  0.00167596
 0.00177106 -0.00444086
-0.00444086   0.0161869
0.000887976  -0.0026276
 -0.0026276   0.0184202
 0.00478766 -0.00317722
-0.00317722  0.00292445
 0.00235863 -0.00440289
-0.00440289   0.0109762
 0.00386897 -0.00454052
-0.00454052   0.0066881
0.00537251 0.00537521
0.00537521 0.00639843
 0.0067104 0.00593379
0.00593379 0.00620775
0.000596002  0.00131656
 0.00131656   0.0224903
0.00185639 0.00137013
0.00137013 0.00180365
0.00156127 0.00122602
0.00122602 0.00180332
 0.00605076 -0.00562984
-0.00562984  0.00629163
 0.00118469 -0.00338194
-0.00338194   0.0173427
 0.00549385 -0.00515137
-0.00515137  0.00588528
0.000677726 0.000390459
0.000390459  0.00105528
0.00111634 0.00102147
0.00102147 0.00201528
0.00260108 0.00466702
0.00466702  0.0107534
 0.00831139 -0.00628264
-0.00628264  0.00574462
  0.0063372 -0.00647785
-0.00647785  0.00780109
  0.00101492 -0.000716882
-0.000716882   0.00140894
0.000495708 0.000118607
0.000118607   0.0190096
0.000725024 2.36271e-05
2.36271e-05  0.00043551
0.00308423 0.00511087
0.00511087  0.0105327
0.00177469 0.00434625
0.00434625  0.0152869
0.00633539  0.0056846
 0.0056846 0.00604686
 0.00130819 -0.00137323
-0.00137323  0.00282303
0.00115222 0.00107057
0.00107057 0.00208486
0.00502242  0.0036532
 0.0036532   0.003429
 0.000405454 -3.45929e-06
-3.45929e-06  0.000409594
0.00789415 0.00664764
0.00664764 0.00666302
0.000669745 -0.00165732
-0.00165732   0.0163173
 0.00372747 -0.00359499
-0.00359499  0.00457012
0.00209597 0.00402837
0.00402837  0.0105323
0.000683292 -0.00177739
-0.00177739   0.0241476
0.00094175 0.00064615
0.00064615 0.00126936
0.00241501 0.00215804
0.00215804 0.00284893
0.000947038   0.0022822
  0.0022822   0.0121794
0.00368577  -0.005755
 -0.005755  0.0109916
0.0007394 0.0016427
0.0016427 0.0124217
 0.00536753 -0.00441885
-0.00441885  0.00458355
0.00516463 0.00455821
0.00455821 0.00492856
 0.000509515 -0.000516275
-0.000516275    0.0195098
  0.0024656 -0.00476804
-0.00476804   0.0121336
0.000885292 0.000118635
0.000118635 0.000466313
0.00221313 0.00245508
0.00245508 0.00392505
0.000550792 0.000159294
0.000159294 0.000623895
0.00191276 0.00106561
0.00106561 0.00123079
 0.000546426 -5.47457e-05
-5.47457e-05  0.000493066
0.00242361 0.00157013
0.00157013  0.0017156
 0.00239852 -0.00170689
-0.00170689  0.00205621
 0.00165133 -0.00318687
-0.00318687  0.00943551
 0.00550097 -0.00589659
-0.00589659  0.00753623
0.00262272 0.00493507
0.00493507  0.0118934
  0.0076901 -0.00619224
-0.00619224  0.00598238
 0.00480911 -0.00340811
-0.00340811  0.00326539
0.000496335 7.24269e-07
7.24269e-07 0.000534515
  0.0021807 -0.00352219
-0.00352219  0.00798862
0.00374898 0.00523633
0.00523633 0.00887376
 0.00224027 -0.00188973
-0.00188973  0.00257474
0.00292936 0.00480004
0.00480004 0.00988431
0.00146921 -0.0037091
-0.0037091  0.0147282
 0.00098461 -0.00303916
-0.00303916   0.0202651
0.00198484 0.00404609
0.00404609  0.0113657
 0.000828529 -1.49135e-05
-1.49135e-05  0.000453358
0.00433918 0.00397867
0.00397867 0.00458265
 0.00154653 0.000569974
0.000569974 0.000743941
  0.0021145 -0.00390359
-0.00390359  0.00999833
0.00191651 0.00170613
0.00170613 0.00245282
0.00160505 0.00167363
0.00167363 0.00290699
0.00313855 0.00262259
0.00262259 0.00310776
 0.00223364 -0.00472523
-0.00472523   0.0134673
0.00322184  0.0026868
 0.0026868 0.00316763
0.00877863 0.00655342
0.00655342 0.00598336
0.00271892 0.00435857
0.00435857 0.00896988
0.00304113 0.00570539
0.00570539  0.0133681
0.00567258 0.00564736
0.00564736  0.0066489
0.000665982  0.00180264
 0.00180264   0.0217101
 0.00398277 -0.00610408
-0.00610408   0.0113134
 0.00779598 -0.00600557
-0.00600557  0.00558736
 0.00677888 -0.00486034
-0.00486034  0.00435087
0.00346398 0.00352662
0.00352662 0.00463943
 0.0055112 0.00590753
0.00590753 0.00745524
 0.00283805 -0.00305995
-0.00305995  0.00456854
 0.0040747 0.00331259
0.00331259  0.0035283
 0.00550851 -0.00606569
-0.00606569  0.00793542
0.000869718 0.000664016
0.000664016  0.00147109
 0.00159396 -0.00363926
-0.00363926   0.0126323
 0.0023899 0.00386709
0.00386709 0.00835617
 0.000416505 -1.50965e-05
-1.50965e-05  0.000467149
0.00509329 0.00413822
0.00413822 0.00420186
 0.000438004 -6.43907e-05
-6.43907e-05  0.000676335
   0.003087 -0.00390447
-0.00390447  0.00647337
 0.00441982 -0.00581128
-0.00581128  0.00919833
 0.00448081 -0.00437285
-0.00437285  0.00537379
 0.00121711 -0.00359696
-0.00359696     0.01896
0.00207793 0.00174482
0.00174482 0.00233742
0.00224627 0.00514046
0.00514046  0.0157843
 0.00336391 -0.00182277
-0.00182277  0.00170434
 0.000493141 -2.98829e-06
-2.98829e-06  0.000528382
 0.00119042 0.000985037
0.000985037  0.00175192
0.00247995 0.00232005
0.00232005 0.00313619
 0.00258678 -0.00511447
-0.00511447   0.0131387
0.000842693 0.000476435
0.000476435 0.000988527
 0.000425865 -3.71206e-05
-3.71206e-05  0.000587764
 0.00158333 -0.00327474
-0.00327474   0.0104816
0.00147921 0.00143678
0.00143678 0.00247316
