     0.0004 4.89411e-15
4.89411e-15      0.0004
 0.00040904 2.34159e-06
2.34159e-06 0.000410232
 0.000427827 -1.65082e-05
-1.65082e-05  0.000436901
 0.000445295 -1.69629e-05
-1.69629e-05  0.000439734
  0.00043115 -9.76394e-06
-9.76394e-06  0.000455915
 0.000425435 -5.49562e-06
-5.49562e-06  0.000480012
  0.00042683 -2.05191e-06
-2.05191e-06  0.000507382
 0.000431218 -1.28344e-06
-1.28344e-06  0.000541071
 0.000434702 -7.80514e-07
-7.80514e-07   0.00057951
0.000438064 2.83185e-07
2.83185e-07 0.000625222
0.000442473  2.7138e-06
 2.7138e-06 0.000673564
0.000449732  6.8473e-06
 6.8473e-06 0.000728614
0.000459687 1.11631e-05
1.11631e-05 0.000783514
0.000471774 1.44503e-05
1.44503e-05 0.000840005
0.000483166 1.60563e-05
1.60563e-05 0.000903361
0.000495026 1.72695e-05
1.72695e-05 0.000971351
0.000507259 1.88278e-05
1.88278e-05  0.00104473
0.000507498 1.53473e-05
1.53473e-05  0.00112062
0.000504479 1.05359e-05
1.05359e-05  0.00120108
0.000500416 3.48041e-06
3.48041e-06  0.00128612
 0.000497721 -2.53489e-06
-2.53489e-06   0.00137606
 0.000497947 -8.16216e-06
-8.16216e-06   0.00147131
0.000500023 -1.3086e-05
-1.3086e-05  0.00157246
 0.000500528 -1.61862e-05
-1.61862e-05   0.00167852
 0.000496719 -1.62438e-05
-1.62438e-05    0.0017863
 0.000491504 -1.43715e-05
-1.43715e-05    0.0018981
 0.000488896 -1.25943e-05
-1.25943e-05   0.00201494
 0.000489044 -1.34912e-05
-1.34912e-05   0.00213589
 0.000487667 -1.65359e-05
-1.65359e-05   0.00226531
0.000497062 2.27881e-06
2.27881e-06  0.00243102
 0.00050871 3.11195e-07
3.11195e-07   0.0025476
 0.000502047 -8.53555e-06
-8.53555e-06   0.00268821
0.000498628 -1.3007e-05
-1.3007e-05  0.00283982
 0.000499132 -1.81708e-05
-1.81708e-05   0.00299624
 0.000504885 -2.35657e-05
-2.35657e-05   0.00315573
 0.000513468 -2.70608e-05
-2.70608e-05   0.00331824
 0.000520812 -2.80206e-05
-2.80206e-05   0.00348495
 0.000524399 -2.76334e-05
-2.76334e-05    0.0036566
 0.000523362 -2.71281e-05
-2.71281e-05    0.0038334
0.000518874 -2.7686e-05
-2.7686e-05  0.00401588
 0.000515655 -3.09656e-05
-3.09656e-05   0.00420459
 0.000518324 -3.60568e-05
-3.60568e-05   0.00439773
 0.000519499 -3.63446e-05
-3.63446e-05   0.00459295
 0.000520243 -3.59395e-05
-3.59395e-05   0.00479478
 0.000522233 -3.95561e-05
-3.95561e-05   0.00500248
 0.000527678 -4.39436e-05
-4.39436e-05   0.00521352
 0.000530528 -4.50337e-05
-4.50337e-05   0.00542871
0.000534099 -4.6819e-05
-4.6819e-05  0.00564916
  0.00053497 -4.98863e-05
-4.98863e-05   0.00587529
 0.000532749 -5.04304e-05
-5.04304e-05   0.00610606
 0.000537606 -5.14616e-05
-5.14616e-05   0.00633995
 0.000546501 -4.91809e-05
-4.91809e-05   0.00658418
 0.000549728 -5.54107e-05
-5.54107e-05   0.00682406
 0.000549344 -5.77454e-05
-5.77454e-05   0.00707471
 0.000547885 -6.00816e-05
-6.00816e-05   0.00733055
  0.00054579 -6.26273e-05
-6.26273e-05   0.00759115
0.000543913 -6.5044e-05
-6.5044e-05  0.00785597
 0.000542617 -6.72443e-05
-6.72443e-05   0.00812561
 0.000541682 -6.85087e-05
-6.85087e-05   0.00839997
 0.000540825 -6.97012e-05
-6.97012e-05   0.00867868
 0.000539523 -7.19283e-05
-7.19283e-05   0.00896352
 0.000539912 -7.62855e-05
-7.62855e-05   0.00925203
 0.000541212 -7.84845e-05
-7.84845e-05   0.00954417
 0.000541368 -7.98061e-05
-7.98061e-05   0.00984232
 0.000541385 -8.18944e-05
-8.18944e-05    0.0101472
 0.000542159 -8.50816e-05
-8.50816e-05    0.0104558
0.000543895 -8.7866e-05
-8.7866e-05   0.0107678
 0.000545781 -9.05446e-05
-9.05446e-05     0.011085
 0.000546819 -9.34595e-05
-9.34595e-05    0.0114079
 0.000546128 -9.50709e-05
-9.50709e-05    0.0117363
  0.0120643 9.50893e-05
9.50893e-05 0.000544179
  0.0120629 -7.2256e-05
-7.2256e-05 0.000541936
   0.0120618 -0.000237686
-0.000237686  0.000546799
   0.0120632 -0.000403831
-0.000403831  0.000552172
   0.0120635 -0.000570632
-0.000570632  0.000565104
   0.0120635 -0.000737118
-0.000737118  0.000583108
    0.012063 -0.000903784
-0.000903784  0.000606581
  0.0120626 -0.00107089
-0.00107089 0.000634379
  0.0120632  -0.0012375
 -0.0012375 0.000665452
  0.0120641 -0.00140401
-0.00140401 0.000702255
  0.0120652 -0.00157065
-0.00157065 0.000744016
  0.0120664 -0.00173746
-0.00173746 0.000790731
  0.0120675  -0.0019041
 -0.0019041 0.000842309
  0.0120683 -0.00207068
-0.00207068 0.000898551
   0.012069 -0.00223751
-0.00223751 0.000959897
  0.0120692 -0.00240419
-0.00240419  0.00102583
  0.0120693 -0.00257088
-0.00257088  0.00109659
  0.0120696 -0.00273755
-0.00273755  0.00117207
  0.0120698 -0.00290419
-0.00290419  0.00125241
  0.0120699 -0.00307095
-0.00307095  0.00133757
  0.0120696 -0.00323779
-0.00323779  0.00142742
  0.0120694 -0.00340463
-0.00340463  0.00152224
  0.0120693 -0.00357125
-0.00357125    0.001622
  0.0120693 -0.00373789
-0.00373789  0.00172647
  0.0120698 -0.00390455
-0.00390455  0.00183569
  0.0120706 -0.00407129
-0.00407129  0.00194961
 0.0120709 -0.0042385
-0.0042385 0.00206814
  0.0120708 -0.00440553
-0.00440553  0.00219181
 0.0120712 -0.0045717
-0.0045717 0.00232041
   0.012073 -0.00473702
-0.00473702  0.00245582
  0.0120728 -0.00490594
-0.00490594  0.00259214
  0.0120735 -0.00507199
-0.00507199  0.00273591
  0.0120744 -0.00523824
-0.00523824  0.00288376
  0.0120753 -0.00540503
-0.00540503  0.00303643
  0.0120763 -0.00557166
-0.00557166  0.00319345
 0.0120773 -0.0057383
-0.0057383 0.00335502
  0.0120778 -0.00590522
-0.00590522  0.00352169
  0.0120767 -0.00607108
-0.00607108  0.00369395
   0.012077 -0.00623488
-0.00623488  0.00386986
  0.0120795 -0.00640063
-0.00640063  0.00404956
  0.0120802 -0.00656714
-0.00656714  0.00423502
  0.0120799 -0.00673321
-0.00673321  0.00442597
  0.0120795 -0.00689941
-0.00689941  0.00462188
  0.0120792 -0.00706634
-0.00706634  0.00482232
  0.0120805 -0.00723349
-0.00723349   0.0050268
  0.0120829 -0.00739995
-0.00739995  0.00523581
 0.0120836 -0.0075663
-0.0075663 0.00545022
  0.0120833 -0.00773228
-0.00773228  0.00566923
  0.0120823 -0.00789837
-0.00789837  0.00589357
  0.0120819 -0.00806448
-0.00806448  0.00612256
  0.0120818 -0.00823066
-0.00823066  0.00635576
  0.0120809 -0.00839691
-0.00839691  0.00659479
  0.0120797 -0.00856302
-0.00856302  0.00683925
  0.0120786 -0.00872971
-0.00872971  0.00708942
  0.0120791 -0.00889776
-0.00889776  0.00734225
 0.0120806 -0.0090644
-0.0090644 0.00759742
  0.0120824 -0.00923052
-0.00923052  0.00785891
  0.0120847 -0.00939675
-0.00939675  0.00812551
  0.0120872 -0.00956298
-0.00956298  0.00839677
  0.0120895 -0.00972901
-0.00972901  0.00867258
 0.0121008 -0.0098954
-0.0098954 0.00895677
 0.0121009 -0.0100609
-0.0100609 0.00924111
 0.0120986 -0.0102264
-0.0102264 0.00953009
0.0120938 -0.010392
-0.010392 0.0098243
 0.0120884 -0.0105571
-0.0105571  0.0101251
 0.0120863 -0.0107214
-0.0107214  0.0104302
0.0120859 -0.010888
-0.010888 0.0107379
 0.0120848 -0.0110555
-0.0110555   0.011055
 0.0120863 -0.0112174
-0.0112174  0.0113756
 0.0120888 -0.0113842
-0.0113842  0.0116986
0.0120294  0.011552
 0.011552 0.0120903
0.0120278 0.0113878
0.0113878 0.0117616
0.0120272 0.0112233
0.0112233 0.0114367
0.0120269 0.0110577
0.0110577  0.011116
0.0120255 0.0108919
0.0108919 0.0108007
 0.012024 0.0107261
0.0107261 0.0104905
0.0120217 0.0105598
0.0105598 0.0101845
0.0120212 0.0103938
0.0103938 0.0098822
 0.0120206  0.0102288
 0.0102288 0.00958515
 0.0120176  0.0100637
 0.0100637 0.00929457
 0.0120127 0.00989682
0.00989682 0.00901171
 0.0120099 0.00972776
0.00972776 0.00873432
 0.0120112 0.00956233
0.00956233 0.00845262
 0.0120123 0.00939807
0.00939807 0.00817859
 0.0120134  0.0092329
 0.0092329 0.00791039
 0.0120147 0.00906733
0.00906733 0.00764753
0.0120154 0.0089019
0.0089019 0.0073903
 0.0120164  0.0087362
 0.0087362 0.00713761
 0.0120175 0.00857039
0.00857039 0.00688976
 0.0120175 0.00840465
0.00840465 0.00664679
  0.012016 0.00823915
0.00823915 0.00640624
 0.0120129 0.00807446
0.00807446 0.00617126
 0.0120097 0.00791026
0.00791026 0.00594182
 0.0120077 0.00774592
0.00774592 0.00571524
 0.0120072 0.00758126
0.00758126 0.00549376
 0.0120068 0.00741584
0.00741584 0.00527643
 0.0120052 0.00724984
0.00724984 0.00506385
 0.0120029 0.00708389
0.00708389 0.00485599
 0.0119993  0.0069176
 0.0069176 0.00465076
 0.0119961 0.00674971
0.00674971 0.00445805
 0.0119898 0.00658589
0.00658589 0.00425946
 0.0119865 0.00642074
0.00642074 0.00407351
  0.011987 0.00625608
0.00625608 0.00389154
 0.0119868 0.00609005
0.00609005 0.00371388
  0.011985 0.00592369
0.00592369 0.00354083
 0.0119836 0.00575748
0.00575748 0.00337199
 0.0119825 0.00559108
0.00559108 0.00320703
 0.0119811 0.00542439
0.00542439 0.00304701
 0.0119786 0.00525876
0.00525876 0.00289394
 0.0119776 0.00509447
0.00509447 0.00274299
 0.0119758 0.00492788
0.00492788 0.00259774
  0.011974 0.00476244
0.00476244 0.00245849
 0.0119732 0.00459722
0.00459722 0.00232349
 0.0119711 0.00443054
0.00443054 0.00219291
 0.0119705  0.0042635
 0.0042635 0.00206633
 0.0119698 0.00409785
0.00409785 0.00194509
 0.0119677 0.00393208
0.00393208 0.00182904
 0.0119654 0.00376505
0.00376505 0.00171857
 0.0119645   0.003599
  0.003599 0.00161087
  0.011963 0.00343409
0.00343409 0.00151003
 0.0119622 0.00326729
0.00326729 0.00141363
 0.0119627 0.00310069
0.00310069 0.00132055
 0.0119629 0.00293427
0.00293427 0.00123392
 0.0119637 0.00276732
0.00276732 0.00115195
 0.0119655 0.00260045
0.00260045 0.00107515
 0.0119693 0.00243406
0.00243406 0.00100285
 0.0119712 0.00226891
0.00226891 0.00093546
  0.0119697  0.00210504
 0.00210504 0.000872932
   0.011967  0.00194149
 0.00194149 0.000814758
  0.0119648  0.00177785
 0.00177785 0.000761008
  0.0119632  0.00161462
 0.00161462 0.000711579
  0.0119611  0.00145188
 0.00145188 0.000668451
  0.0119565  0.00128193
 0.00128193 0.000630288
  0.0119565  0.00111809
 0.00111809 0.000593893
  0.0119544 0.000954346
0.000954346 0.000565579
  0.0119511 0.000789887
0.000789887 0.000541325
  0.0119473 0.000623743
0.000623743 0.000520933
  0.0119473 0.000455609
0.000455609 0.000509553
  0.0119472 0.000294398
0.000294398 0.000496334
   0.011948 0.000130195
0.000130195 0.000492177
0.000494516 3.37045e-05
3.37045e-05   0.0119474
0.000494925 3.40577e-05
3.40577e-05   0.0116171
0.000497512 3.41444e-05
3.41444e-05   0.0112912
0.000499128 3.48448e-05
3.48448e-05   0.0109713
0.000491672 3.29531e-05
3.29531e-05   0.0106588
0.000491165 2.56487e-05
2.56487e-05    0.010346
0.000492506 2.51952e-05
2.51952e-05   0.0100401
0.000489691 2.38082e-05
2.38082e-05  0.00974078
0.000486188 2.24299e-05
2.24299e-05  0.00944709
0.000484297 2.43782e-05
2.43782e-05  0.00915659
 0.00048689 2.44158e-05
2.44158e-05   0.0088689
0.000488231 2.33718e-05
2.33718e-05   0.0085877
0.000487305 2.26635e-05
2.26635e-05  0.00831224
0.000484036 2.13623e-05
2.13623e-05  0.00804119
0.000481371 1.88052e-05
1.88052e-05  0.00777426
0.000482279 1.66325e-05
1.66325e-05  0.00751132
0.000485293 1.55264e-05
1.55264e-05  0.00725356
0.000487458 1.54093e-05
1.54093e-05   0.0070003
0.000487664  1.5609e-05
 1.5609e-05  0.00675144
0.000484174 1.55455e-05
1.55455e-05  0.00650837
0.000479492  1.3587e-05
 1.3587e-05  0.00627011
 0.00047268 1.43929e-05
1.43929e-05  0.00603503
0.000471168 1.47874e-05
1.47874e-05  0.00580658
0.000472217 1.24792e-05
1.24792e-05  0.00558163
 0.00047081 1.18177e-05
1.18177e-05  0.00536193
0.000467034 1.11493e-05
1.11493e-05  0.00514846
0.000466307 1.24771e-05
1.24771e-05  0.00493735
0.000468183 1.17926e-05
1.17926e-05  0.00473135
0.000465491 1.02563e-05
1.02563e-05  0.00453172
0.000462179 1.00214e-05
1.00214e-05  0.00433705
0.000461215 1.02225e-05
1.02225e-05  0.00414634
0.000460593 9.75495e-06
9.75495e-06  0.00396014
0.000460473 9.49717e-06
9.49717e-06  0.00377832
0.000460601 9.74578e-06
9.74578e-06  0.00360181
0.000458162 6.50878e-06
6.50878e-06  0.00343122
0.000456383 6.54515e-06
6.54515e-06  0.00326319
0.000454525 7.37114e-06
7.37114e-06   0.0031015
0.000452663 7.56868e-06
7.56868e-06  0.00294524
0.000450797 4.08936e-06
4.08936e-06  0.00279321
 0.00044878 5.09357e-06
5.09357e-06  0.00264551
0.000449052 6.05464e-06
6.05464e-06  0.00250351
0.000449643 5.27304e-06
5.27304e-06  0.00236575
0.000449377 4.19048e-06
4.19048e-06  0.00223295
0.000448159 3.59781e-06
3.59781e-06  0.00210489
0.000446152 3.67866e-06
3.67866e-06  0.00198141
0.000444179 3.97262e-06
3.97262e-06  0.00186233
0.000441989 3.48597e-06
3.48597e-06  0.00174742
0.000439318 2.26001e-06
2.26001e-06  0.00163715
0.000437009 1.92235e-06
1.92235e-06  0.00153136
0.000435855 2.63926e-06
2.63926e-06  0.00142979
0.000433969 1.72896e-07
1.72896e-07  0.00133579
0.000434454 7.48574e-07
7.48574e-07  0.00124425
0.000439436 2.14543e-06
2.14543e-06  0.00115803
0.000443357 1.33874e-06
1.33874e-06  0.00107843
0.000444514 8.34895e-09
8.34895e-09  0.00100337
 0.000441703 -1.75913e-06
-1.75913e-06  0.000932361
 0.000435144 -3.20879e-06
-3.20879e-06  0.000866815
 0.000428326 -9.02995e-07
-9.02995e-07  0.000806798
0.000429532 4.23273e-06
4.23273e-06 0.000749551
0.000433528 5.98805e-06
5.98805e-06 0.000695538
0.000429826 4.84486e-06
4.84486e-06 0.000647711
0.000423209 1.44482e-06
1.44482e-06 0.000605891
 0.000422361 -3.66815e-06
-3.66815e-06  0.000567408
0.000425805 -5.5049e-06
-5.5049e-06 0.000531173
 0.000427209 -4.36151e-06
-4.36151e-06  0.000500251
 0.00042659 -3.1501e-06
-3.1501e-06 0.000474682
 0.000425037 -2.34497e-06
-2.34497e-06  0.000453251
 0.000423241 -2.14904e-06
-2.14904e-06   0.00043532
 0.000420844 -2.75437e-06
-2.75437e-06  0.000420985
 0.000416475 -3.29759e-06
-3.29759e-06  0.000410717
