0.00500726 0.00690872
0.00690872  0.0111234
 0.00406303 -0.00603281
-0.00603281   0.0108048
0.000967706 -0.00239706
-0.00239706   0.0131583
0.00173864 -0.0048358
-0.0048358  0.0198302
0.00333687 0.00590659
0.00590659  0.0127786
0.000619001 -0.00111516
-0.00111516   0.0270417
 0.00690088 -0.00745384
-0.00745384  0.00932176
0.000588685  0.00130767
 0.00130767    0.019068
0.000577114  0.00114777
 0.00114777   0.0248464
 0.00294038 -0.00222259
-0.00222259  0.00256559
0.00275777 0.00229559
0.00229559 0.00277912
0.00276883 -0.0047434
-0.0047434  0.0104932
0.000967184 -0.00296395
-0.00296395   0.0195233
 0.00197977 -0.00124618
-0.00124618  0.00154582
0.00223402 0.00229248
0.00229248 0.00343713
 0.00234261 -0.00110494
-0.00110494  0.00117154
0.00116861 0.00283499
0.00283499  0.0126035
 0.000503482 -2.68843e-05
-2.68843e-05  0.000535038
  0.00141512 -0.000944955
-0.000944955   0.00145665
0.000658308 0.000693965
0.000693965   0.0281523
 0.00324122 -0.00279016
-0.00279016  0.00340029
0.00180003 0.00186691
0.00186691 0.00306636
  0.0023274 -0.00399866
-0.00399866  0.00936825
0.00162838 0.00373238
0.00373238  0.0127278
 0.00265217 -0.00408294
-0.00408294  0.00835424
0.000891107  -0.0026759
 -0.0026759   0.0188844
 0.0072438 0.00623296
0.00623296 0.00629031
 0.00608401 -0.00439699
-0.00439699  0.00404627
0.00130365 0.00299681
0.00299681  0.0117644
 0.00123274 -0.00313011
-0.00313011    0.014002
0.000795246 0.000655918
0.000655918  0.00167421
0.000836583 0.000415668
0.000415668 0.000869235
 0.00221351 -0.00367685
-0.00367685  0.00854502
0.00396907 0.00495473
0.00495473   0.007527
0.00396807 0.00632974
0.00632974  0.0120563
0.00576352 0.00566335
0.00566335 0.00656345
 0.00053563 7.66462e-05
7.66462e-05 0.000471305
0.00311431 0.00273977
0.00273977 0.00330826
0.000621772  -0.0010543
 -0.0010543   0.0272723
0.000911357 0.000450045
0.000450045 0.000858966
 0.00578331 -0.00664435
-0.00664435  0.00895527
0.00918974 0.00719138
0.00719138 0.00670084
0.00234588 0.00435164
0.00435164  0.0106732
0.00574236 -0.0063126
-0.0063126 0.00818934
 0.000568111 -5.90073e-05
-5.90073e-05  0.000487499
 0.00423208 -0.00425716
-0.00425716  0.00543437
 0.00343105 -0.00575123
-0.00575123   0.0118771
0.000498467 0.000214439
0.000214439  0.00122667
0.00152334 0.00382263
0.00382263  0.0149398
0.000545714 -0.00077664
-0.00077664   0.0249772
 0.00065704 -0.00149801
-0.00149801   0.0155483
0.00129487  0.0014187
 0.0014187 0.00287269
0.000890435  0.00243579
 0.00243579   0.0155992
0.00151041 0.00373275
0.00373275  0.0141085
 0.00618508 -0.00451688
-0.00451688  0.00417326
 0.00281414 -0.00284464
-0.00284464  0.00405612
0.00792161 0.00676726
0.00676726 0.00676604
0.00267831 0.00227242
0.00227242 0.00279888
 0.00172356 0.000987937
0.000987937  0.00121571
0.00377899  0.0058923
 0.0058923  0.0110438
0.000938666  0.00305517
 0.00305517    0.023283
0.00246294  0.0042593
 0.0042593 0.00968981
 0.000410501 -3.70602e-07
-3.70602e-07  0.000413067
 0.0030824 -0.0060797
-0.0060797  0.0149868
 0.00757635 -0.00537473
-0.00537473  0.00468284
0.00145578 0.00109224
0.00109224 0.00163079
 0.00491934 -0.00491178
-0.00491178  0.00603867
0.000920696  0.00295083
 0.00295083   0.0219677
0.000512151 -0.00041196
-0.00041196   0.0177478
 0.000956582 -0.000891978
-0.000891978   0.00215557
0.00215112 0.00224084
0.00224084 0.00344418
  0.00128797 -0.000443331
-0.000443331  0.000709627
 0.00117469 0.000575419
0.000575419 0.000888649
0.00805274 0.00700034
0.00700034 0.00710882
0.00183945 0.00397563
0.00397563  0.0121868
0.00145478 0.00340407
0.00340407  0.0125668
0.00440806 0.00457449
0.00457449 0.00581398
0.00314077 0.00262531
0.00262531 0.00305711
 0.00200868 -0.00359078
-0.00359078  0.00920776
 0.0029454 -0.0048046
-0.0048046  0.0100176
0.00280885 0.00324927
0.00324927 0.00500223
 0.000588734 -0.000511882
-0.000511882    0.0271104
0.000667501  0.00185128
 0.00185128   0.0207957
 0.00293332 -0.00558705
-0.00558705   0.0134384
0.00329371 0.00586376
0.00586376  0.0127845
 0.00553277 -0.00593909
-0.00593909  0.00758782
0.00500643  0.0057061
 0.0057061 0.00768105
0.00409948 0.00423115
0.00423115 0.00542848
 0.00275354 -0.00243822
-0.00243822  0.00318464
 0.00457984 -0.00508549
-0.00508549  0.00691784
0.00384728  0.0056603
 0.0056603  0.0100078
0.000712568 -0.00186703
-0.00186703   0.0170634
 0.00365528 -0.00647347
-0.00647347   0.0139403
0.000594369  0.00141713
 0.00141713   0.0226803
0.00281299 0.00454263
0.00454263 0.00936247
0.000627603  0.00144871
 0.00144871   0.0169999
0.00372253 0.00585234
0.00585234  0.0110808
 0.00465791 -0.00517741
-0.00517741  0.00702478
 0.00492614 -0.00645943
-0.00645943   0.0100241
0.00170119 0.00120974
0.00120974  0.0016244
0.000420406 1.57721e-05
1.57721e-05 0.000632876
  0.0036028 -0.00300661
-0.00300661  0.00351157
 0.00079789 -0.00212372
-0.00212372   0.0158911
0.00349916 0.00541794
0.00541794  0.0102091
0.00451769 0.00330747
0.00330747 0.00319108
0.00179094 0.00357948
0.00357948  0.0104265
0.00280472 0.00459901
0.00459901  0.0096102
0.00378046 -0.0039758
-0.0039758  0.0053982
0.00569136 0.00693194
0.00693194 0.00977978
0.00223887 0.00440792
0.00440792  0.0115615
 0.00475193 -0.00473223
-0.00473223  0.00584613
0.00144977 0.00431207
0.00431207  0.0206307
0.00141974 0.00317734
0.00317734  0.0115185
 0.0028315 0.00454698
0.00454698 0.00930606
 0.0076361 0.00589637
0.00589637 0.00540539
0.00270775 0.00229476
0.00229476 0.00281445
 0.00302884 -0.00431571
-0.00431571  0.00796146
 0.00445456 -0.00479686
-0.00479686  0.00639982
 0.00255792 -0.00474249
-0.00474249   0.0115003
0.00197442 0.00170062
0.00170062 0.00236305
0.000772675 -0.00199612
-0.00199612   0.0154805
 0.00117911 0.000425984
0.000425984 0.000684581
 0.00286088 -0.00157579
-0.00157579  0.00158015
 0.000504833 -0.000318022
-0.000318022    0.0225251
 0.00163468 0.000454498
0.000454498 0.000629099
 0.00732902 -0.00525584
-0.00525584  0.00464081
0.000582594 -0.00125733
-0.00125733   0.0245439
0.00127911 0.00398398
0.00398398  0.0216601
0.00227606 0.00499418
0.00499418  0.0144723
  0.0026346 -0.00416629
-0.00416629  0.00873756
0.000552898 -0.00104922
-0.00104922   0.0230991
 0.00511243 -0.00427282
-0.00427282  0.00453402
0.00200696 -0.0011718
-0.0011718 0.00140687
0.00073826 0.00220472
0.00220472  0.0210563
 0.00642398 -0.00502994
-0.00502994  0.00485502
 0.00089192 0.000776797
0.000776797  0.00180342
 0.00189587 -0.00487528
-0.00487528   0.0177627
0.000927604 -0.00287914
-0.00287914   0.0202195
 0.00521008 -0.00349618
-0.00349618  0.00317291
 0.00254029 -0.00483576
-0.00483576   0.0120318
0.00419841 -0.0049905
-0.0049905 0.00731338
0.00586636  0.0059158
 0.0059158 0.00699504
0.00734129 0.00653216
0.00653216  0.0067842
0.000610475  0.00145538
 0.00145538   0.0246858
0.00199973 0.00150887
0.00150887 0.00194257
0.00167481 0.00135001
0.00135001 0.00194259
0.00659753 -0.0061918
-0.0061918 0.00687758
  0.0012531 -0.00371041
-0.00371041   0.0190342
  0.0059845 -0.00566441
-0.00566441  0.00642955
0.000703586 0.000429483
0.000429483  0.00111983
0.00118486 0.00112437
0.00112437 0.00217697
0.00281783 0.00513649
0.00513649  0.0117864
 0.00907539 -0.00690798
-0.00690798  0.00626938
 0.00691215 -0.00712492
-0.00712492  0.00854063
  0.00107149 -0.000788305
-0.000788305   0.00150761
0.000500132  0.00013748
 0.00013748   0.0208601
 0.00075729 2.60245e-05
2.60245e-05 0.000438206
0.00335074 0.00562622
0.00562622  0.0115434
0.00190715 0.00478174
0.00478174  0.0167742
0.00692801 0.00625746
0.00625746  0.0066076
 0.00139132 -0.00150972
-0.00150972  0.00306331
0.00122424 0.00117843
0.00117843 0.00225361
0.00548165 0.00402186
0.00402186 0.00372969
 0.000406028 -3.80453e-06
-3.80453e-06  0.000410581
 0.0086377 0.00731533
0.00731533 0.00727836
0.000688968 -0.00181156
-0.00181156   0.0179043
 0.00404435 -0.00395246
-0.00395246  0.00498247
0.00226112 0.00443223
0.00443223  0.0115421
0.000702272 -0.00194238
-0.00194238   0.0264999
0.000993658 0.000711204
0.000711204  0.00135539
0.00261455 0.00237758
0.00237758 0.00309465
0.000997212   0.0025106
  0.0025106   0.0133552
 0.00399811 -0.00632496
-0.00632496   0.0120496
0.000769225  0.00180878
 0.00180878    0.013623
 0.00584613 -0.00485923
-0.00485923  0.00499644
0.00563758 0.00501663
0.00501663 0.00537785
  0.00051461 -0.000559586
-0.000559586      0.02141
 0.00265774 -0.00523729
-0.00523729   0.0133066
0.000933165 0.000130696
0.000130696 0.000471851
 0.0023925 0.00270478
0.00270478 0.00428012
0.000565166  0.00017553
 0.00017553 0.000645838
0.00206255 0.00117338
0.00117338 0.00131159
 0.000560354 -6.09076e-05
-6.09076e-05  0.000501923
0.00262461 0.00172913
0.00172913 0.00184486
 0.00259004 -0.00187925
-0.00187925  0.00221845
 0.00176417 -0.00349789
-0.00349789   0.0103345
0.00599233 -0.0064843
-0.0064843 0.00824875
 0.0028416 0.00543203
0.00543203   0.013043
 0.00839962 -0.00681129
-0.00681129   0.0065346
 0.00523318 -0.00374926
-0.00374926  0.00354745
0.000503398 9.30189e-07
9.30189e-07 0.000548355
 0.00234531 -0.00386834
-0.00386834  0.00874222
0.00408347 0.00576371
0.00576371 0.00971367
 0.00241508 -0.00207986
-0.00207986  0.00278958
0.00317996 0.00528327
0.00528327  0.0108283
 0.00156488 -0.00407058
-0.00407058    0.016157
0.00103313 -0.0033311
-0.0033311  0.0222462
0.00213872 0.00445184
0.00445184  0.0124607
 0.000870641 -1.64708e-05
-1.64708e-05  0.000456957
0.00473061 0.00437994
0.00437994 0.00499873
 0.00166005 0.000627404
0.000627404  0.00077615
 0.00227215 -0.00428621
-0.00428621   0.0109542
0.00206527 0.00187901
0.00187901 0.00265816
0.00172205 0.00184298
0.00184298 0.00315949
0.00341202  0.0028909
 0.0028909  0.0033793
 0.00240291 -0.00518897
-0.00518897   0.0147733
0.00350327 0.00296125
0.00296125 0.00344457
0.00959572 0.00720459
0.00720459 0.00651737
0.00294795 0.00479633
0.00479633 0.00981968
0.00330206 0.00628056
0.00628056  0.0146664
0.00619687 0.00621567
0.00621567 0.00727065
0.000687914   0.0019893
  0.0019893   0.0238284
 0.00432395 -0.00670876
-0.00670876   0.0124037
 0.00851398 -0.00660504
-0.00660504  0.00609917
 0.00739757 -0.00534572
-0.00534572  0.00473978
0.00376896 0.00388355
0.00388355  0.0050627
0.00601903 0.00650153
0.00650153 0.00815698
 0.00306935 -0.00336476
-0.00336476  0.00498174
0.00444029 0.00364807
0.00364807 0.00384045
 0.00600046 -0.00667012
-0.00667012  0.00868831
0.000914178 0.000730726
0.000730726  0.00157772
 0.00170134 -0.00399436
-0.00399436   0.0138535
0.00258528 0.00425473
0.00425473 0.00914373
 0.000418012 -1.67129e-05
-1.67129e-05  0.000473998
0.00555926 0.00455492
0.00455492 0.00457911
0.000441185 -7.1023e-05
-7.1023e-05 0.000704141
 0.00334012 -0.00429057
-0.00429057  0.00707645
 0.0048036 -0.0063877
-0.0063877  0.0100766
 0.00487091 -0.00480728
-0.00480728   0.0058664
  0.0012883 -0.00394613
-0.00394613   0.0208133
0.00224325 0.00192171
0.00192171  0.0025306
0.00242533 0.00565534
0.00565534    0.01732
 0.00365144 -0.00200733
-0.00200733  0.00182983
 0.000500096 -3.30068e-06
-3.30068e-06  0.000541658
0.00126662 0.00108439
0.00108439 0.00188661
0.00268613 0.00255625
0.00255625 0.00341138
 0.00279079 -0.00561813
-0.00561813   0.0144127
0.000885033 0.000524315
0.000524315  0.00104625
0.000428032 -4.0979e-05
-4.0979e-05 0.000606763
 0.00168947 -0.00359385
-0.00359385   0.0114863
0.00158373 0.00158198
0.00158198 0.00268128
