     0.0004 1.76579e-14
1.76579e-14      0.0004
0.000408202 2.12533e-06
2.12533e-06 0.000409259
 0.000425341 -1.50418e-05
-1.50418e-05  0.000433462
 0.000441462 -1.55228e-05
-1.55228e-05   0.00043601
 0.000428486 -8.91637e-06
-8.91637e-06  0.000450708
 0.000423288 -5.01355e-06
-5.01355e-06  0.000472584
0.000424612 -1.8763e-06
-1.8763e-06 0.000497418
 0.000428679 -1.17676e-06
-1.17676e-06  0.000528026
 0.000431936 -7.29006e-07
-7.29006e-07  0.000562976
0.000435079 2.38213e-07
2.38213e-07 0.000604563
  0.0004392 2.46006e-06
2.46006e-06 0.000648539
0.000445975 6.24597e-06
6.24597e-06 0.000698712
0.000455237 1.02296e-05
1.02296e-05 0.000748632
0.000466501 1.32921e-05
1.32921e-05 0.000799897
0.000477255 1.47431e-05
1.47431e-05 0.000857794
0.000488447  1.5815e-05
 1.5815e-05 0.000919926
0.000499939 1.71536e-05
1.71536e-05 0.000986976
0.000500288  1.3814e-05
 1.3814e-05  0.00105651
0.000497581 9.31742e-06
9.31742e-06  0.00112986
0.000493924 2.75351e-06
2.75351e-06   0.0012074
 0.000491601 -2.83381e-06
-2.83381e-06   0.00128946
 0.000491991 -8.03732e-06
-8.03732e-06   0.00137648
0.000494064 -1.2628e-05
-1.2628e-05  0.00146863
 0.000494658 -1.55275e-05
-1.55275e-05   0.00156523
 0.000491272 -1.55518e-05
-1.55518e-05   0.00166349
 0.000486595 -1.39039e-05
-1.39039e-05   0.00176525
 0.000484331 -1.24046e-05
-1.24046e-05   0.00187155
 0.000484629 -1.33288e-05
-1.33288e-05    0.0019816
 0.000483566 -1.61181e-05
-1.61181e-05    0.0020993
 0.00049249 1.09505e-06
1.09505e-06  0.00224969
  0.00050316 -1.23165e-06
-1.23165e-06   0.00235592
0.000497206  -9.373e-06
 -9.373e-06  0.00248374
 0.000494287 -1.35448e-05
-1.35448e-05   0.00262156
 0.000494966 -1.83536e-05
-1.83536e-05   0.00276362
 0.000500436 -2.33092e-05
-2.33092e-05   0.00290846
 0.000508496 -2.64713e-05
-2.64713e-05   0.00305613
 0.000515427 -2.72786e-05
-2.72786e-05    0.0032078
 0.000518924 -2.68896e-05
-2.68896e-05   0.00336406
 0.000518193 -2.64001e-05
-2.64001e-05   0.00352505
 0.000514302 -2.69321e-05
-2.69321e-05   0.00369115
 0.000511575 -3.00519e-05
-3.00519e-05   0.00386268
 0.000514226 -3.46633e-05
-3.46633e-05    0.0040383
 0.000515474 -3.49252e-05
-3.49252e-05   0.00421584
 0.000516338 -3.47432e-05
-3.47432e-05   0.00439931
 0.000518348 -3.82321e-05
-3.82321e-05   0.00458813
0.000523526 -4.2294e-05
-4.2294e-05  0.00478002
 0.000526274 -4.33407e-05
-4.33407e-05    0.0049759
 0.000529694 -4.50725e-05
-4.50725e-05   0.00517651
 0.000530631 -4.79058e-05
-4.79058e-05   0.00538226
  0.00052869 -4.86284e-05
-4.86284e-05   0.00559212
 0.000533239 -4.99265e-05
-4.99265e-05   0.00580511
0.000541504 -4.8246e-05
-4.8246e-05   0.0060273
 0.000544471 -5.41066e-05
-5.41066e-05   0.00624694
 0.000544143 -5.65363e-05
-5.65363e-05   0.00647609
 0.000542825 -5.89332e-05
-5.89332e-05   0.00670951
  0.00054094 -6.13942e-05
-6.13942e-05   0.00694703
 0.000539266 -6.37119e-05
-6.37119e-05   0.00718835
 0.000538116 -6.55904e-05
-6.55904e-05   0.00743396
 0.000537304 -6.69853e-05
-6.69853e-05   0.00768373
 0.000536568 -6.83016e-05
-6.83016e-05   0.00793752
 0.000535428 -7.06714e-05
-7.06714e-05   0.00819673
0.000535833 -7.4698e-05
-7.4698e-05  0.00845915
 0.000537063 -7.69151e-05
-7.69151e-05   0.00872499
 0.000537247 -7.82525e-05
-7.82525e-05   0.00899627
 0.000537304 -8.00796e-05
-8.00796e-05   0.00927343
 0.000538059 -8.28887e-05
-8.28887e-05   0.00955389
 0.000539697 -8.55344e-05
-8.55344e-05   0.00983748
 0.000541472 -8.81647e-05
-8.81647e-05    0.0101258
 0.000542478 -9.11088e-05
-9.11088e-05    0.0104194
 0.000541908 -9.29771e-05
-9.29771e-05     0.010718
   0.011016 9.34873e-05
9.34873e-05 0.000540198
   0.0110149 -5.89881e-05
-5.89881e-05  0.000537867
   0.0110138 -0.000209725
-0.000209725   0.00054203
   0.0110151 -0.000361018
-0.000361018  0.000546654
   0.0110154 -0.000512834
-0.000512834   0.00055816
   0.0110155 -0.000664343
-0.000664343  0.000574284
   0.0110152 -0.000816006
-0.000816006  0.000595389
    0.011015 -0.000968291
-0.000968291  0.000620457
  0.0110153 -0.00112003
-0.00112003 0.000648506
   0.011016 -0.00127144
-0.00127144 0.000681722
   0.011017 -0.00142285
-0.00142285 0.000719413
   0.011018 -0.00157435
-0.00157435 0.000761583
  0.0110191  -0.0017259
 -0.0017259 0.000808228
 0.0110199 -0.0018774
-0.0018774 0.00085912
  0.0110205  -0.0020292
 -0.0020292 0.000914673
  0.0110207 -0.00218095
-0.00218095 0.000974436
  0.0110209 -0.00233275
-0.00233275  0.00103862
  0.0110211 -0.00248447
-0.00248447  0.00110708
  0.0110213 -0.00263623
-0.00263623     0.00118
  0.0110213 -0.00278802
-0.00278802  0.00125727
  0.0110211 -0.00293975
-0.00293975  0.00133873
   0.011021 -0.00309141
-0.00309141  0.00142467
  0.0110209 -0.00324282
-0.00324282  0.00151508
  0.0110212 -0.00339413
-0.00339413  0.00160965
  0.0110216 -0.00354554
-0.00354554  0.00170861
  0.0110223 -0.00369711
-0.00369711  0.00181189
   0.011023 -0.00384894
-0.00384894  0.00191919
  0.0110229 -0.00400065
-0.00400065  0.00203121
  0.0110235 -0.00415143
-0.00415143  0.00214758
  0.0110253 -0.00430176
-0.00430176   0.0022704
  0.0110253 -0.00445469
-0.00445469  0.00239342
   0.011026 -0.00460576
-0.00460576  0.00252388
  0.0110267 -0.00475717
-0.00475717  0.00265823
  0.0110276 -0.00490869
-0.00490869  0.00279658
  0.0110286 -0.00506024
-0.00506024  0.00293905
  0.0110295 -0.00521198
-0.00521198  0.00308585
    0.01103 -0.00536409
-0.00536409   0.0032374
  0.0110287 -0.00551537
-0.00551537  0.00339426
  0.0110289 -0.00566437
-0.00566437  0.00355399
  0.0110314 -0.00581545
-0.00581545  0.00371743
   0.011032 -0.00596726
-0.00596726  0.00388622
  0.0110317 -0.00611858
-0.00611858  0.00405994
  0.0110312 -0.00626994
-0.00626994  0.00423813
   0.011031 -0.00642191
-0.00642191  0.00442027
  0.0110321 -0.00657403
-0.00657403  0.00460613
  0.0110337 -0.00672572
-0.00672572  0.00479654
  0.0110345 -0.00687696
-0.00687696   0.0049912
  0.0110343 -0.00702799
-0.00702799  0.00519021
  0.0110337 -0.00717895
-0.00717895  0.00539368
  0.0110332 -0.00732999
-0.00732999  0.00560172
  0.0110329 -0.00748106
-0.00748106  0.00581361
  0.0110326 -0.00763208
-0.00763208  0.00603019
  0.0110322 -0.00778297
-0.00778297  0.00625156
  0.0110316 -0.00793446
-0.00793446  0.00647848
  0.0110318 -0.00808728
-0.00808728  0.00670827
  0.0110328 -0.00823867
-0.00823867  0.00694002
  0.0110341 -0.00838975
-0.00838975  0.00717771
  0.0110359 -0.00854103
-0.00854103  0.00742026
  0.0110379 -0.00869241
-0.00869241  0.00766722
 0.0110398 -0.0088438
-0.0088438 0.00791869
  0.0110498 -0.00899577
-0.00899577  0.00817824
  0.0110498 -0.00914702
-0.00914702  0.00843799
 0.0110474 -0.0092983
-0.0092983 0.00870211
  0.0110428 -0.00944942
-0.00944942  0.00897068
  0.0110381 -0.00959983
-0.00959983  0.00924434
  0.0110362 -0.00974948
-0.00974948  0.00952217
  0.0110359 -0.00990115
-0.00990115  0.00980217
 0.0110354 -0.0100537
-0.0100537  0.0100905
  0.011037 -0.0102009
-0.0102009  0.0103818
 0.0110397 -0.0103528
-0.0103528  0.0106754
0.0109765 0.0105055
0.0105055 0.0110411
0.0109752 0.0103562
0.0103562 0.0107417
0.0109753 0.0102066
0.0102066 0.0104454
0.0109752 0.0100559
0.0100559 0.0101532
 0.0109742 0.00990509
0.00990509 0.00986598
 0.0109731 0.00975425
0.00975425 0.00958333
 0.0109723 0.00960292
0.00960292 0.00930362
 0.0109724 0.00945179
0.00945179 0.00902785
 0.0109723 0.00930143
0.00930143 0.00875689
 0.0109702  0.0091511
 0.0091511 0.00849155
 0.0109671 0.00899927
0.00899927 0.00823315
 0.0109661 0.00884541
0.00884541 0.00797969
 0.0109665  0.0086947
 0.0086947 0.00772368
 0.0109675 0.00854499
0.00854499 0.00747386
 0.0109695 0.00839451
0.00839451 0.00722901
 0.0109712 0.00824366
0.00824366 0.00698931
 0.0109723 0.00809265
0.00809265  0.0067544
 0.0109732 0.00794147
0.00794147 0.00652399
 0.0109741 0.00778989
0.00778989 0.00629773
 0.0109738 0.00763841
0.00763841 0.00607602
 0.0109713 0.00748751
0.00748751 0.00585744
 0.0109675 0.00733713
0.00733713 0.00564352
 0.0109641 0.00718718
0.00718718 0.00543442
 0.0109613 0.00703776
0.00703776 0.00522899
 0.0109604  0.0068878
 0.0068878 0.00502769
 0.0109595 0.00673705
0.00673705 0.00483005
 0.0109576 0.00658607
0.00658607 0.00463707
 0.0109552 0.00643484
0.00643484 0.00444794
 0.0109515 0.00628389
0.00628389 0.00426199
 0.0109482 0.00613043
0.00613043 0.00408633
 0.0109415 0.00598294
0.00598294 0.00390786
 0.0109381 0.00583268
0.00583268 0.00373893
 0.0109381 0.00568327
0.00568327 0.00357407
 0.0109375 0.00553244
0.00553244 0.00341292
 0.0109355 0.00538129
0.00538129 0.00325591
 0.0109339 0.00523053
0.00523053 0.00310299
 0.0109326 0.00507959
0.00507959 0.00295354
  0.010931 0.00492837
0.00492837 0.00280855
 0.0109285 0.00477807
0.00477807 0.00266979
0.0109276  0.004629
 0.004629 0.0025329
 0.0109258 0.00447769
0.00447769 0.00240109
 0.0109241 0.00432752
0.00432752 0.00227477
 0.0109233 0.00417766
0.00417766 0.00215239
 0.0109215 0.00402634
0.00402634 0.00203389
 0.0109207 0.00387493
0.00387493 0.00191924
   0.01092 0.00372458
0.00372458 0.00180924
  0.010918 0.00357429
0.00357429 0.00170407
  0.010916 0.00342283
0.00342283  0.0016039
  0.010915 0.00327227
0.00327227 0.00150627
 0.0109138 0.00312252
0.00312252 0.00141469
 0.0109131 0.00297131
0.00297131  0.0013273
 0.0109131 0.00282056
0.00282056 0.00124308
 0.0109131 0.00266981
0.00266981 0.00116458
 0.0109135 0.00251857
0.00251857 0.00109028
 0.0109154 0.00236672
0.00236672 0.00102033
  0.0109187  0.00221528
 0.00221528 0.000954478
  0.0109204  0.00206466
 0.00206466 0.000892988
  0.0109189  0.00191468
 0.00191468 0.000835744
  0.0109164  0.00176519
 0.00176519 0.000782571
  0.0109144  0.00161575
 0.00161575 0.000733509
  0.0109131   0.0014664
  0.0014664 0.000688335
  0.0109113  0.00131765
 0.00131765 0.000648986
  0.0109071  0.00116306
 0.00116306 0.000614383
   0.010907  0.00101357
 0.00101357 0.000581271
  0.0109051 0.000864567
0.000864567 0.000555614
  0.0109021 0.000714817
0.000714817 0.000533648
  0.0108987 0.000563591
0.000563591 0.000515223
  0.0108984  0.00041037
 0.00041037 0.000505007
  0.0108987 0.000263526
0.000263526 0.000493102
  0.0108995 0.000113139
0.000113139 0.000489468
0.000491803 3.69249e-05
3.69249e-05   0.0108991
0.000492093 3.74304e-05
3.74304e-05    0.010599
0.000494399 3.76815e-05
3.76815e-05   0.0103029
0.000495847 3.79918e-05
3.79918e-05   0.0100117
0.000488971 3.61582e-05
3.61582e-05  0.00972679
0.000488441 2.96569e-05
2.96569e-05  0.00944273
0.000489618 2.91921e-05
2.91921e-05  0.00916408
 0.00048696 2.78593e-05
2.78593e-05  0.00889138
0.000483691 2.63602e-05
2.63602e-05    0.008624
0.000481918 2.79237e-05
2.79237e-05  0.00835969
0.000484232 2.79646e-05
2.79646e-05  0.00809775
  0.0004854 2.67485e-05
2.67485e-05  0.00784178
0.000484486 2.59252e-05
2.59252e-05  0.00759078
0.000481415 2.44826e-05
2.44826e-05  0.00734385
0.000478885 2.19232e-05
2.19232e-05   0.0071008
 0.00047965 1.96329e-05
1.96329e-05  0.00686145
0.000482363 1.83387e-05
1.83387e-05  0.00662644
0.000484304 1.77468e-05
1.77468e-05  0.00639562
0.000484447 1.75692e-05
1.75692e-05  0.00616895
0.000481262 1.67423e-05
1.67423e-05  0.00594769
0.000476923 1.47596e-05
1.47596e-05  0.00573132
0.000470494 1.54233e-05
1.54233e-05  0.00551815
0.000469035 1.57916e-05
1.57916e-05  0.00531103
0.000469889  1.3496e-05
 1.3496e-05  0.00510693
0.000468513 1.27139e-05
1.27139e-05  0.00490763
0.00046502 1.1956e-05
1.1956e-05  0.0047141
  0.0004643 1.35308e-05
1.35308e-05  0.00452312
0.000465893 1.28071e-05
1.28071e-05  0.00433628
0.000463325 1.10798e-05
1.10798e-05  0.00415495
0.000460214 1.07168e-05
1.07168e-05  0.00397834
0.000459243 1.08371e-05
1.08371e-05  0.00380542
0.000458579 1.02696e-05
1.02696e-05  0.00363639
0.000458375 9.94175e-06
9.94175e-06  0.00347134
0.000458409 9.96977e-06
9.96977e-06  0.00331095
0.000456093 6.93805e-06
6.93805e-06  0.00315589
0.000454357 6.77899e-06
6.77899e-06  0.00300319
0.000452562  7.4252e-06
 7.4252e-06  0.00285636
 0.00045076 7.51832e-06
7.51832e-06  0.00271439
0.000448936 4.30185e-06
4.30185e-06  0.00257628
0.000446996 5.10182e-06
5.10182e-06  0.00244211
0.000447144 5.95424e-06
5.95424e-06  0.00231314
0.000447572 5.18854e-06
5.18854e-06  0.00218795
0.000447225 4.13139e-06
4.13139e-06  0.00206723
 0.00044601 3.53809e-06
3.53809e-06  0.00195079
0.000444073 3.55257e-06
3.55257e-06  0.00183856
0.000442177 3.79587e-06
3.79587e-06   0.0017303
0.000440085 3.38817e-06
3.38817e-06  0.00162592
0.000437546  2.2611e-06
 2.2611e-06  0.00152576
0.000435349 1.93658e-06
1.93658e-06  0.00142962
0.000434213 2.56892e-06
2.56892e-06  0.00133734
0.000432413 3.03514e-07
3.03514e-07  0.00125199
0.000432787 8.40498e-07
8.40498e-07  0.00116888
0.000437229 2.11204e-06
2.11204e-06  0.00109041
 0.00044074 1.36726e-06
1.36726e-06  0.00101797
0.000441736 1.56984e-07
1.56984e-07  0.00094945
 0.000439077 -1.47944e-06
-1.47944e-06  0.000884665
 0.000432949 -2.83566e-06
-2.83566e-06  0.000824779
 0.000426608 -7.59519e-07
-7.59519e-07  0.000770081
0.000427626 3.92549e-06
3.92549e-06 0.000717969
0.000431183 5.52998e-06
5.52998e-06 0.000668763
0.000427682 4.48866e-06
4.48866e-06 0.000625181
0.000421544 1.38755e-06
1.38755e-06 0.000587152
  0.00042069 -3.28944e-06
-3.28944e-06   0.00055217
 0.000423762 -4.98149e-06
-4.98149e-06  0.000519193
 0.000424974 -3.94373e-06
-3.94373e-06  0.000491043
 0.000424339 -2.84291e-06
-2.84291e-06  0.000467799
 0.000422863 -2.11233e-06
-2.11233e-06   0.00044833
 0.000421179 -1.93977e-06
-1.93977e-06  0.000432039
 0.000418958 -2.49921e-06
-2.49921e-06  0.000419016
  0.00041495 -2.99478e-06
-2.99478e-06    0.0004097
