(-2.91652e-14, 7.4159e-15, 0.785399)
(0.10516, 0.105253, 0.785278)
(0.210966, 0.210327, 0.785044)
(0.315686, 0.315518, 0.784995)
(0.420245, 0.420286, 0.785089)
(0.525117, 0.525193, 0.785111)
(0.630179, 0.630071, 0.785042)
(0.735038, 0.734934, 0.785079)
(0.839949, 0.839727, 0.785082)
(0.944761, 0.944557, 0.785124)
(1.04972, 1.04931, 0.785085)
(1.15451, 1.15389, 0.785111)
(1.25925, 1.25891, 0.785183)
(1.36417, 1.36413, 0.78525)
(1.46875, 1.46827, 0.785271)
(1.57334, 1.57245, 0.785293)
(1.67803, 1.67661, 0.785362)
(1.78238, 1.78054, 0.785376)
(1.887, 1.88525, 0.785391)
(1.9917, 1.98985, 0.785358)
(2.09633, 2.09447, 0.78535)
(2.20079, 2.19902, 0.785329)
(2.30562, 2.30382, 0.785359)
(2.41043, 2.40865, 0.78539)
(2.51507, 2.51348, 0.785371)
(2.61998, 2.61835, 0.785385)
(2.72497, 2.72323, 0.785423)
(2.82993, 2.82815, 0.785436)
(2.93488, 2.93321, 0.78542)
(3.04012, 3.03863, 0.785427)
(3.14521, 3.14307, 0.785503)
(3.25018, 3.24804, 0.785471)
(3.35525, 3.35297, 0.785444)
(3.46038, 3.45801, 0.78543)
(3.56544, 3.56313, 0.785412)
(3.67042, 3.66821, 0.785375)
(3.77525, 3.7732, 0.785333)
(3.88003, 3.87808, 0.785299)
(3.98485, 3.98289, 0.785259)
(4.08974, 4.08771, 0.785228)
(4.19478, 4.19266, 0.785229)
(4.29972, 4.29766, 0.7852)
(4.40461, 4.40264, 0.78519)
(4.50961, 4.50761, 0.785211)
(4.61464, 4.61254, 0.785221)
(4.71961, 4.7175, 0.785208)
(4.82439, 4.82239, 0.785209)
(4.92929, 4.92724, 0.785204)
(5.03419, 5.03212, 0.785187)
(5.13912, 5.13707, 0.785217)
(5.24399, 5.24181, 0.785252)
(5.34918, 5.34645, 0.785247)
(5.45324, 5.45088, 0.785296)
(5.55768, 5.55526, 0.785319)
(5.66233, 5.65986, 0.785336)
(5.76707, 5.7646, 0.785337)
(5.8718, 5.86939, 0.785339)
(5.97653, 5.97427, 0.785316)
(6.08141, 6.07914, 0.785332)
(6.18625, 6.18398, 0.785346)
(6.29123, 6.28883, 0.785363)
(6.39618, 6.3938, 0.785355)
(6.50107, 6.49874, 0.78537)
(6.60598, 6.60367, 0.785371)
(6.71097, 6.70871, 0.78535)
(6.81591, 6.81383, 0.785338)
(6.92087, 6.91893, 0.785346)
(7.02588, 7.02401, 0.785358)
(7.13085, 7.12905, 0.785379)
(7.23577, 7.2341, 0.785415)
(7.3407, 7.33926, -0.785333)
(7.44576, 7.23417, -0.785378)
(7.55089, 7.12905, -0.78543)
(7.656, 7.02393, -0.785473)
(7.76102, 6.91886, -0.785499)
(7.86599, 6.81384, -0.785515)
(7.97092, 6.70876, -0.785531)
(8.07596, 6.60354, -0.785584)
(8.18106, 6.49848, -0.785624)
(8.28611, 6.39347, -0.785634)
(8.39114, 6.28844, -0.785632)
(8.49612, 6.18349, -0.785615)
(8.60098, 6.0786, -0.785604)
(8.70589, 5.97366, -0.785602)
(8.81078, 5.86876, -0.785601)
(8.91557, 5.76392, -0.785598)
(9.02034, 5.65912, -0.785593)
(9.12517, 5.55431, -0.785589)
(9.22997, 5.44953, -0.785587)
(9.33481, 5.3447, -0.785584)
(9.43962, 5.23985, -0.785565)
(9.54453, 5.13497, -0.78555)
(9.64954, 5.03003, -0.785541)
(9.75451, 4.92495, -0.785524)
(9.85955, 4.8199, -0.785521)
(9.96461, 4.7148, -0.785531)
(10.0696, 4.60975, -0.785508)
(10.1746, 4.50476, -0.785492)
(10.2797, 4.39959, -0.785483)
(10.3847, 4.29441, -0.785501)
(10.4899, 4.1893, -0.785455)
(10.5949, 4.08427, -0.785465)
(10.6999, 3.97915, -0.785501)
(10.8049, 3.87409, -0.785495)
(10.9098, 3.76911, -0.785496)
(11.0147, 3.66422, -0.785503)
(11.1195, 3.55932, -0.785517)
(11.2242, 3.4547, -0.785525)
(11.3291, 3.34995, -0.785512)
(11.4338, 3.24517, -0.785509)
(11.5385, 3.14051, -0.785506)
(11.6432, 3.03575, -0.785508)
(11.7481, 2.93087, -0.78552)
(11.8529, 2.82595, -0.785518)
(11.9578, 2.72109, -0.785521)
(12.0627, 2.61635, -0.785546)
(12.1676, 2.5114, -0.785539)
(12.2725, 2.40654, -0.785532)
(12.3774, 2.30154, -0.785512)
(12.4824, 2.19653, -0.785522)
(12.5875, 2.09145, -0.785542)
(12.6924, 1.98636, -0.785517)
(12.7973, 1.88126, -0.785483)
(12.9023, 1.77612, -0.785477)
(13.0074, 1.67094, -0.785507)
(13.1125, 1.56592, -0.785521)
(13.2175, 1.46084, -0.785543)
(13.3224, 1.35592, -0.78556)
(13.4272, 1.25111, -0.785574)
(13.5319, 1.14646, -0.785586)
(13.6364, 1.04196, -0.7856)
(13.7408, 0.937552, -0.785601)
(13.8452, 0.833185, -0.785608)
(13.9498, 0.728689, -0.785612)
(14.0545, 0.623973, -0.785595)
(14.1592, 0.519203, -0.785593)
(14.264, 0.414374, -0.785589)
(14.3687, 0.309578, -0.785568)
(14.4736, 0.204823, -0.785546)
(14.5784, 0.0999614, -0.785528)
(14.6833, -0.00484968, -2.35632)
(14.5784, -0.109578, -2.35632)
(14.4735, -0.214286, -2.35634)
(14.3686, -0.319056, -2.35635)
(14.2637, -0.423754, -2.35635)
(14.1588, -0.528506, -2.35636)
(14.0539, -0.633236, -2.35642)
(13.949, -0.738033, -2.35645)
(13.8442, -0.8428, -2.35648)
(13.7394, -0.947473, -2.35652)
(13.6344, -1.05216, -2.35657)
(13.5293, -1.15701, -2.35665)
(13.4246, -1.26201, -2.35664)
(13.3198, -1.36685, -2.35666)
(13.2149, -1.47161, -2.35671)
(13.11, -1.57637, -2.35674)
(13.0053, -1.68095, -2.35677)
(12.9006, -1.78567, -2.35679)
(12.7961, -1.89032, -2.35681)
(12.6916, -1.99486, -2.35681)
(12.5871, -2.09953, -2.35677)
(12.4827, -2.20412, -2.35675)
(12.3782, -2.30874, -2.35674)
(12.2733, -2.41367, -2.35671)
(12.1686, -2.51824, -2.35668)
(12.064, -2.62274, -2.35664)
(11.9591, -2.72756, -2.35662)
(11.8544, -2.83225, -2.35662)
(11.7494, -2.93719, -2.35659)
(11.6448, -3.04215, -2.35663)
(11.5394, -3.14681, -2.35648)
(11.4346, -3.25181, -2.35649)
(11.3296, -3.35672, -2.35645)
(11.2246, -3.46163, -2.35643)
(11.1197, -3.56658, -2.35642)
(11.0146, -3.6715, -2.35638)
(10.9096, -3.7764, -2.35635)
(10.8046, -3.88134, -2.35632)
(10.6995, -3.98641, -2.35631)
(10.5944, -4.09139, -2.3563)
(10.4893, -4.19646, -2.35631)
(10.3842, -4.30162, -2.35632)
(10.279, -4.40666, -2.35631)
(10.1739, -4.51173, -2.35632)
(10.0687, -4.61693, -2.35631)
(9.96349, -4.72205, -2.35631)
(9.8583, -4.8272, -2.35631)
(9.75306, -4.93234, -2.35631)
(9.64783, -5.03755, -2.35632)
(9.54262, -5.1427, -2.35634)
(9.43737, -5.24793, -2.35634)
(9.33221, -5.35314, -2.35631)
(9.22709, -5.45826, -2.35628)
(9.12202, -5.56333, -2.35625)
(9.01697, -5.66828, -2.35628)
(8.91215, -5.77315, -2.35629)
(8.80751, -5.87786, -2.3563)
(8.70317, -5.98228, -2.35632)
(8.59867, -6.08678, -2.35635)
(8.4941, -6.19129, -2.35636)
(8.38952, -6.29577, -2.35641)
(8.28498, -6.40019, -2.35643)
(8.18006, -6.50498, -2.35643)
(8.0754, -6.60965, -2.35645)
(7.9706, -6.71428, -2.35645)
(7.86569, -6.81909, -2.35647)
(7.76067, -6.92404, -2.3565)
(7.65572, -7.02913, -2.35655)
(7.55059, -7.13392, -2.35659)
(7.4456, -7.23878, -2.35671)
(7.34042, -7.34374, 2.35556)
(7.2355, -7.2387, 2.35552)
(7.13059, -7.1336, 2.3555)
(7.02593, -7.02878, 2.35552)
(6.92143, -6.92395, 2.35553)
(6.81652, -6.81882, 2.35551)
(6.71181, -6.71411, 2.35549)
(6.60722, -6.6094, 2.35548)
(6.50252, -6.5046, 2.35549)
(6.39774, -6.39976, 2.35549)
(6.29313, -6.29488, 2.35548)
(6.18839, -6.19011, 2.35549)
(6.08382, -6.08539, 2.3555)
(5.97925, -5.98063, 2.35552)
(5.87462, -5.87583, 2.35554)
(5.76992, -5.77106, 2.35556)
(5.66534, -5.6665, 2.35558)
(5.56076, -5.56189, 2.35563)
(5.45613, -5.45719, 2.35567)
(5.35151, -5.3524, 2.3558)
(5.24651, -5.2475, 2.3558)
(5.14146, -5.14227, 2.35582)
(5.03636, -5.03709, 2.3558)
(4.93128, -4.93205, 2.35582)
(4.82622, -4.82693, 2.35584)
(4.72104, -4.72182, 2.35585)
(4.61574, -4.61634, 2.35575)
(4.51071, -4.51114, 2.35577)
(4.40577, -4.40614, 2.35584)
(4.30065, -4.30106, 2.35585)
(4.19551, -4.19587, 2.35585)
(4.09053, -4.09077, 2.35588)
(3.98554, -3.98567, 2.3559)
(3.88064, -3.88067, 2.35595)
(3.77582, -3.77566, 2.35599)
(3.67086, -3.67074, 2.35603)
(3.56587, -3.5657, 2.35606)
(3.46093, -3.4607, 2.35608)
(3.35598, -3.35569, 2.3561)
(3.25097, -3.25072, 2.35613)
(3.14601, -3.14567, 2.35614)
(3.04108, -3.04067, 2.35616)
(2.93617, -2.93575, 2.35619)
(2.83127, -2.83083, 2.35621)
(2.72633, -2.72589, 2.35624)
(2.62144, -2.62094, 2.35626)
(2.51648, -2.51587, 2.35624)
(2.41151, -2.41081, 2.35625)
(2.30652, -2.30581, 2.35625)
(2.20153, -2.2008, 2.35626)
(2.09639, -2.09576, 2.35626)
(1.99133, -1.9906, 2.35623)
(1.88647, -1.88571, 2.35624)
(1.78159, -1.78085, 2.35624)
(1.67708, -1.67627, 2.35624)
(1.5725, -1.57166, 2.35627)
(1.46804, -1.46728, 2.35628)
(1.36329, -1.36268, 2.3563)
(1.25851, -1.25792, 2.35629)
(1.15386, -1.1532, 2.35629)
(1.04926, -1.04852, 2.35625)
(0.944452, -0.943652, 2.35622)
(0.839534, -0.838791, 2.35622)
(0.734659, -0.734135, 2.35621)
(0.629904, -0.629466, 2.35621)
(0.525031, -0.524682, 2.35617)
(0.420129, -0.419759, 2.35617)
(0.315239, -0.314851, 2.35619)
(0.210292, -0.209996, 2.35619)
(0.105205, -0.105052, 2.35621)
