     0.0004 -9.95991e-15
-9.95991e-15       0.0004
0.000500937 4.37382e-05
4.37382e-05 0.000478577
0.000491741 3.69005e-05
3.69005e-05 0.000476714
0.000486211 3.24058e-05
3.24058e-05 0.000479698
0.000481566 2.88804e-05
2.88804e-05 0.000484643
0.000479094 2.53495e-05
2.53495e-05 0.000492087
0.000477689 2.20585e-05
2.20585e-05 0.000501597
0.000477187 1.90229e-05
1.90229e-05 0.000516262
 0.00047738 1.65198e-05
1.65198e-05 0.000528696
0.000478089 1.43143e-05
1.43143e-05 0.000543584
0.000479182 1.24748e-05
1.24748e-05 0.000560403
0.000480947  1.1324e-05
 1.1324e-05 0.000584816
0.000482947 1.04671e-05
1.04671e-05 0.000611917
0.000484848 9.25773e-06
9.25773e-06 0.000632228
0.000486998 7.83446e-06
7.83446e-06 0.000656096
0.000489122 6.14526e-06
6.14526e-06 0.000683764
0.000491081 4.09889e-06
4.09889e-06 0.000714846
0.000492824 1.63422e-06
1.63422e-06 0.000749146
 0.000494576 -1.11913e-06
-1.11913e-06  0.000786018
0.000496707  -3.924e-06
 -3.924e-06 0.000825422
 0.000499021 -6.15554e-06
-6.15554e-06   0.00086676
  0.00050161 -8.07007e-06
-8.07007e-06  0.000911011
 0.000504318 -1.00594e-05
-1.00594e-05  0.000958067
 0.000506916 -1.23202e-05
-1.23202e-05   0.00100819
 0.000509308 -1.49774e-05
-1.49774e-05   0.00106138
 0.000511312 -1.85288e-05
-1.85288e-05    0.0011174
 0.000513418 -2.24163e-05
-2.24163e-05   0.00117626
 0.000516041 -2.64375e-05
-2.64375e-05   0.00123744
0.000519235 -3.0067e-05
-3.0067e-05  0.00130004
 0.000522447 -3.25846e-05
-3.25846e-05   0.00136488
 0.000525748 -3.45319e-05
-3.45319e-05   0.00143254
 0.000529283 -3.65719e-05
-3.65719e-05   0.00150215
 0.000532652 -3.85223e-05
-3.85223e-05   0.00157598
 0.000536111 -4.08953e-05
-4.08953e-05   0.00165291
 0.000539136 -4.40918e-05
-4.40918e-05    0.0017317
 0.000542455 -4.76224e-05
-4.76224e-05   0.00181334
 0.000546237 -5.12116e-05
-5.12116e-05    0.0018971
 0.000550097 -5.44198e-05
-5.44198e-05   0.00198226
 0.000553304 -5.70643e-05
-5.70643e-05   0.00207149
 0.000555658 -5.98861e-05
-5.98861e-05   0.00216373
 0.000557597 -6.33678e-05
-6.33678e-05   0.00225973
 0.000560344 -6.79491e-05
-6.79491e-05   0.00235896
 0.000564175 -7.27286e-05
-7.27286e-05   0.00245978
 0.000568356 -7.66043e-05
-7.66043e-05    0.0025615
 0.000571827 -7.93303e-05
-7.93303e-05    0.0026662
 0.000574315 -8.13167e-05
-8.13167e-05   0.00277379
 0.000576532 -8.30217e-05
-8.30217e-05   0.00288463
 0.000578205 -8.49469e-05
-8.49469e-05   0.00299834
 0.000580101 -8.70242e-05
-8.70242e-05   0.00311539
 0.000582245 -8.88606e-05
-8.88606e-05   0.00323525
 0.000585083 -9.03329e-05
-9.03329e-05   0.00335783
 0.000588827 -9.17764e-05
-9.17764e-05    0.0034822
 0.000593044 -9.36275e-05
-9.36275e-05   0.00360879
 0.000596799 -9.67757e-05
-9.67757e-05   0.00373685
 0.000600093 -0.000100636
-0.000100636    0.0038685
 0.000603342 -0.000105241
-0.000105241   0.00400361
 0.000607039 -0.000110631
-0.000110631   0.00414009
 0.000611489 -0.000116041
-0.000116041   0.00427985
  0.00061657 -0.000121041
-0.000121041   0.00442388
 0.000621188 -0.000125388
-0.000125388   0.00457012
 0.00062502 -0.00012903
-0.00012903  0.00471968
 0.000627934 -0.000131665
-0.000131665   0.00487176
 0.000630555 -0.000134243
-0.000134243   0.00502641
 0.000633445 -0.000137489
-0.000137489   0.00518446
 0.000636818 -0.000141728
-0.000141728   0.00534597
 0.000640885 -0.000146201
-0.000146201   0.00550901
 0.000645281 -0.000151061
-0.000151061   0.00567576
 0.000649587 -0.000155194
-0.000155194   0.00584488
 0.000653248 -0.000157361
-0.000157361   0.00601294
 0.000657167 -0.000159479
-0.000159479   0.00618748
 0.000661164 -0.000160863
-0.000160863   0.00636654
 0.000665075 -0.000162348
-0.000162348   0.00654532
 0.000669066 -0.000164542
-0.000164542   0.00673015
 0.000673652 -0.000166602
-0.000166602    0.0069197
 0.000677752 -0.000170181
-0.000170181   0.00711045
 0.000683047 -0.000173556
-0.000173556   0.00730378
 0.000689505 -0.000176726
-0.000176726   0.00749804
 0.000696643 -0.000179795
-0.000179795   0.00769317
 0.00070496 -0.00018326
-0.00018326  0.00788585
 0.000713731 -0.000185171
-0.000185171   0.00808826
 0.000722368 -0.000186826
-0.000186826   0.00829434
 0.000730637 -0.000188503
-0.000188503    0.0085042
  0.00073652 -0.000192459
-0.000192459   0.00871263
 0.000741384 -0.000195567
-0.000195567   0.00892809
 0.000744497 -0.000200217
-0.000200217   0.00914515
 0.000746269 -0.000205659
-0.000205659   0.00936764
 0.000746497 -0.000212843
-0.000212843   0.00959268
0.000748228 -0.00022219
-0.00022219  0.00982034
 0.000757221 -0.000239754
-0.000239754    0.0100543
 0.000768205 -0.000250219
-0.000250219    0.0102858
 0.000779115 -0.000257808
-0.000257808    0.0105186
 0.000786708 -0.000262518
-0.000262518    0.0107505
 0.000790675 -0.000265382
-0.000265382    0.0109888
 0.000792614 -0.000267755
-0.000267755    0.0112307
 0.000797128 -0.000275627
-0.000275627    0.0114866
 0.000798634 -0.000276214
-0.000276214    0.0117334
 0.000802094 -0.000277833
-0.000277833    0.0119847
 0.000806964 -0.000280229
-0.000280229    0.0122398
 0.000812536 -0.000283484
-0.000283484     0.012498
 0.000818301 -0.000287697
-0.000287697    0.0127586
  0.0130214 0.000292529
0.000292529 0.000824295
  0.0130276  0.00015792
 0.00015792 0.000822916
  0.0130408 2.08172e-05
2.08172e-05 0.000826792
   0.0130424 -0.000105098
-0.000105098  0.000824637
    0.013048 -0.000241668
-0.000241668  0.000838191
   0.0130415 -0.000365509
-0.000365509  0.000849298
   0.013039  -0.0004897
 -0.0004897 0.000868227
   0.0130398 -0.000605453
-0.000605453  0.000880977
  0.0130494 -0.00071944
-0.00071944 0.000886531
  0.0130666 -0.00083831
-0.00083831 0.000891522
   0.0130885 -0.000963537
-0.000963537  0.000901405
  0.0131103 -0.00108605
-0.00108605 0.000900928
  0.0131356 -0.00122012
-0.00122012 0.000924224
  0.0131718 -0.00135112
-0.00135112 0.000954101
   0.013208  -0.0014677
 -0.0014677 0.000988084
  0.0132923 -0.00153653
-0.00153653  0.00104472
  0.0132523 -0.00169175
-0.00169175  0.00107132
   0.013152 -0.00182409
-0.00182409  0.00110608
  0.0131166 -0.00194987
-0.00194987  0.00114463
  0.0131155 -0.00207686
-0.00207686  0.00118816
  0.0131186 -0.00220182
-0.00220182  0.00123419
  0.0131255 -0.00232649
-0.00232649  0.00128169
  0.0131341 -0.00245286
-0.00245286  0.00133024
  0.0131408 -0.00258219
-0.00258219  0.00138038
  0.0131421 -0.00271353
-0.00271353  0.00143313
  0.0131402 -0.00284599
-0.00284599  0.00148976
  0.0131354 -0.00297747
-0.00297747  0.00155053
  0.0131284 -0.00310607
-0.00310607  0.00161465
  0.0131203 -0.00323096
-0.00323096  0.00170465
  0.0131173 -0.00335729
-0.00335729  0.00177428
  0.0131155 -0.00348291
-0.00348291  0.00184608
   0.013114 -0.00360883
-0.00360883  0.00191884
  0.0131123 -0.00373535
-0.00373535  0.00199338
   0.013111 -0.00386193
-0.00386193  0.00207137
  0.0131104 -0.00398814
-0.00398814  0.00215372
  0.0131105 -0.00411285
-0.00411285  0.00223687
  0.0131117 -0.00423769
-0.00423769  0.00232547
 0.0131138 -0.0043618
-0.0043618 0.00241604
  0.0131168 -0.00448567
-0.00448567  0.00250845
  0.0131208 -0.00460944
-0.00460944  0.00260476
  0.0131248 -0.00473417
-0.00473417  0.00270291
 0.0131288 -0.0048588
-0.0048588 0.00280573
 0.0131319 -0.0049842
-0.0049842 0.00291039
  0.0131344 -0.00510973
-0.00510973  0.00301831
  0.0131366 -0.00523539
-0.00523539   0.0031294
   0.013138 -0.00535731
-0.00535731  0.00323307
  0.0131407 -0.00548239
-0.00548239  0.00334651
  0.0131439 -0.00560784
-0.00560784  0.00346424
  0.0131476 -0.00573342
-0.00573342  0.00358482
  0.0131517 -0.00585916
-0.00585916  0.00370902
  0.0131556 -0.00598508
-0.00598508  0.00383654
  0.0131578 -0.00610959
-0.00610959  0.00396205
  0.0131593 -0.00623523
-0.00623523  0.00409357
  0.0131602 -0.00635901
-0.00635901   0.0042266
  0.0131627 -0.00648275
-0.00648275  0.00436461
  0.0131668 -0.00660567
-0.00660567  0.00450642
  0.0131721 -0.00672903
-0.00672903   0.0046504
 0.0131767 -0.0068535
-0.0068535 0.00479664
  0.0131788 -0.00698084
-0.00698084  0.00494188
  0.0131796 -0.00710861
-0.00710861  0.00508341
    0.01318 -0.00723692
-0.00723692  0.00523157
  0.0131807 -0.00736414
-0.00736414  0.00538486
   0.013182 -0.00749072
-0.00749072  0.00554118
  0.0131846 -0.00761651
-0.00761651  0.00570506
   0.013188 -0.00774234
-0.00774234  0.00586373
  0.0131927 -0.00786638
-0.00786638  0.00603213
  0.0131977 -0.00799151
-0.00799151  0.00619894
  0.0132026 -0.00811709
-0.00811709  0.00637142
  0.0132065 -0.00824366
-0.00824366  0.00654236
  0.0132098 -0.00837086
-0.00837086  0.00671566
  0.0132124 -0.00850011
-0.00850011   0.0068874
  0.0132155 -0.00862928
-0.00862928  0.00706252
  0.0132196 -0.00875615
-0.00875615  0.00724395
  0.0132231 -0.00888414
-0.00888414  0.00743086
  0.0132252 -0.00901247
-0.00901247  0.00762119
  0.0132255 -0.00913924
-0.00913924  0.00781045
  0.0132253 -0.00926637
-0.00926637  0.00800291
 0.0132249 -0.0093948
-0.0093948 0.00819502
  0.0132253 -0.00952142
-0.00952142  0.00839251
  0.0132264 -0.00964686
-0.00964686  0.00859226
   0.013229 -0.00977151
-0.00977151  0.00879801
  0.0132318 -0.00989953
-0.00989953  0.00899693
  0.013236 -0.0100274
-0.0100274  0.0091999
 0.0132398 -0.0101552
-0.0101552  0.0094115
 0.0132436  -0.010283
 -0.010283 0.00962216
 0.0132462 -0.0104103
-0.0104103 0.00983642
 0.0132475 -0.0105377
-0.0105377   0.010052
 0.0132474 -0.0106654
-0.0106654  0.0102709
  0.013248 -0.0107926
-0.0107926  0.0104949
 0.0132486 -0.0109207
-0.0109207  0.0107229
 0.0132502 -0.0110485
-0.0110485  0.0109498
 0.0132516 -0.0111757
-0.0111757  0.0111791
 0.0132516 -0.0113026
-0.0113026   0.011411
 0.0132511 -0.0114291
-0.0114291  0.0116461
 0.0132504 -0.0115555
-0.0115555  0.0118844
   0.01325 -0.0116819
-0.0116819  0.0121259
 0.0132498 -0.0118084
-0.0118084  0.0123721
 0.0132508 -0.0119345
-0.0119345  0.0126222
 0.0132517 -0.0120623
-0.0120623  0.0128715
 0.0132526 -0.0121898
-0.0121898  0.0131251
0.0133794 0.0123187
0.0123187 0.0132537
0.0133775 0.0121919
0.0121919 0.0129988
0.0133744 0.0120654
0.0120654 0.0127458
0.0133713 0.0119391
0.0119391 0.0124949
0.0133685 0.0118127
0.0118127 0.0122474
0.0133677 0.0116862
0.0116862 0.0120031
 0.013367 0.0115602
0.0115602 0.0117613
0.0133672 0.0114342
0.0114342 0.0115219
0.0133675 0.0113076
0.0113076 0.0112852
0.0133677 0.0111807
0.0111807 0.0110474
0.0133672 0.0110533
0.0110533 0.0108163
 0.013367 0.0109258
0.0109258 0.0105887
0.0133678 0.0107969
0.0107969 0.0103659
0.0133677 0.0106702
0.0106702 0.0101406
 0.0133685   0.010541
  0.010541 0.00992202
0.0133676 0.0104133
0.0104133 0.0097052
 0.0133659  0.0102863
 0.0102863 0.00948945
 0.0133635  0.0101594
 0.0101594 0.00927645
 0.0133606  0.0100324
 0.0100324 0.00906619
 0.0133577 0.00990558
0.00990558 0.00885863
  0.013355 0.00977892
0.00977892 0.00865375
 0.0133526 0.00965236
0.00965236 0.00845153
 0.0133506 0.00952599
0.00952599 0.00825084
 0.0133489 0.00939968
0.00939968 0.00805268
 0.0133474 0.00927283
0.00927283 0.00785973
 0.0133459 0.00914647
0.00914647  0.0076676
 0.0133442 0.00901975
0.00901975 0.00748127
 0.0133422 0.00889355
0.00889355 0.00729459
 0.0133398  0.0087674
 0.0087674 0.00711055
 0.0133372 0.00864109
0.00864109 0.00693062
 0.0133346 0.00851478
0.00851478 0.00675263
 0.0133323 0.00838839
0.00838839 0.00657759
 0.0133303 0.00826224
0.00826224 0.00640537
 0.0133289 0.00813587
0.00813587 0.00623344
 0.0133278 0.00800961
0.00800961 0.00606555
 0.0133273 0.00788342
0.00788342 0.00589985
  0.013327 0.00775727
0.00775727 0.00573712
 0.0133263 0.00763112
0.00763112 0.00557735
 0.0133248 0.00750501
0.00750501 0.00542053
 0.0133223 0.00737916
0.00737916 0.00526705
 0.0133194  0.0072531
 0.0072531 0.00511621
 0.0133167 0.00712707
0.00712707 0.00496892
 0.0133145  0.0070007
 0.0070007 0.00482401
 0.0133131 0.00687402
0.00687402 0.00468105
 0.0133123 0.00674737
0.00674737 0.00454049
 0.0133118 0.00662112
0.00662112 0.00440273
 0.0133111 0.00649514
0.00649514 0.00426782
 0.0133097 0.00637095
0.00637095 0.00412718
 0.0133075 0.00624648
0.00624648 0.00399239
 0.0133048 0.00612108
0.00612108 0.00386518
 0.0133018 0.00599581
0.00599581 0.00374116
 0.0132993 0.00587125
0.00587125 0.00362155
0.0132977 0.0057461
0.0057461 0.0035031
 0.0132976 0.00562086
0.00562086 0.00338586
 0.0132989 0.00549392
0.00549392 0.00325833
 0.0133024  0.0053676
 0.0053676 0.00314442
 0.0133074 0.00524138
0.00524138 0.00303334
 0.0133124 0.00511542
0.00511542 0.00292492
 0.0133136  0.0049901
 0.0049901 0.00280789
 0.0133112 0.00486489
0.00486489 0.00270459
 0.0133054 0.00474162
0.00474162 0.00260642
 0.0132935 0.00461662
0.00461662 0.00251004
 0.0132813 0.00449348
0.00449348 0.00242096
 0.0132683 0.00436615
0.00436615 0.00232884
 0.0132583 0.00423735
0.00423735 0.00223974
 0.0132522 0.00410621
0.00410621 0.00215225
 0.0132516 0.00397673
0.00397673 0.00207456
 0.0132534 0.00384851
0.00384851 0.00198995
 0.0132538 0.00372271
0.00372271 0.00190735
 0.0132515 0.00359803
0.00359803 0.00182749
  0.013247 0.00347461
0.00347461 0.00174758
 0.0132412  0.0033538
 0.0033538 0.00168465
 0.0132352 0.00322809
0.00322809 0.00161338
 0.0132284 0.00310101
0.00310101 0.00154576
 0.0132208 0.00297244
0.00297244 0.00148069
  0.013214 0.00284401
0.00284401 0.00142048
  0.013208 0.00271609
0.00271609 0.00136183
 0.0132025 0.00258902
0.00258902 0.00130318
 0.0131991 0.00246343
0.00246343 0.00124603
 0.0131977 0.00233653
0.00233653 0.00119172
 0.0131965   0.002208
  0.002208 0.00114168
 0.0131937 0.00207865
0.00207865 0.00109609
 0.0131886 0.00194931
0.00194931 0.00105386
 0.0131812 0.00182201
0.00182201 0.00101743
  0.0131743  0.00169463
 0.00169463 0.000981648
  0.0131688  0.00156799
 0.00156799 0.000948735
  0.0131661  0.00144267
 0.00144267 0.000920513
  0.0131632  0.00131377
 0.00131377 0.000890566
  0.0131607   0.0011841
  0.0011841 0.000864289
 0.0131577 0.00105497
0.00105497 0.00084296
  0.0131531 0.000923906
0.000923906 0.000822995
  0.0131507 0.000794285
0.000794285 0.000806917
  0.0131482 0.000665092
0.000665092 0.000793929
  0.0131459 0.000536324
0.000536324 0.000783945
  0.0131438 0.000408013
0.000408013   0.0007769
  0.0131423 0.000280198
0.000280198  0.00077289
 0.0131395  0.0001524
 0.0001524 0.00077271
  0.0131385 2.62117e-05
2.62117e-05 0.000776688
   0.0131384 -0.000101648
-0.000101648   0.00078428
   0.0131383 -0.000229969
-0.000229969  0.000797204
 0.00081569 0.000359212
0.000359212   0.0131385
  0.0008186 0.000352804
0.000352804   0.0128767
0.000814219 0.000348278
0.000348278    0.012615
0.000806402 0.000341805
0.000341805   0.0123591
0.000794909 0.000335901
0.000335901   0.0121064
0.00078299 0.00033103
0.00033103  0.0118568
0.000773555 0.000327367
0.000327367   0.0116103
0.000768247  0.00032492
 0.00032492   0.0113679
0.000767232 0.000323258
0.000323258   0.0111223
0.000768359 0.000320759
0.000320759   0.0108838
0.000766822 0.000317212
0.000317212   0.0106491
0.000759183 0.000311964
0.000311964   0.0104176
0.000745827 0.000302917
0.000302917   0.0101865
0.000732471 0.000292567
0.000292567  0.00995611
0.000723009 0.000281682
0.000281682  0.00972898
0.000718002 0.000272195
0.000272195  0.00950943
0.000714931 0.000264664
0.000264664  0.00928414
0.000713837 0.000255815
0.000255815  0.00907116
0.000710814 0.000251381
0.000251381  0.00885242
0.000707739 0.000247086
0.000247086  0.00863906
0.000704083  0.00024352
 0.00024352  0.00842835
0.000699942   0.0002409
  0.0002409  0.00821904
0.000696319 0.000237832
0.000237832  0.00801302
0.000693525  0.00023358
 0.00023358  0.00781105
0.000689964 0.000229159
0.000229159  0.00761195
0.000685334 0.000224845
0.000224845  0.00741567
0.000680017 0.000220718
0.000220718  0.00722216
0.000673369 0.000219787
0.000219787  0.00703857
 0.0006678 0.00021564
0.00021564 0.00685018
0.000661585 0.000210777
0.000210777  0.00666464
0.000654821 0.000205317
0.000205317  0.00648148
0.000647995 0.000199519
0.000199519  0.00630076
0.000643041 0.000192865
0.000192865   0.0061232
0.000639299 0.000186561
0.000186561  0.00594771
0.000636789 0.000180668
0.000180668  0.00577782
0.000634409 0.000175235
0.000175235  0.00560846
0.000630594 0.000172255
0.000172255  0.00544211
 0.00062723 0.000168687
0.000168687  0.00527835
0.000623263 0.000165852
0.000165852  0.00511695
0.000619716 0.000162635
0.000162635  0.00495883
0.000616736 0.000159767
0.000159767  0.00480577
0.000614123 0.000156729
0.000156729  0.00465477
0.000612109 0.000154005
0.000154005  0.00450677
 0.00060942 0.000150025
0.000150025  0.00435872
0.000605182  0.00014438
 0.00014438  0.00421347
 0.00060031 0.000138034
0.000138034  0.00407098
0.000595895 0.000132032
0.000132032  0.00393291
0.000592172 0.000126357
0.000126357  0.00379741
 0.00058872 0.000121361
0.000121361  0.00366463
0.000585609 0.000116669
0.000116669  0.00353524
0.000582512 0.000112314
0.000112314  0.00340919
0.000579401 0.000108263
0.000108263  0.00328636
0.000576286 0.000104607
0.000104607  0.00316591
0.000573303 0.000100943
0.000100943  0.00304715
0.000570244 9.72854e-05
9.72854e-05   0.0029312
0.000567278 9.33324e-05
9.33324e-05  0.00281788
0.000564139 8.94394e-05
8.94394e-05  0.00270705
0.000561021 8.53931e-05
8.53931e-05  0.00260042
0.000557687 8.16233e-05
8.16233e-05  0.00249554
0.000554205 7.81961e-05
7.81961e-05  0.00239467
0.000550607 7.53103e-05
7.53103e-05  0.00229537
0.000547471 7.22094e-05
7.22094e-05  0.00220008
0.000544697 6.91609e-05
6.91609e-05  0.00210816
0.000542388 6.57979e-05
6.57979e-05  0.00201693
0.000540593 6.21857e-05
6.21857e-05   0.0019273
0.000539172 5.85657e-05
5.85657e-05  0.00183889
0.000538336 5.44424e-05
5.44424e-05  0.00175431
0.000537692 5.02924e-05
5.02924e-05  0.00167288
0.000537467 4.58953e-05
4.58953e-05  0.00159509
0.000536356 4.20219e-05
4.20219e-05  0.00151924
0.000534761 3.81019e-05
3.81019e-05  0.00144763
0.000532515 3.43551e-05
3.43551e-05  0.00137865
0.000529237 3.11261e-05
3.11261e-05  0.00131216
0.000525454 2.86555e-05
2.86555e-05  0.00124891
0.000521015 2.61165e-05
2.61165e-05  0.00118784
0.000516732 2.37624e-05
2.37624e-05  0.00112995
0.000512216  2.0842e-05
 2.0842e-05  0.00107508
0.000506772  1.8312e-05
 1.8312e-05  0.00102207
0.000502795 1.52292e-05
1.52292e-05 0.000973173
 0.00049948 1.25968e-05
1.25968e-05 0.000926476
 0.00049697 1.02138e-05
1.02138e-05 0.000880821
0.000495025  7.6176e-06
 7.6176e-06 0.000836986
0.000493023 4.58452e-06
4.58452e-06 0.000795386
0.000490678 1.55517e-06
1.55517e-06 0.000758246
 0.000487827 -1.20446e-06
-1.20446e-06  0.000724706
 0.000484728 -3.34771e-06
-3.34771e-06  0.000694225
0.000481838 -4.9965e-06
-4.9965e-06 0.000667092
 0.000479352 -6.07017e-06
-6.07017e-06  0.000642778
 0.000477347 -6.55442e-06
-6.55442e-06  0.000621306
 0.000475669 -6.91719e-06
-6.91719e-06   0.00060092
 0.000474443 -6.44577e-06
-6.44577e-06  0.000585306
0.000473532  -7.134e-06
 -7.134e-06 0.000554771
 0.000471884 -8.28711e-06
-8.28711e-06  0.000540235
0.000469307 -1.1519e-05
-1.1519e-05 0.000523629
 0.000466813 -1.44922e-05
-1.44922e-05  0.000513667
 0.000464765 -1.83231e-05
-1.83231e-05  0.000505971
 0.000463803 -2.27126e-05
-2.27126e-05  0.000500246
 0.000464726 -2.81945e-05
-2.81945e-05  0.000495206
 0.000467658 -3.37566e-05
-3.37566e-05  0.000495919
 0.000473078 -4.10672e-05
-4.10672e-05  0.000500792
