      0.0004 -6.81116e-15
-6.81116e-15       0.0004
0.000443623 9.51803e-06
9.51803e-06 0.000439677
0.000443271 9.66336e-06
9.66336e-06 0.000442995
0.000442026 8.52841e-06
8.52841e-06 0.000447501
0.000439239 6.93125e-06
6.93125e-06  0.00045332
 0.00043814 5.84545e-06
5.84545e-06 0.000461935
0.000437148 4.77506e-06
4.77506e-06 0.000472679
0.000435934 3.67425e-06
3.67425e-06 0.000486453
0.000434806 2.61056e-06
2.61056e-06 0.000500859
0.000434303  1.8251e-06
 1.8251e-06 0.000517773
0.000433728 1.19934e-06
1.19934e-06 0.000536728
0.000433652 4.16767e-07
4.16767e-07 0.000559772
 0.000433843 -2.44533e-07
-2.44533e-07  0.000585226
0.000433625 -5.1102e-07
-5.1102e-07 0.000610019
 0.000433204 -8.23712e-07
-8.23712e-07  0.000637061
 0.000433033 -1.17631e-06
-1.17631e-06  0.000666885
 0.000432688 -1.69242e-06
-1.69242e-06  0.000699222
 0.000432387 -2.32445e-06
-2.32445e-06  0.000734144
 0.000432141 -3.08167e-06
-3.08167e-06  0.000771365
 0.000432225 -3.81911e-06
-3.81911e-06  0.000811103
 0.000432287 -4.28965e-06
-4.28965e-06   0.00085253
  0.00043244 -4.55812e-06
-4.55812e-06  0.000896327
  0.00043253 -4.84427e-06
-4.84427e-06  0.000942437
 0.000432558 -5.23054e-06
-5.23054e-06  0.000990999
   0.0004327 -5.67847e-06
-5.67847e-06    0.0010424
 0.000432444 -6.64877e-06
-6.64877e-06   0.00109605
 0.000432287 -7.73016e-06
-7.73016e-06   0.00115199
 0.000432386 -8.87693e-06
-8.87693e-06   0.00121005
 0.000432755 -9.93678e-06
-9.93678e-06   0.00126995
 0.000433197 -1.03901e-05
-1.03901e-05   0.00133196
 0.000433659 -1.05377e-05
-1.05377e-05   0.00139635
 0.000434137 -1.06794e-05
-1.06794e-05   0.00146272
 0.000434495 -1.07756e-05
-1.07756e-05    0.0015321
 0.000435148 -1.10648e-05
-1.10648e-05   0.00160421
0.000435133 -1.1774e-05
-1.1774e-05  0.00167794
 0.000435393 -1.25921e-05
-1.25921e-05   0.00175409
 0.000435863 -1.34011e-05
-1.34011e-05   0.00183226
 0.000436158 -1.40255e-05
-1.40255e-05   0.00191192
 0.000436614 -1.44323e-05
-1.44323e-05   0.00199487
 0.000436671 -1.47711e-05
-1.47711e-05   0.00208019
 0.000436609 -1.54245e-05
-1.54245e-05   0.00216841
 0.000436854 -1.68069e-05
-1.68069e-05   0.00225918
 0.000437287 -1.80777e-05
-1.80777e-05    0.0023514
 0.000437766 -1.89353e-05
-1.89353e-05   0.00244508
 0.000438449 -1.95182e-05
-1.95182e-05   0.00254163
 0.000438802 -1.98206e-05
-1.98206e-05   0.00264065
 0.000439279 -2.01921e-05
-2.01921e-05   0.00274257
 0.000438859 -2.02266e-05
-2.02266e-05   0.00284626
 0.000438511 -2.02639e-05
-2.02639e-05   0.00295262
  0.00043815 -2.02191e-05
-2.02191e-05   0.00306118
 0.000438071 -2.00092e-05
-2.00092e-05   0.00317201
 0.000438466 -1.97036e-05
-1.97036e-05   0.00328491
 0.000439044 -1.97312e-05
-1.97312e-05   0.00339973
 0.000439276 -2.02953e-05
-2.02953e-05   0.00351621
 0.000439425 -2.11494e-05
-2.11494e-05   0.00363552
 0.000439715 -2.23509e-05
-2.23509e-05   0.00375764
 0.000439762 -2.37956e-05
-2.37956e-05   0.00388126
0.000440003 -2.5203e-05
-2.5203e-05  0.00400728
 0.000440756 -2.65299e-05
-2.65299e-05   0.00413652
 0.000441156 -2.74297e-05
-2.74297e-05   0.00426767
 0.000441577 -2.79735e-05
-2.79735e-05    0.0044016
 0.000441839 -2.82717e-05
-2.82717e-05   0.00453792
 0.000441716 -2.83908e-05
-2.83908e-05   0.00467625
 0.000441645 -2.87311e-05
-2.87311e-05   0.00481713
 0.000441696 -2.94374e-05
-2.94374e-05   0.00496055
 0.000441973 -3.01004e-05
-3.01004e-05   0.00510587
 0.000442386 -3.10201e-05
-3.10201e-05    0.0052537
 0.000442852 -3.16776e-05
-3.16776e-05   0.00540374
 0.000443002 -3.16568e-05
-3.16568e-05   0.00555489
 0.000443714 -3.16852e-05
-3.16852e-05   0.00570989
 0.000444632 -3.11093e-05
-3.11093e-05   0.00586795
0.000444618 -3.0692e-05
-3.0692e-05  0.00602662
 0.000444777 -3.06082e-05
-3.06082e-05   0.00618888
 0.000445342 -3.06987e-05
-3.06987e-05   0.00635427
 0.000445467 -3.12785e-05
-3.12785e-05   0.00652133
 0.000446349 -3.19596e-05
-3.19596e-05   0.00669092
 0.000447735 -3.26908e-05
-3.26908e-05   0.00686224
 0.000448968 -3.32636e-05
-3.32636e-05   0.00703494
 0.000449929 -3.41181e-05
-3.41181e-05   0.00720803
 0.000451177 -3.43434e-05
-3.43434e-05   0.00738569
 0.000452163 -3.45103e-05
-3.45103e-05   0.00756599
 0.000453717 -3.43967e-05
-3.43967e-05   0.00774932
 0.000453351 -3.51688e-05
-3.51688e-05   0.00793281
 0.00045321 -3.5578e-05
-3.5578e-05  0.00812041
 0.000452815 -3.65846e-05
-3.65846e-05   0.00830978
 0.000452553 -3.72472e-05
-3.72472e-05   0.00850343
 0.000451012 -3.87533e-05
-3.87533e-05   0.00869893
 0.000449913 -4.12341e-05
-4.12341e-05   0.00889674
 0.000452408 -4.69796e-05
-4.69796e-05   0.00909828
 0.000454556 -4.98412e-05
-4.98412e-05   0.00929861
 0.000456928 -5.13302e-05
-5.13302e-05   0.00950064
 0.000457605 -5.16981e-05
-5.16981e-05   0.00970332
  0.00045835 -5.14377e-05
-5.14377e-05    0.0099105
 0.000458585 -5.09802e-05
-5.09802e-05    0.0101206
 0.000462029 -5.27479e-05
-5.27479e-05    0.0103373
 0.000461561 -5.14752e-05
-5.14752e-05    0.0105521
0.000461227  -5.031e-05
 -5.031e-05   0.0107694
 0.000461115 -4.94409e-05
-4.94409e-05    0.0109894
 0.000461111 -4.89393e-05
-4.89393e-05    0.0112118
 0.000461129 -4.88185e-05
-4.88185e-05    0.0114365
  0.0116634 4.89708e-05
4.89708e-05  0.00046113
   0.0116655 -6.61065e-05
-6.61065e-05  0.000462896
   0.0116691 -0.000180821
-0.000180821  0.000467787
   0.0116684 -0.000293293
-0.000293293  0.000471149
    0.011668 -0.000407765
-0.000407765  0.000480054
  0.0116654 -0.00051967
-0.00051967 0.000489307
   0.0116631 -0.000632366
-0.000632366  0.000503983
   0.0116613 -0.000743435
-0.000743435  0.000521314
   0.0116616 -0.000853019
-0.000853019  0.000540118
   0.0116647 -0.000962553
-0.000962553  0.000559462
   0.011671 -0.00107254
-0.00107254 0.000580601
  0.0116749 -0.00118348
-0.00118348 0.000598435
  0.0116812  -0.0012963
 -0.0012963 0.000624802
  0.0116853 -0.00141069
-0.00141069 0.000654644
  0.0116909 -0.00152096
-0.00152096 0.000689185
   0.011688 -0.00162997
-0.00162997 0.000727539
  0.0116823 -0.00174496
-0.00174496 0.000763412
  0.0116678 -0.00185793
-0.00185793 0.000800829
  0.0116555 -0.00196866
-0.00196866  0.00083954
  0.0116539 -0.00208009
-0.00208009 0.000881904
  0.0116531 -0.00219094
-0.00219094 0.000926037
  0.0116529 -0.00230154
-0.00230154 0.000971744
  0.0116532 -0.00241233
-0.00241233  0.00101899
  0.0116535 -0.00252365
-0.00252365  0.00106798
 0.0116528 -0.0026352
-0.0026352 0.00111878
  0.0116522 -0.00274745
-0.00274745  0.00117236
  0.0116508 -0.00285972
-0.00285972   0.0012287
  0.0116479 -0.00297101
-0.00297101  0.00128754
  0.0116458 -0.00308109
-0.00308109  0.00135479
  0.0116441 -0.00319201
-0.00319201  0.00141839
  0.0116432 -0.00330297
-0.00330297  0.00148373
  0.0116426 -0.00341415
-0.00341415  0.00155091
  0.0116418 -0.00352578
-0.00352578  0.00162025
  0.0116409 -0.00363771
-0.00363771  0.00169224
    0.01164 -0.00374965
-0.00374965   0.0017672
   0.011639 -0.00386086
-0.00386086  0.00184393
 0.0116386  -0.003972
 -0.003972 0.00192386
  0.0116388 -0.00408269
-0.00408269  0.00200559
  0.0116395 -0.00419334
-0.00419334   0.0020891
  0.0116408 -0.00430403
-0.00430403  0.00217554
  0.0116419 -0.00441524
-0.00441524  0.00226394
  0.0116433 -0.00452631
-0.00452631  0.00235562
  0.0116438 -0.00463773
-0.00463773  0.00244933
  0.0116439 -0.00474915
-0.00474915   0.0025456
 0.0116439 -0.0048605
-0.0048605 0.00264426
  0.0116424 -0.00496997
-0.00496997   0.0027414
 0.0116421 -0.0050809
-0.0050809 0.00284311
  0.0116423 -0.00519199
-0.00519199  0.00294776
 0.0116426 -0.0053031
-0.0053031 0.00305459
  0.0116432 -0.00541422
-0.00541422  0.00316408
  0.0116437 -0.00552533
-0.00552533  0.00327599
  0.0116431 -0.00563589
-0.00563589  0.00338868
  0.0116426 -0.00574674
-0.00574674   0.0035049
   0.011642 -0.00585659
-0.00585659  0.00362292
  0.0116422 -0.00596631
-0.00596631  0.00374415
  0.0116432 -0.00607579
-0.00607579  0.00386767
  0.0116447 -0.00618557
-0.00618557  0.00399311
  0.0116463 -0.00629583
-0.00629583  0.00412062
  0.0116469 -0.00640721
-0.00640721  0.00424939
 0.0116463 -0.0065188
-0.0065188 0.00437835
 0.0116461 -0.0066305
-0.0066305 0.00451168
  0.0116457 -0.00674192
-0.00674192  0.00464774
  0.0116454 -0.00685304
-0.00685304   0.0047862
  0.0116461 -0.00696372
-0.00696372  0.00492866
  0.0116461 -0.00707451
-0.00707451  0.00506996
  0.0116471 -0.00718476
-0.00718476  0.00521567
  0.0116476 -0.00729554
-0.00729554  0.00536228
  0.0116487 -0.00740649
-0.00740649  0.00551217
   0.011649 -0.00751789
-0.00751789  0.00566305
 0.0116491 -0.0076296
-0.0076296 0.00581604
  0.0116487 -0.00774212
-0.00774212  0.00596954
  0.011648 -0.0078547
-0.0078547 0.00612563
  0.0116482 -0.00796637
-0.00796637  0.00628524
  0.0116488 -0.00807833
-0.00807833  0.00644817
   0.011649 -0.00819038
-0.00819038  0.00661366
  0.0116479 -0.00830193
-0.00830193  0.00678042
  0.0116467 -0.00841355
-0.00841355  0.00694975
   0.011645 -0.00852551
-0.00852551  0.00712017
  0.0116443 -0.00863672
-0.00863672   0.0072939
  0.0116439 -0.00874749
-0.00874749  0.00746948
  0.0116447 -0.00885815
-0.00885815  0.00764835
   0.011645 -0.00897012
-0.00897012  0.00782504
  0.0116456 -0.00908203
-0.00908203  0.00800433
  0.0116468 -0.00919406
-0.00919406  0.00818894
  0.0116474 -0.00930591
-0.00930591  0.00837428
  0.0116478 -0.00941745
-0.00941745  0.00856252
  0.0116474 -0.00952917
-0.00952917  0.00875215
  0.0116467 -0.00964082
-0.00964082  0.00894459
 0.0116467 -0.0097525
-0.0097525 0.00914045
  0.0116466 -0.00986447
-0.00986447  0.00933873
  0.0116468 -0.00997642
-0.00997642  0.00953755
  0.011647  -0.010088
 -0.010088 0.00973843
 0.0116467 -0.0101994
-0.0101994 0.00994158
 0.0116465 -0.0103106
-0.0103106  0.0101475
  0.011646 -0.0104216
-0.0104216  0.0103558
 0.0116456 -0.0105327
-0.0105327  0.0105664
 0.0116452 -0.0106438
-0.0106438  0.0107798
0.0116453 -0.010755
-0.010755 0.0109957
 0.0116451 -0.0108668
-0.0108668  0.0112127
  0.011645 -0.0109789
-0.0109789  0.0114326
0.0116541 0.0110913
0.0110913 0.0116447
0.0116535 0.0109799
0.0109799 0.0114227
0.0116522 0.0108685
0.0108685 0.0112026
0.0116508  0.010757
 0.010757 0.0109844
0.0116498 0.0106457
0.0106457 0.0107689
0.0116495 0.0105344
0.0105344 0.0105559
0.0116494 0.0104235
0.0104235  0.010345
0.0116497 0.0103125
0.0103125 0.0101361
   0.01165  0.0102013
 0.0102013 0.00992936
 0.0116498  0.0100896
 0.0100896 0.00972315
 0.0116501   0.009978
  0.009978 0.00952115
 0.0116505 0.00986633
0.00986633 0.00932181
 0.0116514 0.00975432
0.00975432 0.00912612
 0.0116512 0.00964298
0.00964298 0.00892965
 0.0116519 0.00953095
0.00953095  0.0087372
 0.0116516 0.00941942
0.00941942 0.00854654
 0.0116515 0.00930811
0.00930811 0.00835735
 0.0116511 0.00919676
0.00919676 0.00817049
 0.0116507  0.0090854
 0.0090854 0.00798596
 0.0116501 0.00897408
0.00897408 0.00780373
 0.0116497 0.00886283
0.00886283 0.00762372
 0.0116493 0.00875168
0.00875168 0.00744585
 0.0116487 0.00864066
0.00864066 0.00726959
 0.0116483 0.00852974
0.00852974 0.00709549
 0.0116483 0.00841865
0.00841865 0.00692461
  0.011648 0.00830762
0.00830762 0.00675523
  0.011648 0.00819655
0.00819655 0.00658941
 0.0116476 0.00808554
0.00808554 0.00642477
  0.011647 0.00797452
0.00797452 0.00626242
 0.0116464 0.00786349
0.00786349 0.00610301
 0.0116458 0.00775234
0.00775234 0.00594569
 0.0116454 0.00764116
0.00764116 0.00579076
 0.0116452 0.00753007
0.00753007  0.0056379
 0.0116452 0.00741906
0.00741906 0.00548643
 0.0116454 0.00730805
0.00730805  0.0053376
 0.0116459 0.00719701
0.00719701 0.00519078
 0.0116465 0.00708595
0.00708595 0.00504641
 0.0116469 0.00697487
0.00697487 0.00490452
  0.011647  0.0068638
 0.0068638 0.00476512
  0.011647 0.00675288
0.00675288 0.00462846
 0.0116466 0.00664184
0.00664184 0.00449409
 0.0116464 0.00653085
0.00653085 0.00436253
 0.0116464 0.00641971
0.00641971 0.00423307
 0.0116467  0.0063084
 0.0063084 0.00410542
 0.0116472 0.00619708
0.00619708 0.00397973
 0.0116481 0.00608592
0.00608592 0.00385635
 0.0116486 0.00597492
0.00597492 0.00373498
 0.0116487 0.00586484
0.00586484 0.00361311
 0.0116483 0.00575417
0.00575417 0.00349425
  0.011648 0.00564334
0.00564334 0.00337991
 0.0116477 0.00553252
0.00553252 0.00326831
 0.0116481 0.00542207
0.00542207 0.00315986
 0.0116486 0.00531145
0.00531145 0.00305271
 0.0116501 0.00520088
0.00520088 0.00294678
 0.0116513 0.00508961
0.00508961 0.00283802
 0.0116533 0.00497828
0.00497828 0.00273519
 0.0116553 0.00486694
0.00486694 0.00263493
  0.011657 0.00475572
0.00475572 0.00253683
 0.0116559 0.00464506
0.00464506 0.00243629
 0.0116561 0.00453411
0.00453411 0.00234274
 0.0116573 0.00442401
0.00442401  0.0022528
 0.0116567  0.0043136
 0.0043136 0.00216497
 0.0116566  0.0042041
 0.0042041 0.00208153
 0.0116538 0.00409278
0.00409278 0.00199799
 0.0116514 0.00398052
0.00398052 0.00191698
 0.0116496 0.00386706
0.00386706  0.0018382
 0.0116505 0.00375331
0.00375331 0.00176321
 0.0116526 0.00364018
0.00364018 0.00168565
 0.0116548 0.00352835
0.00352835 0.00160995
 0.0116563 0.00341736
0.00341736 0.00153689
 0.0116568 0.00330707
0.00330707 0.00146528
 0.0116585 0.00319732
0.00319732 0.00140139
 0.0116578 0.00308623
0.00308623 0.00133629
 0.0116564 0.00297439
0.00297439 0.00127373
 0.0116533 0.00286246
0.00286246 0.00121307
 0.0116515 0.00275018
0.00275018 0.00115595
 0.0116497 0.00263843
0.00263843 0.00110012
 0.0116482 0.00252737
0.00252737 0.00104514
  0.0116484  0.00241613
 0.00241613 0.000992023
  0.0116493  0.00230411
 0.00230411 0.000941277
  0.0116503  0.00219136
 0.00219136 0.000893689
  0.0116505  0.00207834
 0.00207834 0.000849347
  0.0116495  0.00196546
 0.00196546 0.000807485
  0.0116481  0.00185358
 0.00185358 0.000769684
  0.0116468  0.00174181
 0.00174181 0.000732533
 0.0116465 0.00163027
0.00163027 0.00069775
 0.0116473 0.00151867
0.00151867 0.00066542
  0.0116473  0.00140551
 0.00140551 0.000634124
  0.0116473  0.00129219
 0.00129219 0.000605902
   0.011647  0.00117895
 0.00117895 0.000581225
  0.0116457  0.00106542
 0.00106542 0.000557472
  0.0116454 0.000952113
0.000952113 0.000536719
  0.0116451 0.000839004
0.000839004 0.000518376
  0.0116447 0.000726087
0.000726087  0.00050241
  0.0116445 0.000613383
0.000613383 0.000488791
  0.0116444 0.000500917
0.000500917 0.000477517
   0.011644 0.000388492
0.000388492 0.000468293
  0.0116442 0.000276477
0.000276477  0.00046244
  0.0116444 0.000164059
0.000164059 0.000458727
  0.0116444  5.1382e-05
 5.1382e-05 0.000457881
0.000459872 6.16882e-05
6.16882e-05   0.0116442
0.000460714 6.06871e-05
6.06871e-05   0.0114193
0.000459096 6.01713e-05
6.01713e-05   0.0111954
0.000457901 5.91331e-05
5.91331e-05   0.0109751
0.000455829 5.82909e-05
5.82909e-05   0.0107572
 0.00045329 5.79487e-05
5.79487e-05   0.0105418
0.000451111  5.8309e-05
 5.8309e-05   0.0103287
0.000450331 5.94397e-05
5.94397e-05   0.0101184
 0.00045041 6.03946e-05
6.03946e-05  0.00990754
0.000451481 6.08374e-05
6.08374e-05  0.00970065
0.000452463 6.11117e-05
6.11117e-05  0.00949703
0.000452302 6.07916e-05
6.07916e-05  0.00929604
0.000450396 5.89278e-05
5.89278e-05   0.0090964
0.000448416 5.63687e-05
5.63687e-05  0.00889902
0.000447221 5.30702e-05
5.30702e-05  0.00870296
0.000447742   5.008e-05
  5.008e-05  0.00851078
0.000447731 4.80686e-05
4.80686e-05  0.00831672
0.000448948 4.56112e-05
4.56112e-05  0.00812905
0.000448287 4.52997e-05
4.52997e-05  0.00794031
0.000448629 4.46136e-05
4.46136e-05  0.00775549
0.000448856 4.42244e-05
4.42244e-05  0.00757289
0.000448399 4.43726e-05
4.43726e-05  0.00739185
0.000448002 4.43469e-05
4.43469e-05  0.00721335
0.000448274 4.38046e-05
4.38046e-05  0.00703781
0.000448308 4.31865e-05
4.31865e-05  0.00686472
 0.00044804 4.26048e-05
4.26048e-05  0.00669403
0.000447524   4.212e-05
  4.212e-05  0.00652572
 0.00044665 4.25976e-05
4.25976e-05  0.00636222
 0.00044587 4.20817e-05
4.20817e-05  0.00619829
0.000444801 4.12337e-05
4.12337e-05  0.00603664
0.000443229 4.02048e-05
4.02048e-05  0.00587702
0.000441436  3.8688e-05
 3.8688e-05  0.00571963
0.000440708 3.69575e-05
3.69575e-05  0.00556479
0.000440236 3.54908e-05
3.54908e-05  0.00541175
0.000440597 3.42538e-05
3.42538e-05   0.0052622
0.000440634 3.32039e-05
3.32039e-05  0.00511423
0.000440052 3.35986e-05
3.35986e-05  0.00496841
0.000439622 3.34096e-05
3.34096e-05  0.00482514
0.000438716 3.34194e-05
3.34194e-05  0.00468385
0.000438038  3.3266e-05
 3.3266e-05  0.00454504
 0.00043786 3.33627e-05
3.33627e-05   0.0044094
0.000437827 3.32415e-05
3.32415e-05  0.00427594
0.000438097 3.31655e-05
3.31655e-05  0.00414474
0.000437926 3.26606e-05
3.26606e-05  0.00401452
0.000437611 3.13912e-05
3.13912e-05  0.00388691
 0.00043718 2.99053e-05
2.99053e-05  0.00376178
0.000437065 2.84818e-05
2.84818e-05  0.00363972
 0.00043693 2.70241e-05
2.70241e-05  0.00351981
0.000436603 2.57493e-05
2.57493e-05  0.00340207
0.000436563 2.46862e-05
2.46862e-05  0.00328697
0.000436594 2.37895e-05
2.37895e-05  0.00317447
0.000436695 2.30285e-05
2.30285e-05  0.00306458
0.000436772  2.2441e-05
 2.2441e-05   0.0029566
0.000436657 2.17638e-05
2.17638e-05  0.00285049
0.000436436 2.11863e-05
2.11863e-05  0.00274668
0.000436262 2.03608e-05
2.03608e-05  0.00264514
0.000435802 1.95995e-05
1.95995e-05   0.0025457
0.000435592  1.8745e-05
 1.8745e-05   0.0024493
 0.00043499 1.80305e-05
1.80305e-05  0.00235467
0.000434404 1.74722e-05
1.74722e-05  0.00226285
 0.00043345 1.69921e-05
1.69921e-05  0.00217283
0.000433049 1.64357e-05
1.64357e-05  0.00208574
0.000432893 1.59347e-05
1.59347e-05  0.00200115
0.000432904 1.53008e-05
1.53008e-05  0.00191815
0.000433171 1.45982e-05
1.45982e-05  0.00183708
0.000433617 1.41567e-05
1.41567e-05  0.00175744
0.000434281 1.32272e-05
1.32272e-05  0.00168074
 0.00043475 1.23267e-05
1.23267e-05  0.00160619
0.000435672 1.12651e-05
1.12651e-05  0.00153464
 0.00043557 1.02317e-05
1.02317e-05  0.00146505
0.000435596 9.48173e-06
9.48173e-06  0.00139808
0.000435695 8.65198e-06
8.65198e-06  0.00133371
 0.00043538 7.91413e-06
7.91413e-06  0.00127148
 0.00043538 7.42746e-06
7.42746e-06  0.00121197
0.000434683 6.89899e-06
6.89899e-06  0.00115429
0.000434272 6.43024e-06
6.43024e-06  0.00109918
0.000433525 5.82579e-06
5.82579e-06  0.00104649
0.000431709 5.21908e-06
5.21908e-06 0.000995277
0.000431045 4.61806e-06
4.61806e-06 0.000947218
 0.00043069 4.25578e-06
4.25578e-06 0.000901209
0.000430839 4.05006e-06
4.05006e-06 0.000857016
0.000431465 3.75559e-06
3.75559e-06 0.000814904
 0.00043204 3.12884e-06
3.12884e-06 0.000774397
0.000432475 2.41015e-06
2.41015e-06  0.00073729
0.000432493  1.6767e-06
 1.6767e-06 0.000702684
0.000432623 1.23717e-06
1.23717e-06 0.000670086
0.000432528 8.31991e-07
8.31991e-07 0.000640246
0.000432561  5.5325e-07
 5.5325e-07 0.000612651
 0.00043273 3.57246e-07
3.57246e-07 0.000587292
 0.00043313  2.9259e-07
 2.9259e-07 0.000563393
0.000433441  1.0176e-07
 1.0176e-07 0.000542492
 0.00043318 -2.5452e-07
-2.5452e-07 0.000520505
 0.000433344 -8.91363e-07
-8.91363e-07  0.000503649
 0.000433464 -1.67854e-06
-1.67854e-06  0.000488055
 0.000433876 -2.68721e-06
-2.68721e-06  0.000475902
 0.000434459 -3.94124e-06
-3.94124e-06  0.000465991
 0.00043502 -5.5589e-06
-5.5589e-06 0.000457896
 0.000435859 -7.09775e-06
-7.09775e-06  0.000451443
 0.000437737 -9.00247e-06
-9.00247e-06  0.000448148
 0.000440891 -1.14632e-05
-1.14632e-05  0.000448582
