  0.00014933 -3.02658e-06
-3.02658e-06  0.000150282
  0.00018514 -2.35398e-06
-2.35398e-06  0.000191935
0.000151585  4.0541e-06
 4.0541e-06 0.000140112
 0.000145288 -1.77275e-06
-1.77275e-06  0.000149271
 0.000174807 -6.30382e-06
-6.30382e-06  0.000199726
0.000141354 4.32874e-07
4.32874e-07 0.000150466
0.000151662 1.68524e-06
1.68524e-06 0.000142653
  0.00013906 -1.46085e-06
-1.46085e-06  0.000148925
0.000171021 5.48332e-07
5.48332e-07 0.000209692
 0.000159131 -1.94453e-06
-1.94453e-06   0.00014908
  0.00017801 -5.28239e-06
-5.28239e-06  0.000175727
 0.000239342 -1.63584e-05
-1.63584e-05  0.000207782
0.000275573 -2.4992e-05
-2.4992e-05  0.00031658
  0.00017616 -5.81487e-06
-5.81487e-06  0.000207579
 0.000156052 -8.35919e-07
-8.35919e-07  0.000149203
0.000183058 1.19688e-05
1.19688e-05 0.000168076
 0.000157003 -3.32573e-06
-3.32573e-06  0.000151809
0.000165718 4.15449e-06
4.15449e-06 0.000134566
 0.000264162 -3.37755e-05
-3.37755e-05  0.000310966
 0.000221123 -1.73472e-05
-1.73472e-05  0.000217283
 0.000192346 -1.42405e-05
-1.42405e-05  0.000189598
0.000185884  3.5141e-06
 3.5141e-06 0.000182893
0.000204103 1.83441e-05
1.83441e-05 0.000201772
 0.000169236 -7.70346e-06
-7.70346e-06  0.000163811
 0.000161055 -5.69319e-06
-5.69319e-06  0.000167953
0.000151849 1.86985e-06
1.86985e-06 0.000136799
  0.00013707 -1.67962e-06
-1.67962e-06   0.00014882
 0.000157085 -6.97118e-07
-6.97118e-07  0.000166857
0.000172916  -8.898e-06
 -8.898e-06   0.0001729
0.000153126 5.43807e-06
5.43807e-06 0.000147982
  0.00029047 -1.62566e-05
-1.62566e-05  0.000276887
0.000151223 3.25228e-06
3.25228e-06  0.00014357
0.000224589 1.30443e-05
1.30443e-05 0.000230489
0.000179211 -9.5997e-06
-9.5997e-06 0.000198557
 0.000190268 -5.51767e-06
-5.51767e-06  0.000187087
 0.000169095 -8.91642e-06
-8.91642e-06  0.000162681
0.000151329 2.57165e-06
2.57165e-06 0.000143777
0.000159187  1.4007e-06
 1.4007e-06  0.00016603
0.000171288 1.12391e-05
1.12391e-05 0.000143104
 0.000263687 -3.10937e-05
-3.10937e-05  0.000255849
0.000217143 1.18089e-05
1.18089e-05 0.000231345
0.000175057 7.98718e-06
7.98718e-06 0.000156396
 0.000147213 -3.93008e-06
-3.93008e-06  0.000156375
 0.000156632 -3.02252e-06
-3.02252e-06  0.000156952
0.000175055 6.77737e-06
6.77737e-06 0.000156762
0.000183512 1.39961e-06
1.39961e-06 0.000161917
 0.000160177 -2.28978e-06
-2.28978e-06   0.00017245
 0.000202388 -9.97452e-06
-9.97452e-06  0.000209881
0.000157032 1.89791e-06
1.89791e-06 0.000158821
 0.000183187 -1.18693e-05
-1.18693e-05  0.000182253
 0.000187477 -8.34364e-06
-8.34364e-06  0.000170939
 0.000150162 -1.81637e-06
-1.81637e-06  0.000150329
 0.000147489 -4.91396e-06
-4.91396e-06  0.000157587
0.000194095 1.88904e-05
1.88904e-05 0.000183423
0.000152219 1.11774e-06
1.11774e-06 0.000140098
0.000151831 1.21008e-06
1.21008e-06 0.000137481
 0.000192912 -7.54938e-06
-7.54938e-06  0.000189225
0.000155441 1.54373e-06
1.54373e-06 0.000151421
  0.00019499 -3.81204e-06
-3.81204e-06  0.000189264
0.000195139 -4.2063e-06
-4.2063e-06 0.000170655
0.000154069 6.46693e-06
6.46693e-06 0.000149388
 0.000279685 -2.90253e-05
-2.90253e-05  0.000344068
 0.000163347 -8.43101e-06
-8.43101e-06  0.000177601
0.000161138 6.16762e-07
6.16762e-07 0.000137926
 0.000145183 -3.36991e-06
-3.36991e-06  0.000150706
0.000177956 7.75657e-06
7.75657e-06 0.000161334
 0.000169404 -8.19067e-06
-8.19067e-06  0.000180235
0.000162676 -5.5369e-06
-5.5369e-06 0.000168906
 0.000197073 -4.39916e-06
-4.39916e-06  0.000194851
 0.000183508 -5.88941e-06
-5.88941e-06  0.000169291
   0.0002196 -1.01324e-05
-1.01324e-05  0.000209017
  0.00031905 -1.36285e-05
-1.36285e-05   0.00039151
0.000152473 1.46665e-05
1.46665e-05 0.000156542
 0.000202049 -2.96364e-07
-2.96364e-07  0.000198161
 0.000213589 -4.85646e-06
-4.85646e-06  0.000207828
 0.00018341 2.23525e-05
2.23525e-05 0.000177872
 0.000171481 -4.23628e-06
-4.23628e-06  0.000188837
 0.000173051 -5.99642e-06
-5.99642e-06  0.000191371
 0.000163991 -2.71355e-06
-2.71355e-06  0.000182086
 0.000141925 -4.13777e-06
-4.13777e-06  0.000156232
 0.000236944 -1.79319e-05
-1.79319e-05  0.000245896
0.000188608 1.26159e-05
1.26159e-05 0.000193826
 0.000167619 -2.57562e-07
-2.57562e-07  0.000147834
 0.000194484 -4.71288e-06
-4.71288e-06  0.000193102
0.000158278  6.8894e-06
 6.8894e-06 0.000175768
0.000178271 1.74738e-05
1.74738e-05  0.00016379
  0.00016966 -9.62537e-06
-9.62537e-06  0.000159371
 0.000177254 -3.74474e-06
-3.74474e-06  0.000186778
 0.000165602 -2.02864e-06
-2.02864e-06  0.000134931
0.000210535 3.87224e-06
3.87224e-06 0.000192677
 0.000172337 -1.26953e-06
-1.26953e-06   0.00018975
  0.00016975 -6.90086e-06
-6.90086e-06  0.000161002
 0.000183198 -7.02603e-06
-7.02603e-06  0.000184164
  0.00015515 -1.60427e-06
-1.60427e-06  0.000149897
 0.000154394 -2.54051e-06
-2.54051e-06  0.000150398
0.000150261 5.45733e-06
5.45733e-06 0.000152785
0.000176195 4.77488e-06
4.77488e-06 0.000148526
 0.000153415 -1.07895e-06
-1.07895e-06  0.000149655
0.000195301 2.06535e-05
2.06535e-05 0.000209863
 0.000245407 -2.49744e-05
-2.49744e-05  0.000217431
0.000177561 7.09639e-06
7.09639e-06   0.0001499
0.000214484 1.65716e-05
1.65716e-05 0.000225427
 0.000162459 -9.91918e-07
-9.91918e-07  0.000158914
 0.000200034 -1.83716e-06
-1.83716e-06  0.000250585
 0.000168844 -9.70855e-06
-9.70855e-06   0.00017516
0.000176154 3.70939e-06
3.70939e-06 0.000148733
 0.000272134 -2.79591e-05
-2.79591e-05  0.000270875
0.000222819 1.14556e-05
1.14556e-05 0.000213355
 0.000181002 -2.47441e-06
-2.47441e-06  0.000198287
 0.000245303 -2.14819e-06
-2.14819e-06  0.000205667
 0.00015798  -5.661e-06
 -5.661e-06 0.000149646
0.000168801 3.69771e-06
3.69771e-06 0.000138402
0.000372903 3.24957e-06
3.24957e-06 0.000431423
0.000174625 3.37833e-06
3.37833e-06 0.000156804
 0.000162003 -2.72815e-06
-2.72815e-06   0.00015437
0.000139657 4.15264e-06
4.15264e-06 0.000152691
 0.000229749 -2.70005e-06
-2.70005e-06  0.000204712
0.000152558 1.02989e-06
1.02989e-06 0.000141142
 0.000170713 -1.07883e-06
-1.07883e-06  0.000142252
 0.000300574 -1.93939e-05
-1.93939e-05  0.000298953
 0.000169277 -4.46438e-06
-4.46438e-06  0.000184733
0.000225696 1.04577e-05
1.04577e-05 0.000215389
0.000156862 1.05421e-05
1.05421e-05 0.000189868
 0.000164024 -4.63606e-06
-4.63606e-06  0.000137373
 0.000164622 -6.14333e-06
-6.14333e-06  0.000151046
0.000154971 8.79388e-07
8.79388e-07 0.000145964
0.000151109 3.91651e-06
3.91651e-06 0.000149394
 0.000218874 -1.57717e-05
-1.57717e-05  0.000229918
 0.000194343 -3.78923e-06
-3.78923e-06  0.000189056
0.000154203  8.0215e-06
 8.0215e-06 0.000153903
 0.000161601 -7.22868e-07
-7.22868e-07  0.000139745
  0.00017772 -1.01419e-05
-1.01419e-05  0.000171038
0.000159729 1.17794e-06
1.17794e-06 0.000166924
 0.000135275 -7.68108e-07
-7.68108e-07  0.000149282
0.000152427 8.61991e-07
8.61991e-07 0.000138734
 0.000162998 -4.55369e-06
-4.55369e-06    0.0001701
 0.000331186 -6.91896e-06
-6.91896e-06  0.000337648
 0.000296267 -3.13446e-05
-3.13446e-05  0.000309095
 0.000315724 -1.19964e-05
-1.19964e-05  0.000389665
0.000183461 1.65233e-05
1.65233e-05 0.000162642
0.000243312 5.45703e-06
5.45703e-06 0.000243508
 0.000175675 -1.02226e-05
-1.02226e-05  0.000182749
 0.000166918 -4.52447e-06
-4.52447e-06  0.000164529
0.000153346 7.81643e-07
7.81643e-07 0.000155943
 0.000175114 -1.19497e-05
-1.19497e-05  0.000169262
 0.000173641 -2.76544e-06
-2.76544e-06  0.000158246
0.000152802 3.68229e-07
3.68229e-07 0.000146617
 0.000187723 -6.96868e-06
-6.96868e-06  0.000185016
 0.000172243 -7.65374e-06
-7.65374e-06  0.000173634
0.000195554 1.79015e-05
1.79015e-05 0.000191065
0.000150409 2.27549e-06
2.27549e-06 0.000163665
 0.000181399 -3.03624e-06
-3.03624e-06  0.000159594
 0.000169198 -4.05593e-06
-4.05593e-06  0.000168463
 0.00016147 3.40706e-06
3.40706e-06 0.000189214
0.000179993 7.31591e-06
7.31591e-06 0.000153305
0.000151544 2.29738e-06
2.29738e-06  0.00014847
 0.000145384 -2.42115e-06
-2.42115e-06  0.000163623
0.000159356 5.34591e-07
5.34591e-07 0.000184323
0.000154574 8.69241e-07
8.69241e-07 0.000154824
  0.00015471 -5.33197e-06
-5.33197e-06  0.000166197
 0.000246719 -1.18105e-05
-1.18105e-05  0.000217759
 0.000187323 -1.95381e-05
-1.95381e-05  0.000194535
 0.000173949 -3.68677e-06
-3.68677e-06   0.00019878
0.000375956  3.4039e-06
 3.4039e-06 0.000432474
 0.000161406 -8.05175e-06
-8.05175e-06  0.000176927
 0.000177113 -7.03493e-06
-7.03493e-06  0.000166205
 0.000171491 -4.56354e-06
-4.56354e-06  0.000159604
0.000206215 1.76762e-05
1.76762e-05 0.000221657
 0.000174977 -3.88059e-06
-3.88059e-06  0.000159316
