 0.00526926 -6.55791e-06
-6.55791e-06   0.00614411
  0.00541148 -0.000346474
-0.000346474   0.00691998
 0.00624997 0.000605879
0.000605879  0.00564166
 0.00529508 0.000160743
0.000160743  0.00616176
  0.00617526 -0.000561273
-0.000561273   0.00572264
 0.00553406 0.000503074
0.000503074  0.00622984
 0.00696335 0.000925023
0.000925023  0.00584968
 0.00529497 0.000183837
0.000183837  0.00622666
   0.0067363 -0.000266621
-0.000266621   0.00540574
 0.00577316 0.000607697
0.000607697  0.00605785
 0.00530367 3.62369e-05
3.62369e-05  0.00725596
 0.00805994 -0.00144745
-0.00144745  0.00613832
0.00834435 0.00268568
0.00268568  0.0080902
  0.00613512 -0.000546248
-0.000546248    0.0057312
 0.00578489 0.000630608
0.000630608  0.00608786
0.00818108 0.00175801
0.00175801 0.00644915
 0.00527916 -4.0567e-05
-4.0567e-05  0.00609129
 0.00683474 0.000608127
0.000608127  0.00549468
 0.00723049 -0.00192149
-0.00192149  0.00749939
 0.00697397 -0.00137499
-0.00137499  0.00656078
  0.00701807 -0.000968671
-0.000968671   0.00589011
   0.0077403 -0.000391255
-0.000391255   0.00539389
0.00710163 0.00130441
0.00130441 0.00626449
  0.00583515 -0.000711129
-0.000711129   0.00626244
    0.006181 -0.000137014
-0.000137014   0.00531714
 0.00627489 0.000422228
0.000422228  0.00543867
 0.00528724 0.000171459
0.000171459  0.00625329
 0.00611086 9.10398e-05
9.10398e-05  0.00530136
  0.00706428 -0.000374246
-0.000374246   0.00538386
 0.00616494 0.000740134
0.000740134  0.00589252
0.00796548 0.00265186
0.00265186 0.00837347
0.00698376 0.00111433
0.00111433 0.00608864
 0.0076453 0.00247818
0.00247818 0.00818947
   0.0062312 -0.000709471
-0.000709471   0.00591225
  0.00534666 -0.000100681
-0.000100681   0.00679078
  0.00696373 -0.000324766
-0.000324766   0.00535585
 0.00618676 0.000614783
0.000614783  0.00568801
 0.00688938 0.000302627
0.000302627  0.00537403
 0.00685426 0.000864212
0.000864212  0.00573604
 0.00798486 -0.00190583
-0.00190583  0.00679644
0.00791806 0.00248932
0.00248932  0.0079006
0.00808113 0.00150718
0.00150718 0.00616928
  0.00541891 -0.000383824
-0.000383824   0.00631277
 0.00622379 -1.0433e-05
-1.0433e-05  0.00528245
0.00810623 0.00144423
0.00144423 0.00609313
 0.00721959 0.000627601
0.000627601   0.0054921
 0.00538075 0.000415294
0.000415294  0.00708752
 0.00648775 -0.00135887
-0.00135887  0.00698575
0.00689557 0.00041613
0.00041613 0.00542282
 0.00678855 -0.00112486
-0.00112486  0.00619838
  0.00704959 -0.000953843
-0.000953843   0.00585041
0.00545219 0.00038075
0.00038075  0.0061104
  0.00547386 -0.000458254
-0.000458254   0.00635524
0.00706046 0.00120841
0.00120841 0.00612492
 0.00701525 0.000774791
0.000774791  0.00566747
 0.00706528 0.000810097
0.000810097  0.00568733
 0.00535244 3.52769e-05
3.52769e-05  0.00800222
 0.00694311 0.000493939
0.000493939  0.00545917
 0.00557229 0.000746591
0.000746591  0.00821742
 0.00560908 0.000562184
0.000562184  0.00678143
 0.00615301 0.000769172
0.000769172  0.00595181
 0.00722249 -0.00200852
-0.00200852  0.00776599
 0.00537576 0.000281883
0.000281883  0.00705705
 0.00776229 0.000980301
0.000980301  0.00570288
  0.00527185 -7.71407e-05
-7.71407e-05   0.00619432
0.00815696 0.00151965
0.00151965  0.0061662
 0.00532947 8.47201e-05
8.47201e-05  0.00698562
  0.00530435 -0.000177377
-0.000177377   0.00708579
  0.00540785 -0.000377409
-0.000377409   0.00786583
  0.00709716 -0.000725668
-0.000725668   0.00561304
 0.00634606 -0.00132155
-0.00132155  0.00714409
 0.00715803 -0.00208059
-0.00208059   0.0081774
0.00710907  0.0017202
 0.0017202 0.00702066
  0.00546956 -0.000405432
-0.000405432   0.00680907
  0.00572472 -0.000742191
-0.000742191   0.00695922
0.00792326 0.00215296
0.00215296 0.00717038
  0.00618989 -0.000480202
-0.000480202   0.00560195
  0.00621595 -0.000557007
-0.000557007   0.00568885
0.00577472 0.00103395
0.00103395 0.00791984
   0.0053769 -0.000343347
-0.000343347   0.00636437
 0.00722309 -0.00152433
-0.00152433  0.00667901
0.00599242 0.00109675
0.00109675 0.00706189
0.00797477 0.00100672
0.00100672 0.00570227
0.00582467 0.00111513
0.00111513 0.00826309
 0.00567855 0.000808547
0.000808547   0.0069301
 0.0079462 0.00192825
0.00192825 0.00678434
  0.00703541 -0.000117687
-0.000117687   0.00529439
   0.0053672 -0.000261259
-0.000261259   0.00697853
 0.00686223 0.000344971
0.000344971  0.00533414
  0.00796006 -0.000864032
-0.000864032   0.00563569
0.00605529 0.00135462
0.00135462 0.00808176
 0.00800622 0.000612796
0.000612796  0.00546281
  0.00533502 -2.14424e-05
-2.14424e-05   0.00684107
 0.00555738 0.000468727
0.000468727  0.00609168
 0.00528113 7.31186e-05
7.31186e-05  0.00609632
 0.00588517 0.000759946
0.000759946  0.00622734
 0.00704223 0.000705236
0.000705236   0.0055553
 0.00558783 0.000501932
0.000501932  0.00611153
0.00749918 0.00235124
0.00235124 0.00801255
 0.00800682 -0.00163524
-0.00163524  0.00637786
0.00703402 0.00078712
0.00078712 0.00562681
0.00748279 0.00241869
0.00241869  0.0082418
 0.00706385 0.000145414
0.000145414  0.00531534
 0.00624046 -0.00120654
-0.00120654  0.00713635
   0.0056278 -0.000736061
-0.000736061   0.00695208
  0.0070564 0.000664711
0.000664711  0.00552239
 0.00793383 -0.00196736
-0.00196736  0.00694361
0.00640447 0.00134547
0.00134547 0.00703729
  0.00546849 -0.000480021
-0.000480021   0.00705968
  0.00575045 -0.000679709
-0.000679709   0.00675876
  0.00633273 -0.000115222
-0.000115222   0.00528862
  0.0069083 0.000611469
0.000611469  0.00549119
  0.0071871 -0.00213392
-0.00213392  0.00844611
0.00814151 0.00125767
0.00125767 0.00589832
  0.00531719 -0.000159826
-0.000159826   0.00607621
0.00565737  0.0006438
 0.0006438 0.00632996
  0.00544222 -0.000385692
-0.000385692    0.0081656
 0.00700213 0.000739897
0.000739897  0.00563801
 0.00698926 0.000441322
0.000441322  0.00538126
 0.00803114 -0.00206326
-0.00206326  0.00709309
  0.00535639 -0.000264677
-0.000264677   0.00712743
0.00643354 0.00135996
0.00135996  0.0070376
0.00669444 0.00182395
0.00182395 0.00786902
 0.00684217 0.000148639
0.000148639   0.0052756
 0.00780322 0.000534169
0.000534169  0.00542431
 0.00705171 0.000480542
0.000480542  0.00543475
0.00692081 0.00138233
0.00138233 0.00657046
 0.00722176 -0.00130262
-0.00130262  0.00630209
 0.00557116 0.000745122
0.000745122  0.00821111
 0.00601346 0.000816257
0.000816257  0.00618352
 0.00777828 0.000892641
0.000892641  0.00563244
  0.00697379 -0.000626449
-0.000626449   0.00554327
 0.00689807 0.000273773
0.000273773    0.005363
 0.00531254 0.000237552
0.000237552  0.00626904
 0.00705749 0.000732821
0.000732821  0.00561726
 0.00529101 8.93666e-05
8.93666e-05  0.00712324
  0.0082507 -0.00214684
-0.00214684  0.00716673
0.00822094 0.00270209
0.00270209 0.00826814
0.00709945 -0.0020545
-0.0020545 0.00820839
0.00699232 0.00106346
0.00106346 0.00594106
0.00778885 0.00254621
0.00254621 0.00821596
  0.00718577 -0.000292513
-0.000292513   0.00535874
  0.00630049 -0.000394297
-0.000394297   0.00545954
 0.0067948 0.00089368
0.00089368 0.00589295
  0.00610928 -0.000881268
-0.000881268   0.00628413
 0.00554463 -0.00043724
-0.00043724  0.00611201
 0.00617633 0.000325341
0.000325341  0.00538889
  0.00534005 -7.39032e-06
-7.39032e-06   0.00680154
 0.00786655 0.000149155
0.000149155  0.00533198
0.00827191 0.00210455
0.00210455 0.00690687
0.00613806 0.00116782
0.00116782 0.00709483
  0.00561545 -0.000481287
-0.000481287   0.00608718
 0.00557347 0.000596713
0.000596713  0.00697926
  0.006348 0.00159305
0.00159305 0.00796879
0.00707417 0.00080977
0.00080977 0.00564304
0.00690318 0.00105177
0.00105177 0.00604753
 0.00531349 0.000274528
0.000274528  0.00692885
0.00608806  0.0013586
 0.0013586 0.00791148
0.00666222 0.00135077
0.00135077 0.00677004
 0.00532976 -0.00029174
-0.00029174   0.0069713
 0.00822843 -0.00140017
-0.00140017   0.0060617
 0.00690411 -0.00131658
-0.00131658   0.0064341
  0.00679703 -0.000469206
-0.000469206   0.00549582
 0.00718007 -0.00213398
-0.00213398  0.00846642
 0.00538753 0.000318749
0.000318749  0.00708241
 0.00720827 0.000200426
0.000200426  0.00531422
   0.0056504 -0.000544435
-0.000544435   0.00616877
0.00736078 0.00235702
0.00235702 0.00824918
 0.00561876 -0.00050448
-0.00050448  0.00613155
