0.0027342 0.000404598
0.000404598 0.000501276
0.00173218 0.00342986
0.00342986  0.0100732
0.000464588 0.000131959
0.000131959  0.00088965
 0.00207377 0.000322263
0.000322263 0.000491812
0.000517425 0.000645109
0.000645109  0.00580654
 0.00110573 0.000164912
0.000164912 0.000465386
 0.0102266 0.00752016
0.00752016 0.00638567
 0.00201416 0.000259144
0.000259144 0.000470531
0.00954683 0.00349092
0.00349092  0.0018435
0.000772779 0.000187906
0.000187906 0.000525374
  0.00263312 -0.000514881
-0.000514881  0.000561417
  0.0134086  0.00121997
 0.00121997 0.000562241
0.0138905 0.0129027
0.0129027 0.0130606
0.000536009 0.000714976
0.000714976  0.00580972
0.000753768 0.000169939
0.000169939 0.000510432
0.0137052 0.0102357
0.0102357 0.0085092
 0.00289077 0.000480726
0.000480726 0.000525085
 0.000455656 -0.000131145
-0.000131145   0.00116532
 0.000516004 -0.000848163
-0.000848163    0.0116424
 0.000469584 -0.000462394
-0.000462394    0.0089788
 0.000483879 -0.000508962
-0.000508962   0.00660392
  0.012584 0.00396631
0.00396631   0.001782
 0.000525545 -5.91399e-05
-5.91399e-05  0.000476601
 0.00643959 0.000500011
0.000500011 0.000476351
0.000502664 0.000440996
0.000440996  0.00333623
0.000461466 0.000169514
0.000169514   0.0013123
 0.00206439 0.000240292
0.000240292 0.000463485
0.000527394 0.000421182
0.000421182  0.00233373
 0.000500726 -0.000469704
-0.000469704   0.00398144
0.000487494 0.000112399
0.000112399 0.000621549
0.0127936 0.0127914
0.0127914  0.013951
 0.0102867 0.00811824
0.00811824 0.00731753
0.0120591 0.0122271
0.0122271 0.0135691
0.000499254  0.00060684
 0.00060684  0.00664878
 0.0023944 0.00413321
0.00413321 0.00964945
 0.000477634 -0.000371412
-0.000371412   0.00382579
0.000482632 0.000151259
0.000151259 0.000831556
 0.0100045 0.00549434
0.00549434 0.00371018
 0.000459639 -9.66927e-05
-9.66927e-05  0.000775373
   0.0131422 -0.000135484
-0.000135484  0.000451555
0.0128589 0.0122478
0.0122478 0.0127603
 0.0134579 0.00952518
0.00952518 0.00756748
 0.00445696 0.000324175
0.000324175  0.00045803
0.000484063 0.000342294
0.000342294  0.00275882
 0.0135316 0.00935921
0.00935921 0.00728442
 0.000555364 -0.000311616
-0.000311616    0.0012648
  0.00166146 -0.000305283
-0.000305283  0.000512673
   0.0087606 -0.000493862
-0.000493862  0.000472894
 0.0100224 0.00586306
0.00586306 0.00415095
  0.0097943  0.00082045
 0.00082045 0.000512763
  0.0105798  0.00167523
 0.00167523 0.000726031
 0.00133423 0.000272342
0.000272342 0.000508781
 0.00479561  0.00028441
 0.00028441 0.000450804
 0.000511769 -7.88608e-05
-7.88608e-05  0.000519385
 0.0103955 0.00706502
0.00706502 0.00560168
 0.0105519 0.00719417
0.00719417 0.00570545
0.00280829 0.00541525
0.00541525  0.0133212
 0.0101739 0.00614008
0.00614008 0.00444062
0.00477258 0.00750747
0.00750747  0.0138745
0.00496592 0.00632171
0.00632171 0.00963596
0.000491611  0.00010361
 0.00010361 0.000579182
 0.000511672 -0.000830945
-0.000830945    0.0123216
0.00366145 0.00558268
0.00558268  0.0105147
 0.0126103  0.0079578
 0.0079578 0.00577403
 0.00303758 0.000375425
0.000375425 0.000484485
 0.0136627  0.0095797
 0.0095797 0.00753753
0.00299623 0.00490815
0.00490815  0.0102925
  0.00327936 -0.000447569
-0.000447569  0.000508205
0.00186997 0.00413047
0.00413047  0.0129428
 0.0107141 0.00243108
0.00243108 0.00103835
  0.00820824 -0.000700155
-0.000700155  0.000508942
 0.000493353 -0.000683922
-0.000683922    0.0133516
 0.0106697 0.00997836
0.00997836  0.0103941
0.00154935 0.00310468
0.00310468 0.00969646
0.000968805  0.00218232
 0.00218232   0.0101932
0.0129659 0.0112698
0.0112698  0.010784
0.000508961 0.000581446
0.000581446  0.00526029
0.000500644 0.000568701
0.000568701  0.00568511
0.00593715 0.00819592
0.00819592  0.0130273
  0.0042031 0.000248431
0.000248431 0.000447765
 0.000522353 -0.000806327
-0.000806327   0.00928562
 0.000622538 -0.000118144
-0.000118144  0.000510422
 0.0132013 0.00811088
0.00811088 0.00572519
0.00600785 0.00854925
0.00854925  0.0139591
  0.00090315 -0.000139594
-0.000139594  0.000474346
 0.0130499  0.0106534
 0.0106534 0.00962849
 0.000495454 -0.000393295
-0.000393295   0.00307755
0.00196379 0.00377176
0.00377176  0.0102724
 0.000459511 -0.000186124
-0.000186124   0.00173469
 0.0131779 0.00275817
0.00275817  0.0010606
0.00705549   0.009146
  0.009146  0.0134381
 0.0133071 0.00703219
0.00703219 0.00439262
0.00265428 0.00444636
0.00444636 0.00981928
 0.00109222 0.000242874
0.000242874 0.000514867
 0.00239496 0.000420944
0.000420944 0.000520185
0.000646412   9.298e-05
  9.298e-05 0.000460344
 0.000502621 -0.000207399
-0.000207399   0.00107485
 0.00102931 0.000219284
0.000219284 0.000505411
0.0117153 0.0118426
0.0118426 0.0131339
  0.0132487 0.000657226
0.000657226 0.000479912
 0.000501032 -0.000183149
-0.000183149  0.000946361
0.0116115 0.0120602
0.0120602 0.0137284
 0.0105613 0.00511608
0.00511608 0.00311786
0.000517934 0.000841043
0.000841043   0.0106745
  0.00551357 -0.000417122
-0.000417122  0.000472661
 0.000506107 -0.000224186
-0.000224186   0.00114711
   0.0129759 -0.000381818
-0.000381818   0.00046306
 0.000459768 -3.91756e-05
-3.91756e-05  0.000509145
0.00147258 0.00313384
0.00313384  0.0105085
0.00098163 0.00212349
0.00212349 0.00954434
0.000456819 0.000252457
0.000252457  0.00318006
 0.000469822 -0.000166054
-0.000166054   0.00118736
 0.000492909 -0.000657252
-0.000657252    0.0139891
 0.0136411 0.00885856
0.00885856  0.0065265
   0.003489 0.000561502
0.000561502 0.000535578
0.000885483 9.01172e-05
9.01172e-05  0.00044203
0.00189584 0.00430132
0.00430132  0.0137684
 0.0103549 0.00695021
0.00695021 0.00545775
 0.000486994 -0.000242604
-0.000242604   0.00155382
   0.0131736 -0.000604533
-0.000604533  0.000483726
0.00198587 0.00389775
0.00389775  0.0107504
0.000454567 -3.4511e-05
-3.4511e-05 0.000509455
0.00935526  0.0103757
 0.0103757  0.0127998
0.000455533 -0.00020087
-0.00020087  0.00225071
 0.0127447 0.00671376
0.00671376 0.00420862
 0.0105198 0.00615682
0.00615682 0.00432008
 0.0100841 0.00895863
0.00895863 0.00898015
 0.000528647 -0.000785229
-0.000785229    0.0080389
0.00477031  0.0075007
 0.0075007  0.0138576
0.000558135 8.31301e-05
8.31301e-05 0.000471436
 0.0126598 0.00771576
0.00771576 0.00543706
 0.000477219 -0.000421955
-0.000421955   0.00505096
 0.0100331 0.00540732
0.00540732  0.0035989
 0.00185254 0.000211248
0.000211248 0.000459021
 0.0105296 0.00695071
0.00695071 0.00536924
  0.00247331 -0.000411139
-0.000411139  0.000521109
    0.013702 -0.000680939
-0.000680939  0.000493433
0.013493 0.012966
0.012966 0.013574
 0.000482731 -0.000584062
-0.000584062    0.0134402
 0.000491494 -9.92567e-05
-9.92567e-05  0.000609947
 0.012421 0.0124353
0.0124353 0.0136073
 0.000535595 -0.000554621
-0.000554621   0.00364987
0.000470329  0.00037496
 0.00037496  0.00458291
0.00968156 0.00737497
0.00737497  0.0065062
 0.00750349 0.000519715
0.000519715 0.000474319
 0.00504515 0.000646409
0.000646409 0.000524939
0.000493444 0.000262824
0.000262824  0.00152541
0.00270089 0.00445946
0.00445946  0.0096854
 0.0129356 0.00564857
0.00564857 0.00307788
 0.0139111   0.011192
  0.011192 0.00992938
0.00745277 0.00832317
0.00832317  0.0106182
 0.00537522  0.00071275
 0.00071275 0.000538046
0.00493041 0.00652268
0.00652268  0.0102802
 0.0081721 0.00976869
0.00976869  0.0131002
 0.000512269 -0.000193659
-0.000193659  0.000928048
 0.0100319 0.00790616
0.00790616 0.00714325
  0.00194718 -0.000243347
-0.000243347  0.000473328
  0.007235 0.00910255
0.00910255  0.0129688
0.00924096 0.00886545
0.00886545 0.00961716
 0.00369604 -0.00037496
-0.00037496 0.000479245
 0.0138558 0.00148021
0.00148021 0.00061358
  0.0101577 0.000393978
0.000393978 0.000456159
0.00976987 0.00291098
0.00291098  0.0013937
 0.000491154 -0.000639789
-0.000639789    0.0140424
0.00378359 0.00571249
0.00571249  0.0105945
 0.000547058 -0.000434987
-0.000434987   0.00217376
 0.00559821 0.000597247
0.000597247 0.000503548
0.0112741 0.0118891
0.0118891 0.0137608
 0.00542547 0.000644527
0.000644527 0.000517932
