0.000229304 5.28345e-05
5.28345e-05  0.00022249
0.000224795 5.27018e-05
5.27018e-05 0.000220895
0.000212579 4.58519e-05
4.58519e-05 0.000211671
0.000203503 4.04889e-05
4.04889e-05 0.000204999
0.000194442 3.71007e-05
3.71007e-05 0.000199139
0.000188327 3.33259e-05
3.33259e-05 0.000193693
0.000183332  3.0074e-05
 3.0074e-05 0.000188702
0.000178692 2.71369e-05
2.71369e-05  0.00018716
0.000175103 2.50396e-05
2.50396e-05 0.000180704
0.000172466 2.29578e-05
2.29578e-05 0.000174976
0.000170347 2.13624e-05
2.13624e-05 0.000169282
0.000168861 1.92832e-05
1.92832e-05 0.000169426
0.000167971  1.6892e-05
 1.6892e-05 0.000171301
0.000166846 1.65412e-05
1.65412e-05 0.000164328
0.000165833 1.61676e-05
1.61676e-05 0.000158558
0.000164908  1.5676e-05
 1.5676e-05 0.000154396
0.000163838  1.5023e-05
 1.5023e-05 0.000150984
0.000162643 1.40747e-05
1.40747e-05 0.000148463
0.000161507 1.29369e-05
1.29369e-05 0.000146143
0.000160927 1.14477e-05
1.14477e-05 0.000144939
0.000160506 1.08713e-05
1.08713e-05 0.000142575
0.000160367 1.06384e-05
1.06384e-05  0.00014075
0.000160351 1.03938e-05
1.03938e-05 0.000138814
0.000160131 9.99178e-06
9.99178e-06 0.000137545
0.000159814 8.98753e-06
8.98753e-06 0.000137518
 0.00015892 7.47886e-06
7.47886e-06 0.000137105
0.000158182 5.87175e-06
5.87175e-06 0.000137006
0.000157956 4.22592e-06
4.22592e-06 0.000136806
0.000158312  2.9037e-06
 2.9037e-06 0.000135483
0.000158768 2.55649e-06
2.55649e-06 0.000134606
0.000159382 2.69244e-06
2.69244e-06 0.000134101
0.000160309 2.55891e-06
2.55891e-06 0.000132074
0.000161043 2.71324e-06
2.71324e-06 0.000132234
0.000161819 2.33848e-06
2.33848e-06 0.000133262
0.000162079 1.45824e-06
1.45824e-06 0.000132736
0.000162593 4.81319e-07
4.81319e-07 0.000133105
 0.000163555 -5.21381e-07
-5.21381e-07  0.000133281
 0.000164507 -1.01503e-06
-1.01503e-06  0.000131436
 0.000164913 -1.25504e-06
-1.25504e-06  0.000132194
 0.000164461 -1.65581e-06
-1.65581e-06  0.000132603
 0.000163602 -2.60352e-06
-2.60352e-06  0.000134424
0.000163355 -4.2318e-06
-4.2318e-06 0.000136902
 0.000164227 -5.96505e-06
-5.96505e-06   0.00013818
 0.000165514 -7.05154e-06
-7.05154e-06  0.000137642
 0.000166215 -7.34876e-06
-7.34876e-06  0.000138557
 0.000165999 -7.04033e-06
-7.04033e-06  0.000139608
 0.000165212 -6.21909e-06
-6.21909e-06  0.000141327
 0.000164263 -5.76645e-06
-5.76645e-06  0.000142541
 0.000163498 -5.57035e-06
-5.57035e-06  0.000144442
 0.000162954 -4.95468e-06
-4.95468e-06  0.000146112
 0.000163145 -4.03479e-06
-4.03479e-06   0.00014786
 0.000164177 -3.26165e-06
-3.26165e-06  0.000148967
 0.000165548 -2.68518e-06
-2.68518e-06  0.000150041
 0.000166462 -3.24803e-06
-3.24803e-06   0.00014956
 0.000166903 -4.15623e-06
-4.15623e-06  0.000150407
 0.000167203 -5.51176e-06
-5.51176e-06   0.00015279
 0.000167918 -7.37124e-06
-7.37124e-06  0.000152324
 0.000169365 -9.26184e-06
-9.26184e-06  0.000152525
 0.000171353 -1.06899e-05
-1.06899e-05  0.000154818
 0.000173009 -1.16135e-05
-1.16135e-05  0.000156294
 0.000173958 -1.21591e-05
-1.21591e-05  0.000158834
 0.000174042 -1.16826e-05
-1.16826e-05  0.000161538
 0.000173939 -1.11481e-05
-1.11481e-05  0.000163236
  0.00017414 -1.12084e-05
-1.12084e-05  0.000165384
  0.00017475 -1.21157e-05
-1.21157e-05  0.000168153
 0.000175781 -1.28457e-05
-1.28457e-05  0.000169084
 0.000177338 -1.41769e-05
-1.41769e-05  0.000171448
 0.000178872 -1.49351e-05
-1.49351e-05  0.000173658
 0.000179715 -1.36226e-05
-1.36226e-05  0.000171396
 0.000180904 -1.25341e-05
-1.25341e-05  0.000174128
 0.000182148 -1.09856e-05
-1.09856e-05  0.000178925
 0.000183334 -9.25974e-06
-9.25974e-06   0.00017919
 0.000184801 -8.30776e-06
-8.30776e-06  0.000182998
0.000186559 -7.0424e-06
-7.0424e-06 0.000188742
 0.00018792  -7.232e-06
 -7.232e-06 0.000192721
 0.000190357 -7.18997e-06
-7.18997e-06  0.000197274
 0.000193818 -6.74258e-06
-6.74258e-06  0.000200214
  0.00019807 -6.34243e-06
-6.34243e-06  0.000201013
  0.00020314 -7.21258e-06
-7.21258e-06  0.000194832
 0.000209061 -5.87358e-06
-5.87358e-06  0.000197143
 0.000214716 -4.18889e-06
-4.18889e-06  0.000200218
 0.000219787 -2.78168e-06
-2.78168e-06  0.000204483
 0.000222469 -3.10668e-06
-3.10668e-06  0.000204631
 0.000224241 -2.62846e-06
-2.62846e-06  0.000208771
0.000223751 -3.5233e-06
-3.5233e-06 0.000212336
  0.00022224 -5.23383e-06
-5.23383e-06  0.000218244
 0.000219336 -8.64023e-06
-8.64023e-06  0.000224121
  0.00021802 -1.42948e-05
-1.42948e-05  0.000229948
 0.000223501 -2.75982e-05
-2.75982e-05  0.000239049
 0.000231449 -3.37061e-05
-3.37061e-05  0.000241979
 0.000238799 -3.61111e-05
-3.61111e-05  0.000242807
 0.000242606 -3.50608e-05
-3.50608e-05  0.000240391
 0.000242959 -3.19149e-05
-3.19149e-05  0.000241636
 0.000241344 -2.82301e-05
-2.82301e-05  0.000244272
 0.000240914 -2.73328e-05
-2.73328e-05  0.000254693
 0.000239634 -2.29404e-05
-2.29404e-05  0.000258111
0.000239769 -1.9136e-05
-1.9136e-05 0.000264201
  0.00024149 -1.65037e-05
-1.65037e-05  0.000270953
 0.000244048 -1.46903e-05
-1.46903e-05  0.000278695
 0.000246929 -1.41615e-05
-1.41615e-05  0.000285845
0.000292759 1.44598e-05
1.44598e-05 0.000250311
0.000298395 6.70239e-06
6.70239e-06 0.000252923
  0.00030938 -4.07774e-06
-4.07774e-06  0.000257652
 0.000314973 -9.05276e-06
-9.05276e-06  0.000249345
 0.000323007 -2.12558e-05
-2.12558e-05  0.000256873
 0.000322259 -2.50778e-05
-2.50778e-05  0.000255559
0.000316921 -2.8351e-05
-2.8351e-05 0.000262533
 0.000304812 -2.23148e-05
-2.23148e-05  0.000262967
 0.000295457 -1.17888e-05
-1.17888e-05  0.000255918
 0.000293985 -4.19156e-06
-4.19156e-06   0.00024647
0.000299115 -1.9104e-06
-1.9104e-06 0.000238879
 0.00030699 4.00917e-07
4.00917e-07 0.000217334
 0.000317985 -6.47085e-06
-6.47085e-06  0.000216727
 0.000341311 -1.21422e-05
-1.21422e-05  0.000219135
0.000380983  1.0155e-09
 1.0155e-09 0.000224398
0.000477811 5.90128e-05
5.90128e-05 0.000248259
0.000444549 3.52136e-05
3.52136e-05  0.00024054
0.000317696 2.71466e-05
2.71466e-05 0.000235802
0.000271131 2.76094e-05
2.76094e-05 0.000232978
 0.00026113 2.68223e-05
2.68223e-05  0.00023135
0.000256475  2.8238e-05
 2.8238e-05 0.000229497
0.000254756 3.03683e-05
3.03683e-05 0.000225806
0.000255392 3.07511e-05
3.07511e-05 0.000220025
0.000256107 2.87463e-05
2.87463e-05 0.000213215
0.000252302 2.40799e-05
2.40799e-05 0.000205881
0.000246394 1.82905e-05
1.82905e-05 0.000200121
 0.00023834 1.30964e-05
1.30964e-05 0.000196118
0.000228219 1.00214e-05
1.00214e-05  0.00019311
0.000218751 1.21365e-05
1.21365e-05 0.000209773
0.000212571 1.14099e-05
1.14099e-05 0.000207525
0.000207957 1.11617e-05
1.11617e-05 0.000204486
0.000203711 1.04616e-05
1.04616e-05 0.000199823
0.000199506 8.98223e-06
8.98223e-06 0.000194681
0.000195465 7.06351e-06
7.06351e-06 0.000190019
0.000192118 5.56687e-06
5.56687e-06 0.000187723
  0.0001893  5.2407e-06
 5.2407e-06 0.000184272
0.000187641 5.18372e-06
5.18372e-06 0.000183438
0.000186715 5.92553e-06
5.92553e-06 0.000181056
0.000186776 6.88246e-06
6.88246e-06 0.000177711
0.000187724 7.66164e-06
7.66164e-06 0.000175589
0.000188844 7.66099e-06
7.66099e-06  0.00017317
0.000189816 7.69434e-06
7.69434e-06 0.000172658
0.000190008 7.10271e-06
7.10271e-06 0.000171893
0.000189604 6.41443e-06
6.41443e-06 0.000171775
0.000188931 5.61243e-06
5.61243e-06 0.000172271
0.000187194 8.02215e-06
8.02215e-06 0.000164889
0.000186809 7.79585e-06
7.79585e-06 0.000162884
0.000187067 7.33395e-06
7.33395e-06 0.000162084
0.000187856 6.77444e-06
6.77444e-06 0.000161355
0.000188825 6.10896e-06
6.10896e-06 0.000161282
0.000189608 5.29943e-06
5.29943e-06 0.000161944
 0.00018867 5.72463e-06
5.72463e-06 0.000159613
0.000187129 5.51874e-06
5.51874e-06 0.000160046
0.000184873 7.24988e-06
7.24988e-06 0.000159731
0.000184374 9.34548e-06
9.34548e-06 0.000161473
0.000185535 1.22887e-05
1.22887e-05 0.000163987
0.000187713 1.46585e-05
1.46585e-05 0.000165726
0.000189242 1.56351e-05
1.56351e-05 0.000166727
0.000188385 1.38676e-05
1.38676e-05 0.000164973
 0.00018592 1.16347e-05
1.16347e-05 0.000159541
0.000183233 9.03241e-06
9.03241e-06 0.000157339
0.000181011 7.56766e-06
7.56766e-06  0.00015713
0.000179556 6.95097e-06
6.95097e-06 0.000157585
0.000179175 7.13547e-06
7.13547e-06 0.000161591
0.000179627 7.60713e-06
7.60713e-06 0.000159642
0.000181246 9.41403e-06
9.41403e-06 0.000162735
0.000183167 1.01308e-05
1.01308e-05 0.000162282
0.000184683 1.02111e-05
1.02111e-05 0.000164002
0.000185277 9.20481e-06
9.20481e-06 0.000162705
  0.0001852  7.2546e-06
 7.2546e-06 0.000161064
0.000184778 3.93005e-06
3.93005e-06 0.000156618
0.000184237 4.03047e-07
4.03047e-07 0.000152899
0.000185055 -9.8624e-07
-9.8624e-07 0.000151947
 0.000185649 -2.91697e-06
-2.91697e-06  0.000153215
 0.000185001 -4.97946e-06
-4.97946e-06  0.000155454
 0.000182673 -5.73939e-06
-5.73939e-06  0.000155875
 0.000180072 -6.84835e-06
-6.84835e-06  0.000157457
 0.000177567 -8.44969e-06
-8.44969e-06  0.000157751
 0.000175929 -8.67113e-06
-8.67113e-06   0.00015965
 0.000175053 -7.63516e-06
-7.63516e-06  0.000160152
 0.000175641 -6.04886e-06
-6.04886e-06  0.000161742
 0.000176438 -7.11858e-06
-7.11858e-06  0.000156772
 0.000178345 -7.95496e-06
-7.95496e-06  0.000153156
 0.000180247 -9.36717e-06
-9.36717e-06  0.000154321
 0.000181871 -1.05737e-05
-1.05737e-05  0.000153489
 0.000182784 -1.13999e-05
-1.13999e-05  0.000153781
 0.000182596 -1.20802e-05
-1.20802e-05  0.000153299
 0.000181511 -1.30193e-05
-1.30193e-05  0.000153837
   0.0001808 -1.38729e-05
-1.38729e-05  0.000156122
 0.000180243 -1.56419e-05
-1.56419e-05  0.000159255
 0.000180785 -1.71037e-05
-1.71037e-05  0.000159402
 0.000181298 -1.79227e-05
-1.79227e-05  0.000159233
 0.000180991 -1.82617e-05
-1.82617e-05  0.000159405
 0.000180288 -1.80616e-05
-1.80616e-05  0.000160409
 0.000179429 -1.77258e-05
-1.77258e-05  0.000162155
0.000178889 -1.7387e-05
-1.7387e-05 0.000164624
 0.000178552 -1.71458e-05
-1.71458e-05  0.000168666
 0.000178915 -1.70256e-05
-1.70256e-05  0.000173224
 0.000179167 -1.84443e-05
-1.84443e-05  0.000175144
 0.000179322 -2.02101e-05
-2.02101e-05  0.000178259
0.000180131 2.26564e-05
2.26564e-05 0.000179558
0.000178043 2.20111e-05
2.20111e-05 0.000176992
0.000174854 2.14299e-05
2.14299e-05 0.000174127
0.000171556 2.07367e-05
2.07367e-05 0.000171102
0.000168701 2.01865e-05
2.01865e-05 0.000168889
0.000167209 1.96744e-05
1.96744e-05 0.000166972
0.000166111 1.98455e-05
1.98455e-05 0.000164973
0.000165947 1.99872e-05
1.99872e-05  0.00016266
0.000165988 1.96063e-05
1.96063e-05 0.000160374
0.000165944 1.84409e-05
1.84409e-05 0.000155583
0.000165834 1.72033e-05
1.72033e-05 0.000153892
0.000165921 1.58881e-05
1.58881e-05 0.000152795
0.000166467 1.42405e-05
1.42405e-05  0.00015366
0.000166533 1.36494e-05
1.36494e-05 0.000150501
0.000167841  1.1443e-05
 1.1443e-05 0.000150151
0.000167249 1.03575e-05
1.03575e-05 0.000149516
0.000166348 9.62397e-06
9.62397e-06  0.00014774
0.000165023 8.73491e-06
8.73491e-06 0.000146243
0.000163491 7.80601e-06
7.80601e-06 0.000145067
0.000161924 6.93491e-06
6.93491e-06 0.000144077
0.000160542 6.23019e-06
6.23019e-06 0.000143116
0.000159482  5.7274e-06
 5.7274e-06  0.00014198
0.000158722  5.3721e-06
 5.3721e-06 0.000139876
 0.00015824 5.20593e-06
5.20593e-06 0.000137634
0.000158026 4.74986e-06
4.74986e-06 0.000137163
  0.0001578 4.40211e-06
4.40211e-06 0.000135665
0.000157503 3.94927e-06
3.94927e-06 0.000136453
0.000156968 3.66616e-06
3.66616e-06 0.000135598
0.000156185 3.32629e-06
3.32629e-06 0.000135026
0.000155278 2.92536e-06
2.92536e-06 0.000135735
0.000154438 2.34881e-06
2.34881e-06 0.000136343
0.000153906 1.67635e-06
1.67635e-06 0.000137375
 0.00015377 1.06836e-06
1.06836e-06 0.000138342
0.000154066 5.75275e-07
5.75275e-07 0.000137382
0.000154794  1.4299e-07
 1.4299e-07  0.00013711
 0.000155945 -2.76219e-07
-2.76219e-07  0.000136636
 0.000157384 -6.89229e-07
-6.89229e-07  0.000136675
 0.000158665 -1.12589e-06
-1.12589e-06  0.000137269
0.000159308 -1.5513e-06
-1.5513e-06 0.000138408
 0.000159339 -1.75779e-06
-1.75779e-06  0.000140309
 0.000158936 -2.12709e-06
-2.12709e-06  0.000142593
 0.000158764 -2.48004e-06
-2.48004e-06  0.000145833
 0.000159077 -3.18352e-06
-3.18352e-06  0.000149025
0.000160074 -4.1995e-06
-4.1995e-06 0.000151507
  0.00016174 -5.29214e-06
-5.29214e-06  0.000153542
 0.000163886 -5.96927e-06
-5.96927e-06  0.000155525
 0.000165808 -6.40016e-06
-6.40016e-06   0.00015784
 0.000167009 -4.78573e-06
-4.78573e-06   0.00015391
 0.000167853 -3.94876e-06
-3.94876e-06  0.000152738
  0.00016828 -3.60243e-06
-3.60243e-06  0.000155834
 0.000168573 -3.04544e-06
-3.04544e-06  0.000160206
 0.000169613 -1.78055e-06
-1.78055e-06  0.000166601
 0.000171386 -9.15888e-07
-9.15888e-07  0.000171845
 0.000174696 -2.86814e-07
-2.86814e-07  0.000174173
 0.000179541 -1.42153e-06
-1.42153e-06   0.00016392
 0.000186078 -2.14191e-06
-2.14191e-06  0.000163708
 0.000194362 -2.72462e-06
-2.72462e-06  0.000164026
0.000202824 -2.9759e-06
-2.9759e-06 0.000164678
 0.000208167 -9.15257e-07
-9.15257e-07  0.000156055
 0.000211102 -2.31194e-07
-2.31194e-07  0.000156984
 0.00021226 2.21974e-06
2.21974e-06  0.00016002
0.000207323 3.30543e-06
3.30543e-06 0.000162607
0.000202235 6.09087e-06
6.09087e-06 0.000169261
0.000194402  5.5415e-06
 5.5415e-06 0.000171685
0.000188341 3.42538e-06
3.42538e-06 0.000174557
 0.000185496 -1.10974e-06
-1.10974e-06   0.00017687
 0.000187308 -6.54114e-06
-6.54114e-06  0.000184846
 0.000192349 -1.02556e-05
-1.02556e-05  0.000183236
0.000197759  -1.132e-05
 -1.132e-05 0.000180734
 0.000201788 -1.06512e-05
-1.06512e-05  0.000178533
 0.000202944 -7.49283e-06
-7.49283e-06  0.000174051
 0.000203713 -4.42752e-06
-4.42752e-06  0.000182815
 0.000203121 -3.49093e-06
-3.49093e-06  0.000181983
 0.000201412 -3.76052e-06
-3.76052e-06  0.000182209
 0.000199037 -4.88509e-06
-4.88509e-06  0.000182511
 0.000197052 -5.89672e-06
-5.89672e-06  0.000184869
  0.00019606 -5.57746e-06
-5.57746e-06  0.000185943
 0.000196526 -4.82931e-06
-4.82931e-06  0.000184193
0.000198816 -4.2899e-06
-4.2899e-06 0.000181323
 0.000202347 -5.02221e-06
-5.02221e-06  0.000178505
  0.00020573 -6.84363e-06
-6.84363e-06  0.000177395
 0.000207456 -8.89347e-06
-8.89347e-06  0.000177849
 0.000207324 -1.01445e-05
-1.01445e-05  0.000178773
 0.000206496 -1.02918e-05
-1.02918e-05   0.00018305
  0.00020627 -9.46367e-06
-9.46367e-06  0.000184984
 0.000207195 -8.58459e-06
-8.58459e-06  0.000187361
 0.000209122 -7.78118e-06
-7.78118e-06  0.000191598
 0.000209935 -9.56724e-06
-9.56724e-06  0.000191534
 0.000210425 -1.21283e-05
-1.21283e-05  0.000192613
 0.000210773 -1.46771e-05
-1.46771e-05  0.000196088
 0.000210328 -1.78311e-05
-1.78311e-05  0.000197541
 0.000210908 -1.97768e-05
-1.97768e-05  0.000200327
  0.00021175 -2.12369e-05
-2.12369e-05  0.000203454
 0.000212666 -2.22854e-05
-2.22854e-05  0.000206942
 0.000213921 -2.28143e-05
-2.28143e-05  0.000210501
 0.000215728 -2.27997e-05
-2.27997e-05  0.000214309
 0.000217011 -2.30224e-05
-2.30224e-05  0.000219119
 0.000219551 -2.18801e-05
-2.18801e-05  0.000225672
 0.000222057 -2.10156e-05
-2.10156e-05  0.000232353
 0.000224542 -2.05347e-05
-2.05347e-05  0.000241207
0.000252609 2.07902e-05
2.07902e-05  0.00022642
 0.00025678 1.89574e-05
1.89574e-05 0.000222979
0.000254562 1.91568e-05
1.91568e-05 0.000218492
0.000248568 1.82904e-05
1.82904e-05 0.000215405
0.000240019 1.84287e-05
1.84287e-05 0.000212894
0.000231551 1.97959e-05
1.97959e-05 0.000210794
0.000225096 2.23903e-05
2.23903e-05 0.000209058
0.000222614 2.60715e-05
2.60715e-05 0.000208348
0.000224573  3.0938e-05
 3.0938e-05 0.000204696
0.000228529 3.46315e-05
3.46315e-05 0.000203763
0.000230006 3.69034e-05
3.69034e-05 0.000203563
0.000226184 3.72317e-05
3.72317e-05 0.000204454
0.000216185 3.26369e-05
3.26369e-05 0.000202266
 0.00020649 2.70536e-05
2.70536e-05 0.000198482
 0.00019975 2.03057e-05
2.03057e-05 0.000194397
0.000197044  1.4749e-05
 1.4749e-05 0.000194294
0.000196512 1.13415e-05
1.13415e-05 0.000188445
0.000198502 6.67802e-06
6.67802e-06 0.000189831
0.000198305 6.16657e-06
6.16657e-06 0.000184925
0.000198008 5.95098e-06
5.95098e-06 0.000182481
0.000197458 6.58972e-06
6.58972e-06 0.000179792
 0.00019649  8.3718e-06
 8.3718e-06 0.000175385
 0.00019601 9.81665e-06
9.81665e-06 0.000171502
0.000196148 1.00165e-05
1.00165e-05 0.000169274
0.000195469 1.00502e-05
1.00502e-05 0.000167292
0.000193907 1.01384e-05
1.01384e-05 0.000165621
0.000191318 1.04311e-05
1.04311e-05 0.000163947
0.000187564 1.35997e-05
1.35997e-05 0.000168798
0.000184713 1.38508e-05
1.38508e-05 0.000166926
0.000181084 1.34111e-05
1.34111e-05 0.000165164
0.000177209 1.23804e-05
1.23804e-05 0.000163119
0.000173162 1.10702e-05
1.10702e-05 0.000160837
0.000170961  8.8888e-06
 8.8888e-06 0.000159215
 0.00017001 6.99426e-06
6.99426e-06 0.000156812
0.000170216 5.50784e-06
5.50784e-06  0.00015741
0.000170414 4.36459e-06
4.36459e-06 0.000155724
0.000169477 5.79739e-06
5.79739e-06 0.000154256
0.000168616  6.4448e-06
 6.4448e-06 0.000152475
0.000167291  7.8792e-06
 7.8792e-06 0.000150231
0.000166442 8.95142e-06
8.95142e-06 0.000148439
0.000166296 1.03366e-05
1.03366e-05  0.00014916
0.000166242 1.12511e-05
1.12511e-05 0.000148857
0.000166853 1.24727e-05
1.24727e-05 0.000148831
0.000166933 1.22606e-05
1.22606e-05 0.000145057
0.000165594 1.08494e-05
1.08494e-05 0.000142425
0.000163645 8.65864e-06
8.65864e-06 0.000139674
0.000162137 6.93675e-06
6.93675e-06 0.000139082
0.000161212 5.34491e-06
5.34491e-06 0.000137947
0.000160537 4.38577e-06
4.38577e-06 0.000136649
0.000160093  3.5268e-06
 3.5268e-06 0.000136124
0.000159666 2.91805e-06
2.91805e-06 0.000136472
0.000159207 2.51558e-06
2.51558e-06 0.000137632
0.000158832 2.59313e-06
2.59313e-06 0.000138547
0.000158387 2.48914e-06
2.48914e-06 0.000138079
0.000158054 2.35601e-06
2.35601e-06 0.000137808
0.000157713 1.97439e-06
1.97439e-06 0.000137433
0.000157337 1.57567e-06
1.57567e-06 0.000136307
0.000156916 1.10567e-06
1.10567e-06 0.000137458
0.000156348 6.85488e-07
6.85488e-07 0.000136908
0.000155693 5.81727e-07
5.81727e-07  0.00013788
0.000154997 8.31746e-07
8.31746e-07 0.000136328
0.000154542  7.6403e-07
 7.6403e-07 0.000137022
0.000154508 8.70909e-07
8.70909e-07 0.000139023
0.000154899 6.31941e-07
6.31941e-07 0.000139046
0.000155782 2.61442e-07
2.61442e-07 0.000138464
  0.00015737 -1.55257e-08
-1.55257e-08  0.000136375
 0.000159319 -9.21669e-07
-9.21669e-07  0.000135607
 0.000161633 -2.04671e-06
-2.04671e-06  0.000134266
 0.000164581 -3.14448e-06
-3.14448e-06    0.0001349
 0.000166683 -4.09388e-06
-4.09388e-06  0.000134517
 0.000168447 -5.22745e-06
-5.22745e-06  0.000134849
 0.000169231 -6.33983e-06
-6.33983e-06  0.000136141
 0.000168958 -7.12064e-06
-7.12064e-06  0.000137123
 0.000168498 -6.96351e-06
-6.96351e-06  0.000139122
0.000166966 -7.1792e-06
-7.1792e-06 0.000140283
 0.000165944 -6.88582e-06
-6.88582e-06  0.000142307
 0.000164666 -7.22296e-06
-7.22296e-06  0.000144817
 0.000163231 -7.02539e-06
-7.02539e-06  0.000145158
 0.000162483 -7.77623e-06
-7.77623e-06  0.000147885
 0.000162454 -8.17073e-06
-8.17073e-06  0.000150692
 0.000163202 -8.05939e-06
-8.05939e-06  0.000153004
 0.000164885 -7.77848e-06
-7.77848e-06  0.000155365
0.000166781 -8.3278e-06
-8.3278e-06 0.000155342
 0.000168263 -8.96625e-06
-8.96625e-06  0.000158041
 0.000169027 -9.87351e-06
-9.87351e-06    0.0001609
 0.000170204 -1.00911e-05
-1.00911e-05  0.000164007
 0.000170857 -1.03648e-05
-1.03648e-05  0.000168265
 0.000171892 -1.02179e-05
-1.02179e-05  0.000173116
 0.000173475 -9.63116e-06
-9.63116e-06   0.00017868
 0.000175046 -9.41616e-06
-9.41616e-06  0.000182191
 0.000177309 -8.32497e-06
-8.32497e-06  0.000189017
 0.000178353 -1.21492e-05
-1.21492e-05  0.000179062
 0.000179975 -1.31506e-05
-1.31506e-05  0.000183392
 0.000181064 -1.64509e-05
-1.64509e-05  0.000183416
 0.000183281 -1.89911e-05
-1.89911e-05  0.000189023
 0.000186289 -2.26632e-05
-2.26632e-05  0.000194711
 0.000190648 -2.74316e-05
-2.74316e-05  0.000199969
 0.000197047 -3.38117e-05
-3.38117e-05   0.00020376
 0.000206225 -4.02504e-05
-4.02504e-05  0.000212226
 0.000216953 -4.89984e-05
-4.89984e-05  0.000223485
