0.000236016 5.50736e-05
5.50736e-05 0.000228923
0.000231142 5.44583e-05
5.44583e-05 0.000226753
0.000217864 4.69363e-05
4.69363e-05 0.000216852
0.000208424  4.1565e-05
 4.1565e-05 0.000210443
0.000198244 3.77371e-05
3.77371e-05 0.000204144
 0.00019196 3.38883e-05
3.38883e-05 0.000198716
0.000186644 3.04056e-05
3.04056e-05 0.000193477
0.000181729 2.73395e-05
2.73395e-05 0.000192168
0.000177826 2.50678e-05
2.50678e-05 0.000185243
0.000175081 2.29545e-05
2.29545e-05 0.000179323
0.000172861 2.13303e-05
2.13303e-05 0.000173353
0.000171318 1.91932e-05
1.91932e-05  0.00017377
0.000170422  1.6712e-05
 1.6712e-05 0.000176001
0.000169221 1.64015e-05
1.64015e-05  0.00016853
0.000168177 1.60539e-05
1.60539e-05  0.00016225
0.000167224 1.55744e-05
1.55744e-05 0.000157797
0.000166089  1.4902e-05
 1.4902e-05 0.000154157
0.000164826 1.39062e-05
1.39062e-05  0.00015149
0.000163634  1.2714e-05
 1.2714e-05 0.000149061
0.000163055  1.1143e-05
 1.1143e-05 0.000147837
0.000162614 1.05716e-05
1.05716e-05 0.000145378
 0.00016249 1.03758e-05
1.03758e-05 0.000143472
0.000162478 1.01735e-05
1.01735e-05 0.000141465
0.000162287 9.78917e-06
9.78917e-06 0.000140138
0.000161964 8.76105e-06
8.76105e-06 0.000140208
0.000161003 7.13572e-06
7.13572e-06 0.000139819
0.000160203  5.4108e-06
 5.4108e-06 0.000139798
0.000159962 3.64252e-06
3.64252e-06 0.000139668
0.000160335 2.24129e-06
2.24129e-06 0.000138299
0.000160866 1.90226e-06
1.90226e-06 0.000137374
0.000161562 2.09324e-06
2.09324e-06 0.000136854
0.000162577 1.98905e-06
1.98905e-06 0.000134677
0.000163355 2.21858e-06
2.21858e-06 0.000134916
0.000164193   1.856e-06
  1.856e-06 0.000136095
0.000164441 9.17601e-07
9.17601e-07 0.000135566
 0.000164981 -1.27281e-07
-1.27281e-07  0.000135992
 0.000166012 -1.18854e-06
-1.18854e-06  0.000136196
  0.00016702 -1.65191e-06
-1.65191e-06  0.000134192
 0.000167447 -1.85729e-06
-1.85729e-06  0.000135011
 0.000166937 -2.25207e-06
-2.25207e-06  0.000135498
 0.000166004 -3.24819e-06
-3.24819e-06  0.000137511
0.000165717 -4.9734e-06
-4.9734e-06 0.000140214
 0.000166697 -6.86939e-06
-6.86939e-06  0.000141632
 0.000168108 -8.01932e-06
-8.01932e-06  0.000141009
 0.000168875 -8.28192e-06
-8.28192e-06  0.000141968
 0.000168628 -7.87972e-06
-7.87972e-06  0.000143087
 0.000167783 -6.92688e-06
-6.92688e-06  0.000144923
 0.000166713 -6.36621e-06
-6.36621e-06   0.00014622
 0.000165795 -6.10806e-06
-6.10806e-06  0.000148305
 0.000165212 -5.36366e-06
-5.36366e-06  0.000150083
 0.000165385 -4.28853e-06
-4.28853e-06  0.000151972
 0.000166436 -3.40441e-06
-3.40441e-06  0.000153117
 0.000167877 -2.70634e-06
-2.70634e-06   0.00015423
 0.000168828 -3.26349e-06
-3.26349e-06  0.000153608
 0.000169277 -4.20495e-06
-4.20495e-06  0.000154446
 0.000169568 -5.66116e-06
-5.66116e-06  0.000156985
  0.00017029 -7.65892e-06
-7.65892e-06  0.000156397
 0.000171799 -9.68192e-06
-9.68192e-06  0.000156518
 0.000173914 -1.11913e-05
-1.11913e-05  0.000158925
 0.000175656 -1.21457e-05
-1.21457e-05  0.000160424
 0.000176656 -1.26883e-05
-1.26883e-05  0.000163078
 0.000176702 -1.20989e-05
-1.20989e-05  0.000165914
 0.000176555 -1.14497e-05
-1.14497e-05  0.000167626
0.000176679 -1.1442e-05
-1.1442e-05 0.000169936
0.000177276 -1.2371e-05
-1.2371e-05 0.000172892
 0.000178277 -1.30636e-05
-1.30636e-05  0.000173756
 0.000179899 -1.44603e-05
-1.44603e-05  0.000176211
 0.000181505 -1.51951e-05
-1.51951e-05  0.000178437
 0.000182358 -1.36728e-05
-1.36728e-05  0.000175812
  0.00018361 -1.23753e-05
-1.23753e-05  0.000178629
 0.000184897 -1.06149e-05
-1.06149e-05  0.000183638
 0.000186073 -8.61391e-06
-8.61391e-06  0.000183891
 0.000187426 -7.50254e-06
-7.50254e-06  0.000187918
 0.000189213 -6.05629e-06
-6.05629e-06  0.000194172
 0.000190502 -6.30609e-06
-6.30609e-06   0.00019831
 0.000192877 -6.16987e-06
-6.16987e-06   0.00020299
 0.000196472 -5.79284e-06
-5.79284e-06  0.000205782
 0.000200938 -5.39412e-06
-5.39412e-06  0.000206312
 0.000206102 -6.24229e-06
-6.24229e-06  0.000199629
  0.00021214 -4.74792e-06
-4.74792e-06  0.000201921
 0.000217971 -2.98938e-06
-2.98938e-06  0.000205019
 0.000223188 -1.36467e-06
-1.36467e-06  0.000209481
 0.000225811 -1.76466e-06
-1.76466e-06  0.000209481
 0.000227448 -1.26452e-06
-1.26452e-06  0.000213627
 0.000226905 -2.07493e-06
-2.07493e-06  0.000217297
 0.00022509 -3.9896e-06
-3.9896e-06 0.000223544
  0.00022194 -7.60839e-06
-7.60839e-06  0.000229583
 0.000220552 -1.35662e-05
-1.35662e-05  0.000235599
 0.000226517 -2.80165e-05
-2.80165e-05  0.000245454
 0.000234706 -3.45061e-05
-3.45061e-05  0.000248281
 0.000242403 -3.70953e-05
-3.70953e-05  0.000248879
 0.000246198 -3.58912e-05
-3.58912e-05   0.00024609
 0.000246445 -3.24721e-05
-3.24721e-05  0.000247011
 0.000244748 -2.84839e-05
-2.84839e-05  0.000249432
 0.000245088 -2.79073e-05
-2.79073e-05  0.000259758
 0.000243256 -2.27763e-05
-2.27763e-05   0.00026353
 0.000243507 -1.87693e-05
-1.87693e-05  0.000269419
 0.000245352 -1.56489e-05
-1.56489e-05  0.000276706
 0.000248144 -1.35592e-05
-1.35592e-05  0.000284581
   0.0002514 -1.26881e-05
-1.26881e-05  0.000292252
0.000299451 1.27576e-05
1.27576e-05 0.000255132
0.000305535 4.45487e-06
4.45487e-06 0.000257973
 0.000317365 -7.03493e-06
-7.03493e-06  0.000263145
 0.000323263 -1.29997e-05
-1.29997e-05  0.000254424
 0.000331222 -2.59002e-05
-2.59002e-05  0.000262818
 0.000328388 -2.98861e-05
-2.98861e-05  0.000261938
 0.000319638 -3.16038e-05
-3.16038e-05  0.000269189
 0.000305274 -2.33255e-05
-2.33255e-05  0.000269055
 0.000295443 -1.13236e-05
-1.13236e-05  0.000261234
 0.000294287 -2.85305e-06
-2.85305e-06  0.000250966
 0.000299958 -1.56277e-07
-1.56277e-07  0.000242765
0.000308731 1.58279e-06
1.58279e-06 0.000221113
     0.00032 -5.06099e-06
-5.06099e-06  0.000220076
 0.000342406 -1.00477e-05
-1.00477e-05  0.000222527
0.000384214 3.16602e-06
3.16602e-06 0.000228404
0.000499101 6.88301e-05
6.88301e-05 0.000254908
0.000449346 3.69968e-05
3.69968e-05  0.00024493
 0.00032593 2.90826e-05
2.90826e-05 0.000241003
0.000276917 2.87009e-05
2.87009e-05 0.000238251
0.000267258 2.78793e-05
2.78793e-05 0.000237434
0.000261757 2.94415e-05
2.94415e-05 0.000236075
0.000260283 3.16804e-05
3.16804e-05 0.000232936
0.000261209 3.24814e-05
3.24814e-05 0.000227441
0.000261629 3.03254e-05
3.03254e-05 0.000220196
0.000258067 2.57109e-05
2.57109e-05 0.000212637
0.000251992 1.95674e-05
1.95674e-05 0.000206402
0.000243467 1.39583e-05
1.39583e-05 0.000202072
0.000233017 1.07599e-05
1.07599e-05 0.000199012
0.000222802  1.3212e-05
 1.3212e-05 0.000217558
0.000216148 1.23366e-05
1.23366e-05 0.000215029
0.000211239 1.21418e-05
1.21418e-05 0.000211837
0.000206791 1.13381e-05
1.13381e-05 0.000206775
0.000202312 9.55226e-06
9.55226e-06 0.000200932
0.000198052 7.47494e-06
7.47494e-06 0.000196229
 0.00019448  5.7015e-06
 5.7015e-06 0.000193667
0.000191536 5.34101e-06
5.34101e-06 0.000190274
0.000189789 5.17593e-06
5.17593e-06  0.00018915
0.000188957 5.94413e-06
5.94413e-06 0.000186708
 0.00018916 6.95861e-06
6.95861e-06 0.000183039
0.000190319 7.82362e-06
7.82362e-06  0.00018068
0.000191675 7.80135e-06
7.80135e-06 0.000178114
0.000192869 7.81959e-06
7.81959e-06  0.00017766
0.000193165 7.15447e-06
7.15447e-06 0.000176905
0.000192785 6.37934e-06
6.37934e-06 0.000176937
0.000192126 5.47499e-06
5.47499e-06 0.000177662
0.000190091 8.19721e-06
8.19721e-06   0.0001695
0.000189747  7.9299e-06
 7.9299e-06 0.000167454
0.000190061 7.41625e-06
7.41625e-06 0.000166664
0.000190889  6.8304e-06
 6.8304e-06 0.000165887
0.000191997 6.09609e-06
6.09609e-06 0.000165914
 0.00019277 5.27765e-06
5.27765e-06 0.000166644
0.000191654 5.84101e-06
5.84101e-06 0.000164145
0.000189979 5.70353e-06
5.70353e-06 0.000164685
0.000187573 7.70017e-06
7.70017e-06 0.000164399
0.000187054 1.00749e-05
1.00749e-05 0.000166354
0.000188405 1.34099e-05
1.34099e-05 0.000169175
0.000190747 1.59947e-05
1.59947e-05 0.000171064
0.000192404  1.7083e-05
 1.7083e-05 0.000172169
  0.0001915 1.52202e-05
1.52202e-05 0.000170301
0.000188934 1.28596e-05
1.28596e-05 0.000164307
0.000186106 1.00696e-05
1.00696e-05 0.000161916
0.000183822 8.56627e-06
8.56627e-06 0.000161761
 0.00018229 7.92388e-06
7.92388e-06  0.00016224
0.000181918 8.13789e-06
8.13789e-06 0.000166518
0.000182393 8.67973e-06
8.67973e-06 0.000164386
0.000184187 1.06772e-05
1.06772e-05 0.000167657
0.000186143 1.15301e-05
1.15301e-05 0.000167215
0.000187811 1.16204e-05
1.16204e-05 0.000168978
0.000188422  1.0525e-05
 1.0525e-05 0.000167517
0.000188392 8.51819e-06
8.51819e-06 0.000165744
0.000187935 4.95675e-06
4.95675e-06 0.000160897
0.000187267 1.20631e-06
1.20631e-06 0.000156862
 0.000188137 -2.47999e-07
-2.47999e-07  0.000155786
 0.000188748 -2.33266e-06
-2.33266e-06   0.00015709
 0.000188085 -4.52923e-06
-4.52923e-06  0.000159463
 0.000185574 -5.38028e-06
-5.38028e-06  0.000159903
 0.000182772 -6.44912e-06
-6.44912e-06  0.000161548
 0.000180029 -8.18994e-06
-8.18994e-06  0.000161909
 0.000178273 -8.30393e-06
-8.30393e-06  0.000163909
 0.000177375 -7.13786e-06
-7.13786e-06  0.000164381
 0.000178031 -5.38802e-06
-5.38802e-06  0.000166017
 0.000178883 -6.47912e-06
-6.47912e-06  0.000160529
 0.000180904 -7.28848e-06
-7.28848e-06  0.000156485
 0.000182996 -8.77247e-06
-8.77247e-06  0.000157636
 0.000184747 -1.00327e-05
-1.00327e-05  0.000156626
 0.000185746 -1.08783e-05
-1.08783e-05  0.000156843
0.000185551 -1.1554e-05
-1.1554e-05 0.000156214
 0.000184355 -1.25414e-05
-1.25414e-05  0.000156718
 0.000183595 -1.34062e-05
-1.34062e-05   0.00015909
 0.000183022 -1.52487e-05
-1.52487e-05  0.000162346
  0.00018354 -1.67985e-05
-1.67985e-05  0.000162388
 0.000184088 -1.76407e-05
-1.76407e-05  0.000162053
0.000183744 -1.7929e-05
-1.7929e-05 0.000162068
 0.000182966 -1.76357e-05
-1.76357e-05  0.000162984
0.000182002 -1.7177e-05
-1.7177e-05 0.000164738
 0.000181408 -1.67053e-05
-1.67053e-05  0.000167237
 0.000180999 -1.63303e-05
-1.63303e-05  0.000171418
  0.00018148 -1.61098e-05
-1.61098e-05  0.000176189
 0.000181667 -1.75828e-05
-1.75828e-05  0.000178059
0.000181756 -1.9468e-05
-1.9468e-05 0.000181215
0.000183011 2.20922e-05
2.20922e-05 0.000181948
0.000180771 2.14282e-05
2.14282e-05 0.000179397
0.000177368 2.08606e-05
2.08606e-05 0.000176539
0.000173824 2.01413e-05
2.01413e-05 0.000173521
0.000170819 1.96376e-05
1.96376e-05 0.000171372
0.000169129 1.90947e-05
1.90947e-05 0.000169518
0.000168011 1.93828e-05
1.93828e-05 0.000167568
0.000167844 1.96207e-05
1.96207e-05 0.000165267
 0.00016805 1.92853e-05
1.92853e-05 0.000162931
0.000167978 1.80575e-05
1.80575e-05 0.000157906
 0.00016794 1.67477e-05
1.67477e-05 0.000156218
0.000168064 1.54133e-05
1.54133e-05 0.000155275
0.000168718 1.37033e-05
1.37033e-05 0.000156437
0.000168794  1.3115e-05
 1.3115e-05 0.000153126
0.000170312  1.0795e-05
 1.0795e-05 0.000152962
 0.00016973 9.69342e-06
9.69342e-06 0.000152398
 0.00016879 8.92841e-06
8.92841e-06 0.000150548
 0.00016742 8.01099e-06
8.01099e-06 0.000149055
0.000165788 7.04883e-06
7.04883e-06 0.000147891
0.000164135 6.15815e-06
6.15815e-06  0.00014695
0.000162674 5.43434e-06
5.43434e-06 0.000146025
0.000161537 4.91491e-06
4.91491e-06 0.000144888
0.000160739 4.57867e-06
4.57867e-06 0.000142672
0.000160223  4.4624e-06
 4.4624e-06 0.000140284
0.000160002 4.03083e-06
4.03083e-06 0.000139825
0.000159767 3.70949e-06
3.70949e-06 0.000138248
0.000159456 3.28099e-06
3.28099e-06 0.000139179
0.000158855  3.0224e-06
 3.0224e-06 0.000138294
0.000158005 2.71158e-06
2.71158e-06 0.000137739
0.000156999 2.32474e-06
2.32474e-06 0.000138593
0.000156079 1.74635e-06
1.74635e-06 0.000139341
0.000155484 1.04568e-06
1.04568e-06 0.000140543
0.000155331 4.07996e-07
4.07996e-07 0.000141652
 0.000155633 -8.11719e-08
-8.11719e-08  0.000140622
 0.000156416 -5.04281e-07
-5.04281e-07   0.00014035
 0.000157673 -9.11364e-07
-9.11364e-07  0.000139844
 0.000159216 -1.30899e-06
-1.30899e-06  0.000139914
 0.000160569 -1.72387e-06
-1.72387e-06  0.000140593
 0.000161216 -2.13148e-06
-2.13148e-06  0.000141848
 0.000161218 -2.30514e-06
-2.30514e-06  0.000143972
 0.000160734 -2.66132e-06
-2.66132e-06  0.000146498
0.000160536 -3.0064e-06
-3.0064e-06 0.000150082
 0.000160849 -3.74516e-06
-3.74516e-06  0.000153594
 0.000161894 -4.81237e-06
-4.81237e-06  0.000156291
 0.000163624 -5.89323e-06
-5.89323e-06  0.000158409
 0.000165907 -6.60044e-06
-6.60044e-06  0.000160553
 0.000167911 -6.95985e-06
-6.95985e-06  0.000163019
 0.000169119 -5.14555e-06
-5.14555e-06  0.000158726
 0.000169978 -4.25354e-06
-4.25354e-06  0.000157449
0.000170366 -3.8229e-06
-3.8229e-06 0.000160823
 0.000170579 -3.18434e-06
-3.18434e-06   0.00016552
 0.000171681 -1.79044e-06
-1.79044e-06  0.000172513
 0.000173497 -9.09773e-07
-9.09773e-07  0.000178068
 0.00017702 -3.7255e-07
-3.7255e-07 0.000180391
 0.000182049 -1.39328e-06
-1.39328e-06  0.000169237
  0.00018903 -2.10438e-06
-2.10438e-06   0.00016889
 0.000197639 -2.65311e-06
-2.65311e-06  0.000169121
 0.000206588 -2.83927e-06
-2.83927e-06  0.000169726
 0.000211975 -6.01296e-07
-6.01296e-07  0.000160466
0.000214928 1.83878e-07
1.83878e-07 0.000161374
0.000216188 2.85822e-06
2.85822e-06 0.000164542
0.000211013 4.07169e-06
4.07169e-06 0.000167229
0.000205572 7.17153e-06
7.17153e-06  0.00017438
0.000197466 6.53835e-06
6.53835e-06 0.000176859
0.000191036 4.30935e-06
4.30935e-06 0.000179937
  0.00018795 -5.33549e-07
-5.33549e-07  0.000182392
 0.000189827 -6.50615e-06
-6.50615e-06  0.000190898
  0.00019527 -1.05708e-05
-1.05708e-05  0.000188948
 0.000201201 -1.18153e-05
-1.18153e-05  0.000186098
  0.00020555 -1.11059e-05
-1.11059e-05  0.000183587
 0.000206859 -7.69544e-06
-7.69544e-06  0.000178652
 0.000207611 -4.38742e-06
-4.38742e-06  0.000187737
 0.000206978 -3.30129e-06
-3.30129e-06  0.000186785
 0.000205091 -3.53222e-06
-3.53222e-06  0.000186952
 0.000202531 -4.64555e-06
-4.64555e-06  0.000187242
 0.00020039 -5.6448e-06
-5.6448e-06 0.000189755
 0.000199206 -5.31934e-06
-5.31934e-06  0.000190815
 0.000199662 -4.46139e-06
-4.46139e-06  0.000188875
 0.000202137 -3.83114e-06
-3.83114e-06  0.000185601
 0.000205863 -4.59959e-06
-4.59959e-06  0.000182477
 0.000209396 -6.51723e-06
-6.51723e-06  0.000181067
 0.000211308 -8.74585e-06
-8.74585e-06  0.000181515
 0.000211145 -1.00392e-05
-1.00392e-05  0.000182426
 0.000210221 -1.01777e-05
-1.01777e-05  0.000186968
 0.000209934 -9.18844e-06
-9.18844e-06  0.000188975
 0.000210965 -8.12871e-06
-8.12871e-06  0.000191409
  0.00021302 -7.11353e-06
-7.11353e-06  0.000195754
 0.000214019 -8.98588e-06
-8.98588e-06  0.000195566
0.000214481  -1.168e-05
 -1.168e-05 0.000196489
 0.000214836 -1.44566e-05
-1.44566e-05   0.00020013
 0.000214387 -1.78118e-05
-1.78118e-05  0.000201621
 0.000214981 -1.99098e-05
-1.99098e-05  0.000204544
0.000215704 -2.1484e-05
-2.1484e-05  0.00020783
 0.000216615 -2.25554e-05
-2.25554e-05  0.000211388
 0.000217856 -2.30859e-05
-2.30859e-05  0.000215141
 0.000219611 -2.29908e-05
-2.29908e-05   0.00021916
 0.000221055 -2.31754e-05
-2.31754e-05  0.000224158
 0.000223744 -2.18832e-05
-2.18832e-05   0.00023104
 0.000226569 -2.09042e-05
-2.09042e-05  0.000237927
0.000229133 -2.0229e-05
-2.0229e-05  0.00024735
0.000259593 2.03974e-05
2.03974e-05 0.000231163
0.000263797 1.83497e-05
1.83497e-05 0.000227552
0.000260705  1.8521e-05
 1.8521e-05 0.000222799
0.000254517 1.76721e-05
1.76721e-05 0.000219852
 0.00024508 1.79252e-05
1.79252e-05 0.000217344
0.000235558 1.95007e-05
1.95007e-05 0.000215265
0.000228736 2.23818e-05
2.23818e-05 0.000213637
0.000226244 2.64601e-05
2.64601e-05 0.000213114
0.000228125 3.16994e-05
3.16994e-05 0.000209363
0.000232385 3.57234e-05
3.57234e-05 0.000208505
 0.00023422 3.81922e-05
3.81922e-05 0.000208459
0.000230341 3.85376e-05
3.85376e-05 0.000209514
0.000220047 3.36576e-05
3.36576e-05 0.000207204
0.000209787 2.76569e-05
2.76569e-05 0.000203302
0.000202773 2.04645e-05
2.04645e-05 0.000199018
0.000200021 1.45681e-05
1.45681e-05 0.000199036
0.000199529  1.0805e-05
 1.0805e-05 0.000192945
 0.00020174 5.75376e-06
5.75376e-06 0.000194651
 0.00020153 5.24785e-06
5.24785e-06 0.000189682
0.000201178 5.06602e-06
5.06602e-06 0.000187217
0.000200419 5.86823e-06
5.86823e-06 0.000184349
0.000199426  7.8287e-06
 7.8287e-06 0.000179738
0.000199024  9.3841e-06
 9.3841e-06 0.000175722
0.000199329 9.62847e-06
9.62847e-06 0.000173452
0.000198785 9.67551e-06
9.67551e-06 0.000171501
0.000197053  9.8312e-06
 9.8312e-06 0.000169759
0.000194522 1.01948e-05
1.01948e-05 0.000168128
0.000190583 1.36227e-05
1.36227e-05 0.000173481
0.000187595 1.39741e-05
1.39741e-05 0.000171585
0.000183906 1.35566e-05
1.35566e-05 0.000169831
0.000179698 1.24836e-05
1.24836e-05 0.000167752
0.000175439  1.1149e-05
 1.1149e-05   0.0001655
0.000173107 8.78582e-06
8.78582e-06 0.000163812
0.000172124 6.74715e-06
6.74715e-06 0.000161304
0.000172418  5.1462e-06
 5.1462e-06 0.000162057
0.000172692 3.94876e-06
3.94876e-06 0.000160289
0.000171736 5.57977e-06
5.57977e-06 0.000158736
0.000170877 6.34506e-06
6.34506e-06 0.000156889
0.000169467 8.00624e-06
8.00624e-06 0.000154515
0.000168575 9.24019e-06
9.24019e-06 0.000152624
0.000168398 1.07794e-05
1.07794e-05 0.000153415
0.000168484  1.1926e-05
 1.1926e-05 0.000153242
0.000169248 1.33698e-05
1.33698e-05  0.00015332
0.000169453 1.32362e-05
1.32362e-05 0.000149288
0.000168095 1.17627e-05
1.17627e-05 0.000146462
0.000166008 9.38491e-06
9.38491e-06 0.000143486
0.000164441 7.52992e-06
7.52992e-06 0.000142861
 0.00016347 5.79037e-06
5.79037e-06 0.000141667
0.000162799 4.77504e-06
4.77504e-06 0.000140263
0.000162385 3.86028e-06
3.86028e-06 0.000139727
0.000161976 3.20948e-06
3.20948e-06 0.000140133
0.000161552 2.77809e-06
2.77809e-06  0.00014145
0.000161134 2.90546e-06
2.90546e-06 0.000142433
0.000160727 2.82386e-06
2.82386e-06 0.000141964
0.000160349 2.69731e-06
2.69731e-06 0.000141648
0.000159999 2.31449e-06
2.31449e-06 0.000141239
0.000159575 1.90787e-06
1.90787e-06 0.000139973
0.000159156 1.43434e-06
1.43434e-06  0.00014127
0.00015852 1.0089e-06
1.0089e-06 0.00014064
 0.00015777 9.20282e-07
9.20282e-07 0.000141667
0.000156967 1.26074e-06
1.26074e-06 0.000139952
0.000156453  1.2291e-06
 1.2291e-06 0.000140706
0.000156393 1.37935e-06
1.37935e-06 0.000142867
0.000156806 1.15467e-06
1.15467e-06 0.000142849
0.000157789 7.59769e-07
7.59769e-07 0.000142178
0.000159477  5.1962e-07
 5.1962e-07 0.000139736
 0.000161593 -4.34918e-07
-4.34918e-07  0.000138815
 0.000164098 -1.62217e-06
-1.62217e-06  0.000137268
 0.000167268 -2.76759e-06
-2.76759e-06  0.000137884
 0.000169474 -3.71395e-06
-3.71395e-06  0.000137339
 0.000171321 -4.89287e-06
-4.89287e-06  0.000137642
 0.000172162 -6.04655e-06
-6.04655e-06  0.000138984
 0.000171783 -6.81816e-06
-6.81816e-06  0.000139947
 0.000171297 -6.57627e-06
-6.57627e-06  0.000142051
 0.000169608 -6.74937e-06
-6.74937e-06  0.000143225
 0.000168546 -6.38252e-06
-6.38252e-06  0.000145359
   0.0001671 -6.70944e-06
-6.70944e-06  0.000148016
 0.000165491 -6.44929e-06
-6.44929e-06  0.000148318
 0.000164707 -7.22613e-06
-7.22613e-06  0.000151221
 0.000164558 -7.60853e-06
-7.60853e-06  0.000154041
 0.000165352 -7.42819e-06
-7.42819e-06  0.000156403
 0.000167122 -7.04288e-06
-7.04288e-06  0.000158742
 0.000169173 -7.57809e-06
-7.57809e-06  0.000158569
  0.00017074 -8.22143e-06
-8.22143e-06  0.000161327
 0.000171565 -9.16789e-06
-9.16789e-06  0.000164332
 0.000172756 -9.36035e-06
-9.36035e-06  0.000167475
 0.000173443 -9.61411e-06
-9.61411e-06  0.000172001
 0.000174541 -9.40637e-06
-9.40637e-06  0.000177176
 0.000176139 -8.71718e-06
-8.71718e-06  0.000183044
 0.000177946 -8.41325e-06
-8.41325e-06  0.000186908
 0.000180266 -7.17826e-06
-7.17826e-06  0.000194114
 0.000181324 -1.10925e-05
-1.10925e-05  0.000183096
 0.000183109 -1.21046e-05
-1.21046e-05  0.000187675
 0.000184358 -1.56048e-05
-1.56048e-05  0.000187672
 0.000186665 -1.82961e-05
-1.82961e-05  0.000193471
 0.000189834 -2.22331e-05
-2.22331e-05  0.000199419
 0.000194415 -2.73594e-05
-2.73594e-05  0.000205078
 0.000201017 -3.40547e-05
-3.40547e-05  0.000208631
 0.000210666 -4.09151e-05
-4.09151e-05  0.000217663
 0.000222172 -5.02961e-05
-5.02961e-05  0.000229395
