0.00292644 0.000367783
0.000367783 0.000600689
0.0021179 0.0036415
0.0036415 0.0113544
0.000513878 0.000123427
0.000123427 0.000903189
 0.00219095 0.000293006
0.000293006 0.000575591
0.000700424 0.000590056
0.000590056  0.00631776
 0.00113425 0.000149175
0.000149175 0.000521095
 0.0117316 0.00825509
0.00825509 0.00726389
 0.00212175 0.000226631
0.000226631 0.000556223
 0.0108656 0.00373275
0.00373275 0.00220498
0.000792797 0.000178565
0.000178565 0.000557105
  0.00281876 -0.000626508
-0.000626508  0.000769046
  0.0151988   0.0010771
  0.0010771 0.000850981
0.0160112  0.014324
 0.014324 0.0149884
0.000718213 0.000667487
0.000667487  0.00632754
 0.00077126 0.000161255
0.000161255 0.000542322
 0.0157083  0.0113316
 0.0113316 0.00968986
  0.0031065 0.000447588
0.000447588 0.000626212
 0.000556959 -0.000146813
-0.000146813   0.00118488
0.000944437 -0.00120295
-0.00120295   0.0129994
 0.000801422 -0.000696916
-0.000696916   0.00990833
 0.000758788 -0.000703982
-0.000703982   0.00719737
 0.0143146 0.00421604
0.00421604  0.0021132
 0.000590306 -2.07599e-05
-2.07599e-05  0.000523888
 0.00714168 0.000392966
0.000392966 0.000659561
0.000629173 0.000400107
0.000400107  0.00354757
0.000530304 0.000151572
0.000151572  0.00134414
 0.00217605  0.00020504
 0.00020504 0.000552055
0.000623051 0.000395029
0.000395029  0.00245486
 0.000712194 -0.000593973
-0.000593973   0.00425267
0.000519098 0.000109407
0.000109407 0.000632859
0.0147793 0.0142057
0.0142057 0.0159604
 0.0118054 0.00893292
0.00893292  0.0083207
0.0138829 0.0135952
0.0135952 0.0154854
0.000702604 0.000533846
0.000533846  0.00726394
0.00287403 0.00442876
0.00442876  0.0108941
0.000674077 -0.00048456
-0.00048456    0.004077
0.000526544  0.00014313
 0.00014313 0.000844402
0.0114516 0.0059697
0.0059697 0.0042579
 0.000543441 -9.15248e-05
-9.15248e-05  0.000784161
   0.0148905 -0.000469316
-0.000469316  0.000823922
0.0147868 0.0136197
0.0136197 0.0145689
 0.0154145  0.0105234
 0.0105234 0.00861005
 0.00486469 0.000241523
0.000241523 0.000607412
0.000595746 0.000304202
0.000304202   0.0029099
 0.0154954  0.0103337
 0.0103337 0.00828928
 0.000694669 -0.000330859
-0.000330859   0.00129833
  0.00173756 -0.000359882
-0.000359882   0.00066671
  0.00981495 -0.000773813
-0.000773813  0.000792121
 0.0114783 0.00638574
0.00638574 0.00474861
  0.0110173 0.000692219
0.000692219   0.0007564
   0.011951  0.00164804
 0.00164804 0.000960634
 0.00138349  0.00025425
 0.00025425 0.000567843
 0.00524894 0.000188737
0.000188737 0.000610234
0.000584035 -4.5178e-05
-4.5178e-05 0.000549955
 0.0119161 0.00773989
0.00773989 0.00637238
 0.0120939 0.00788556
0.00788556 0.00648739
0.00333763 0.00585205
0.00585205   0.015034
 0.0116532 0.00669701
0.00669701 0.00506871
0.00557251 0.00822148
0.00822148  0.0157082
0.00581713 0.00689697
0.00689697  0.0109193
0.000520134 0.000102019
0.000102019 0.000591414
 0.00095477 -0.00119159
-0.00119159   0.0138079
0.00428824 0.00605416
0.00605416  0.0118903
 0.0144281 0.00874263
0.00874263  0.0065605
  0.0032629 0.000329342
0.000329342 0.000593707
0.0156482 0.0105841
0.0105841 0.0085808
0.00353666 0.00529444
0.00529444  0.0116266
  0.00353209 -0.000578723
-0.000578723  0.000712191
 0.0022855 0.00440873
0.00440873  0.0145823
 0.0121345   0.002501
  0.002501 0.00128901
  0.00919699 -0.000997572
-0.000997572  0.000837991
0.000961352 -0.00102176
-0.00102176     0.01503
 0.012245 0.0110494
0.0110494 0.0118159
0.00192844 0.00328344
0.00328344  0.0109287
0.00129579 0.00224152
0.00224152  0.0114527
0.0148797 0.0125196
0.0125196 0.0122765
0.000681013 0.000529101
0.000529101  0.00569836
0.000682372 0.000507792
0.000507792  0.00617556
0.00686749 0.00900574
0.00900574   0.014772
 0.00457331 0.000162701
0.000162701 0.000596558
0.000895997 -0.00108794
-0.00108794   0.0102709
 0.000647766 -8.60114e-05
-8.60114e-05  0.000596127
 0.0151002  0.0089125
 0.0089125 0.00651237
0.00697992 0.00939833
0.00939833  0.0158334
 0.000921462 -0.000141098
-0.000141098  0.000574825
0.0149682 0.0118142
0.0118142  0.010954
 0.000679273 -0.000488905
-0.000488905   0.00325222
0.00237221   0.004022
  0.004022  0.0115812
 0.000586425 -0.000226463
-0.000226463   0.00178798
 0.0149593 0.00283871
0.00283871 0.00134169
0.00814565  0.0100807
 0.0100807  0.0152618
 0.0152022  0.0076805
 0.0076805 0.00501574
0.00316202 0.00477791
0.00477791  0.0110893
0.00112614 0.00022823
0.00022823 0.00056303
 0.00255222 0.000392639
0.000392639 0.000609353
0.000660628  9.1353e-05
 9.1353e-05  0.00049065
  0.00061675 -0.000217189
-0.000217189   0.00109406
 0.00105824 0.000205567
0.000205567 0.000551517
0.0134652 0.0131676
0.0131676 0.0149729
  0.0150092 0.000433219
0.000433219 0.000789582
  0.00060779 -0.000185327
-0.000185327    0.0009613
0.0133652 0.0134078
0.0134078 0.0156605
 0.0120699 0.00553624
0.00553624 0.00358269
0.000800325 0.000737272
0.000737272   0.0119196
  0.00606737 -0.000617415
-0.000617415  0.000714239
0.000625008 -0.00023777
-0.00023777  0.00116935
  0.0147056 -0.00074392
-0.00074392 0.000861164
0.000524852 5.85838e-06
5.85838e-06 0.000558021
0.00182143 0.00330558
0.00330558  0.0118403
0.00134078 0.00219158
0.00219158  0.0107192
0.000585648 0.000200667
0.000200667  0.00336652
 0.000578104 -0.000182539
-0.000182539   0.00120852
  0.00100657 -0.000975927
-0.000975927    0.0157909
 0.0156116 0.00976214
0.00976214 0.00742903
 0.00378224 0.000525725
0.000525725 0.000650209
0.000902113 8.12274e-05
8.12274e-05 0.000493143
0.00234855 0.00459929
0.00459929  0.0155201
 0.0118689  0.0076102
 0.0076102 0.00621032
 0.000617957 -0.000276767
-0.000276767    0.0015961
   0.0149559 -0.000991219
-0.000991219  0.000919145
0.00239037 0.00415969
0.00415969  0.0121172
 0.00052355  1.0111e-05
 1.0111e-05 0.000556138
0.0107475 0.0114931
0.0114931  0.014568
 0.000597808 -0.000259859
-0.000259859   0.00234469
 0.0145601 0.00732357
0.00732357 0.00480003
 0.0120421 0.00671362
0.00671362 0.00492693
 0.0115826 0.00988123
0.00988123  0.0102089
0.000868246 -0.00103858
-0.00103858  0.00884847
 0.0055692 0.00821394
0.00821394  0.0156888
0.000575404 8.41681e-05
8.41681e-05 0.000493616
 0.0144805 0.00846659
0.00846659 0.00618021
 0.000708164 -0.000570649
-0.000570649   0.00544157
  0.011482 0.00587125
0.00587125 0.00413309
 0.00194208 0.000179379
0.000179379 0.000543078
 0.0120656 0.00761011
0.00761011 0.00610769
   0.0026334 -0.000509179
-0.000509179  0.000706564
  0.0155901 -0.00107044
-0.00107044  0.00096781
0.0155798 0.0143888
0.0143888  0.015564
 0.000943063 -0.000908431
-0.000908431     0.015131
0.000572274   -7.69e-05
  -7.69e-05   0.0006253
0.0143117 0.0138243
0.0138243 0.0155404
 0.000751252 -0.000676489
-0.000676489   0.00389141
0.000633249 0.000312726
0.000312726  0.00492676
 0.0111168 0.00809028
0.00809028 0.00741562
 0.00836491 0.000391324
0.000391324 0.000680392
 0.00555526 0.000590253
0.000590253 0.000671871
0.000565618 0.000242496
0.000242496  0.00157485
0.00322015 0.00479323
0.00479323  0.0109409
 0.0147547 0.00611022
0.00611022 0.00354635
0.0159596 0.0124219
0.0124219 0.0113208
0.00858579 0.00916428
0.00916428  0.0120605
 0.00593855 0.000657924
0.000657924 0.000689837
0.00574244 0.00712316
0.00712316  0.0116428
0.00940468  0.0107942
 0.0107942  0.0148958
 0.000621314 -0.000194026
-0.000194026  0.000943697
0.0115161 0.0086921
0.0086921 0.0081289
  0.00204535 -0.000308989
-0.000308989  0.000619169
0.00833715  0.0100361
 0.0100361  0.0147305
 0.0106309 0.00977105
0.00977105  0.0109303
  0.00399714 -0.000513501
-0.000513501  0.000680022
  0.0157204  0.00137168
 0.00137168 0.000909295
  0.0114212 0.000193461
0.000193461 0.000730905
  0.011085 0.00307001
0.00307001 0.00169748
  0.00100688 -0.000956138
-0.000956138    0.0158521
 0.0044253 0.00620096
0.00620096  0.0119822
  0.00072131 -0.000500783
-0.000500783   0.00227035
 0.00618332 0.000522355
0.000522355 0.000663728
0.0129735 0.0132146
0.0132146 0.0156926
 0.00598949 0.000579588
0.000579588 0.000672786
