0.000144826 -2.65496e-06
-2.65496e-06  0.000148048
 0.000180383 -2.89431e-06
-2.89431e-06  0.000189759
0.000149484 4.70445e-06
4.70445e-06  0.00013757
  0.00014119 -1.27026e-06
-1.27026e-06  0.000147121
 0.000171889 -6.67372e-06
-6.67372e-06  0.000194051
0.000138595 1.18266e-06
1.18266e-06 0.000148493
 0.00014956 2.26713e-06
2.26713e-06 0.000139412
 0.000135565 -9.33137e-07
-9.33137e-07  0.000146957
 0.00016849 1.22123e-06
1.22123e-06 0.000202902
 0.000155742 -1.02694e-06
-1.02694e-06  0.000146793
 0.000172886 -4.53681e-06
-4.53681e-06  0.000173803
 0.000233801 -1.64426e-05
-1.64426e-05  0.000204383
 0.000267496 -1.99685e-05
-1.99685e-05  0.000305932
 0.000173036 -6.19929e-06
-6.19929e-06  0.000201387
0.000152991 5.23727e-08
5.23727e-08 0.000146988
 0.00018111 1.27593e-05
1.27593e-05 0.000164841
  0.00015183 -2.97338e-06
-2.97338e-06  0.000149369
0.000163595 5.04771e-06
5.04771e-06 0.000132501
   0.0002607 -3.43723e-05
-3.43723e-05  0.000303648
 0.000218856 -1.75149e-05
-1.75149e-05  0.000213604
  0.00019049 -1.47277e-05
-1.47277e-05  0.000185798
0.000183724  2.8968e-06
 2.8968e-06 0.000178185
0.000200491 1.84999e-05
1.84999e-05 0.000196819
 0.000165246 -7.89305e-06
-7.89305e-06  0.000161631
 0.000158399 -5.30603e-06
-5.30603e-06  0.000162557
0.000149702 2.47893e-06
2.47893e-06 0.000133943
 0.000133696 -1.14722e-06
-1.14722e-06  0.000146913
 0.000154251 -4.14066e-07
-4.14066e-07  0.000161125
 0.000171289 -8.65032e-06
-8.65032e-06  0.000168038
0.000150993 6.10442e-06
6.10442e-06 0.000145619
 0.000279144 -1.15578e-05
-1.15578e-05  0.000268321
0.000149283  3.9745e-06
 3.9745e-06 0.000140751
0.000219708 1.49515e-05
1.49515e-05 0.000226157
 0.000176684 -1.02164e-05
-1.02164e-05  0.000193828
   0.0001843 -5.54286e-06
-5.54286e-06  0.000184202
 0.000167531 -8.56592e-06
-8.56592e-06  0.000158451
0.000149141 3.27363e-06
3.27363e-06 0.000141116
0.000156795 1.29844e-06
1.29844e-06 0.000160238
0.000168924 1.17925e-05
1.17925e-05  0.00014113
 0.000256729 -3.00813e-05
-3.00813e-05  0.000249869
0.000212876 1.41107e-05
1.41107e-05 0.000226077
0.000173224 8.78643e-06
8.78643e-06 0.000153351
 0.000143551 -3.88808e-06
-3.88808e-06  0.000154519
 0.000154204 -2.63787e-06
-2.63787e-06  0.000152252
 0.00017317 7.59233e-06
7.59233e-06 0.000153516
  0.0001805 2.59221e-06
2.59221e-06 0.000157556
 0.000156296 -1.29789e-06
-1.29789e-06   0.00017055
 0.000198222 -1.00893e-05
-1.00893e-05   0.00020635
 0.00015463 1.86169e-06
1.86169e-06 0.000153509
 0.000179906 -1.14219e-05
-1.14219e-05  0.000179663
 0.000184127 -8.23182e-06
-8.23182e-06  0.000168373
 0.000146238 -1.13928e-06
-1.13928e-06  0.000148062
 0.000144013 -4.94197e-06
-4.94197e-06  0.000155757
0.000190815  1.9023e-05
 1.9023e-05 0.000179496
0.000150173 1.53776e-06
1.53776e-06 0.000136788
0.000149909 1.66689e-06
1.66689e-06 0.000134473
 0.000188485 -7.62517e-06
-7.62517e-06  0.000187892
0.000153171 1.60632e-06
1.60632e-06 0.000146798
0.000190191 -3.0288e-06
-3.0288e-06 0.000187971
 0.000188457 -3.74762e-06
-3.74762e-06  0.000167865
0.000151927 7.08066e-06
7.08066e-06 0.000147095
 0.000274925 -3.03848e-05
-3.03848e-05  0.000335137
 0.000159117 -8.02112e-06
-8.02112e-06  0.000175543
0.000159586 1.36338e-06
1.36338e-06 0.000135317
 0.000141073 -3.06222e-06
-3.06222e-06  0.000148615
0.000176098 8.58256e-06
8.58256e-06 0.000158074
  0.00016493 -7.96438e-06
-7.96438e-06  0.000177996
 0.000158297 -5.02695e-06
-5.02695e-06  0.000167211
 0.000192953 -4.62226e-06
-4.62226e-06  0.000193322
 0.000180552 -5.95542e-06
-5.95542e-06  0.000165991
 0.000214171 -1.03549e-05
-1.03549e-05  0.000205297
 0.000310709 -1.60739e-05
-1.60739e-05  0.000380701
0.000151249 1.52993e-05
1.52993e-05 0.000154864
 0.000196061 -9.32847e-07
-9.32847e-07  0.000195658
 0.000208968 -5.69222e-06
-5.69222e-06  0.000205981
0.000181754 2.30508e-05
2.30508e-05 0.000175154
 0.000168645 -4.46369e-06
-4.46369e-06  0.000183527
 0.000170338 -6.34694e-06
-6.34694e-06  0.000186289
  0.00016053 -1.63733e-06
-1.63733e-06  0.000180515
 0.000138577 -4.05601e-06
-4.05601e-06  0.000154476
 0.000233992 -1.81087e-05
-1.81087e-05  0.000240771
0.000185104 1.35896e-05
1.35896e-05 0.000190295
0.000165886 6.06478e-07
6.06478e-07 0.000144565
0.000189751 -3.5776e-06
-3.5776e-06  0.00019149
0.000155521 8.01404e-06
8.01404e-06 0.000173376
0.000176638 1.81265e-05
1.81265e-05 0.000161389
0.000168018 -8.8745e-06
-8.8745e-06 0.000154988
 0.000172963 -4.12644e-06
-4.12644e-06  0.000184721
 0.000163644 -9.16903e-07
-9.16903e-07  0.000132296
0.000207183 2.71732e-06
2.71732e-06  0.00018836
 0.000168838 -4.97402e-09
-4.97402e-09  0.000188063
 0.000167927 -5.88067e-06
-5.88067e-06  0.000156521
 0.000177757 -6.91436e-06
-6.91436e-06  0.000181459
 0.000151242 -8.70589e-07
-8.70589e-07  0.000147603
 0.000149553 -2.10891e-06
-2.10891e-06   0.00014802
0.000148121 6.19703e-06
6.19703e-06 0.000150705
0.000173585 5.73689e-06
5.73689e-06 0.000145589
 0.000149764 -3.19456e-07
-3.19456e-07   0.00014743
0.000192247 2.19103e-05
2.19103e-05 0.000206485
 0.000239699 -2.44363e-05
-2.44363e-05  0.000214046
 0.00017483 7.93807e-06
7.93807e-06 0.000147036
0.000210049 1.81604e-05
1.81604e-05 0.000221382
 0.000160458 -1.15611e-06
-1.15611e-06  0.000154003
 0.000197963 -2.40263e-06
-2.40263e-06  0.000248156
 0.000164736 -9.89742e-06
-9.89742e-06   0.00017319
0.000173513 4.73546e-06
4.73546e-06 0.000145608
 0.000264793 -2.72057e-05
-2.72057e-05  0.000263849
0.000218352 1.21106e-05
1.21106e-05 0.000209065
0.000177003 -3.2619e-06
-3.2619e-06  0.00019641
 0.000238646 -2.60142e-06
-2.60142e-06  0.000203535
 0.000155826 -5.18279e-06
-5.18279e-06  0.000145702
0.000166538 4.64745e-06
4.64745e-06 0.000136019
0.000359194  5.1331e-09
 5.1331e-09 0.000417716
0.000172787 4.24562e-06
4.24562e-06 0.000153382
 0.000156656 -2.49197e-06
-2.49197e-06  0.000151886
0.000137593 4.92767e-06
4.92767e-06 0.000150769
  0.00022456 -2.78521e-06
-2.78521e-06  0.000203027
0.000150468 1.41256e-06
1.41256e-06  0.00013769
0.000168496 1.01275e-07
1.01275e-07 0.000139183
  0.00029118 -1.94158e-05
-1.94158e-05  0.000289411
0.000165738 -4.8479e-06
-4.8479e-06 0.000183022
0.000220931 1.11785e-05
1.11785e-05 0.000210949
 0.00015512 1.18867e-05
1.18867e-05 0.000187692
 0.000162286 -3.67691e-06
-3.67691e-06  0.000134386
 0.000162931 -5.31639e-06
-5.31639e-06  0.000147156
 0.00015297 9.72015e-07
9.72015e-07 0.000141921
0.000149304  4.7752e-06
 4.7752e-06 0.000147282
 0.000216213 -1.62523e-05
-1.62523e-05  0.000225031
 0.000189518 -3.00472e-06
-3.00472e-06  0.000187746
0.000152097 8.64094e-06
8.64094e-06 0.000151742
0.000160009 3.69212e-08
3.69212e-08 0.000136876
 0.000176038 -1.02227e-05
-1.02227e-05  0.000167047
 0.00015735 1.06278e-06
1.06278e-06 0.000160983
0.000132157  -2.018e-07
 -2.018e-07 0.000147411
0.000150463 1.24641e-06
1.24641e-06   0.0001355
 0.000158591 -3.82643e-06
-3.82643e-06   0.00016826
 0.000321367 -7.02113e-06
-7.02113e-06  0.000326808
 0.000286803 -2.63445e-05
-2.63445e-05  0.000299849
 0.000305692 -1.48914e-05
-1.48914e-05  0.000377213
0.000180569 1.68105e-05
1.68105e-05 0.000159785
0.000237087 8.01581e-06
8.01581e-06 0.000238275
 0.000174063 -9.80443e-06
-9.80443e-06  0.000177281
 0.000164521 -4.50097e-06
-4.50097e-06  0.000160458
0.000150754 1.41509e-06
1.41509e-06 0.000151468
 0.000171304 -1.19577e-05
-1.19577e-05  0.000167064
 0.000168119 -2.73262e-06
-2.73262e-06  0.000155822
0.000150363 9.06569e-07
9.06569e-07 0.000142678
 0.000181961 -6.82019e-06
-6.82019e-06  0.000182167
 0.000170524 -7.03365e-06
-7.03365e-06  0.000168481
0.000193269 1.87352e-05
1.87352e-05 0.000186895
0.000147542 3.08985e-06
3.08985e-06 0.000161742
 0.000175473 -3.04341e-06
-3.04341e-06  0.000157062
  0.00016453 -3.48131e-06
-3.48131e-06  0.000166248
0.000158873 4.77158e-06
4.77158e-06 0.000187375
 0.00017714 8.16122e-06
8.16122e-06 0.000150231
0.000149391 3.01489e-06
3.01489e-06 0.000145101
 0.000142156 -1.64061e-06
-1.64061e-06  0.000161934
0.000156457 1.77044e-06
1.77044e-06 0.000182631
0.000152153 1.77089e-06
1.77089e-06 0.000152732
 0.000150823 -5.02144e-06
-5.02144e-06  0.000164604
  0.00024085 -1.22066e-05
-1.22066e-05  0.000213632
 0.000184159 -1.89435e-05
-1.89435e-05  0.000191824
 0.000171207 -3.03646e-06
-3.03646e-06  0.000193261
0.000361924   2.277e-07
  2.277e-07 0.000418615
 0.000157296 -7.61634e-06
-7.61634e-06  0.000174928
 0.000175024 -5.86123e-06
-5.86123e-06  0.000161151
 0.000166688 -4.64038e-06
-4.64038e-06  0.000157309
0.000202754 1.90303e-05
1.90303e-05 0.000218238
 0.000169737 -3.89818e-06
-3.89818e-06  0.000156921
