0.000153779 -3.35235e-06
-3.35235e-06  0.000152357
  0.00018991 -1.89985e-06
-1.89985e-06    0.0001941
0.000153514 3.48793e-06
3.48793e-06 0.000142397
 0.000149306 -2.22404e-06
-2.22404e-06  0.000151252
 0.000177592 -5.98512e-06
-5.98512e-06  0.000204908
    0.000144 -2.36153e-07
-2.36153e-07  0.000152245
0.000153612 1.18513e-06
1.18513e-06 0.000145782
0.000142488 -1.9375e-06
-1.9375e-06 0.000150721
 0.000173284 -4.44513e-08
-4.44513e-08  0.000216375
 0.000162268 -2.72601e-06
-2.72601e-06   0.00015116
 0.000183018 -5.95424e-06
-5.95424e-06  0.000177592
 0.000244478 -1.61794e-05
-1.61794e-05  0.000210876
 0.000282565 -2.90372e-05
-2.90372e-05  0.000326022
 0.000179155 -5.50094e-06
-5.50094e-06  0.000213307
 0.000158898 -1.60625e-06
-1.60625e-06  0.000151215
0.000185045 1.12643e-05
1.12643e-05 0.000171155
 0.000162118 -3.62883e-06
-3.62883e-06  0.000154094
0.000167595 3.32175e-06
3.32175e-06 0.000136427
 0.000268108 -3.34674e-05
-3.34674e-05  0.000318271
 0.000223351 -1.71269e-05
-1.71269e-05  0.000220515
 0.000194133 -1.37154e-05
-1.37154e-05  0.000192969
 0.00018773 4.21996e-06
4.21996e-06 0.000187106
0.000207481 1.81714e-05
1.81714e-05 0.000206183
 0.000173047 -7.43807e-06
-7.43807e-06  0.000165726
 0.000163548 -6.01616e-06
-6.01616e-06  0.000173087
0.000153805 1.33473e-06
1.33473e-06 0.000139422
 0.000140335 -2.16023e-06
-2.16023e-06  0.000150554
 0.000159711 -9.37799e-07
-9.37799e-07  0.000172186
 0.000174392 -9.06759e-06
-9.06759e-06    0.0001772
0.000155098 4.86675e-06
4.86675e-06 0.000150082
 0.000299168 -1.97051e-05
-1.97051e-05  0.000283625
0.000153039 2.63265e-06
2.63265e-06 0.000146274
0.000229912 1.12994e-05
1.12994e-05 0.000234861
0.000181653 -9.0269e-06
-9.0269e-06  0.00020283
 0.000196301 -5.51459e-06
-5.51459e-06   0.00018998
 0.000170543 -9.17843e-06
-9.17843e-06  0.000166493
0.000153334 1.96122e-06
1.96122e-06 0.000146182
0.000161341 1.53003e-06
1.53003e-06 0.000171595
 0.00017341 1.06926e-05
1.06926e-05 0.000144831
 0.000269924 -3.19571e-05
-3.19571e-05   0.00026135
0.000221559 9.71693e-06
9.71693e-06 0.000236463
0.000176834 7.24524e-06
7.24524e-06 0.000159247
 0.000150769 -3.93079e-06
-3.93079e-06  0.000158038
 0.000158882 -3.35128e-06
-3.35128e-06  0.000161395
0.000176847 6.01258e-06
6.01258e-06 0.000159777
0.000186088 3.17277e-07
3.17277e-07 0.000165745
 0.000164014 -3.17522e-06
-3.17522e-06  0.000174264
 0.000206095 -9.82115e-06
-9.82115e-06  0.000212872
0.000159202 1.97057e-06
1.97057e-06 0.000163866
 0.000186125 -1.22423e-05
-1.22423e-05  0.000184422
0.000190469 -8.3698e-06
-8.3698e-06 0.000173096
 0.000154022 -2.41584e-06
-2.41584e-06    0.0001524
 0.000150836 -4.85652e-06
-4.85652e-06  0.000159209
0.000197125 1.87347e-05
1.87347e-05 0.000186843
0.000154092 7.55421e-07
7.55421e-07 0.000143276
0.000153589 8.03188e-07
8.03188e-07  0.00014037
0.000197652 -7.5232e-06
-7.5232e-06 0.000190834
0.000157492 1.51952e-06
1.51952e-06 0.000155811
 0.000200139 -4.55058e-06
-4.55058e-06  0.000190974
 0.000201469 -4.59624e-06
-4.59624e-06  0.000173382
0.000156048 5.93395e-06
5.93395e-06  0.00015143
 0.000285187 -2.80272e-05
-2.80272e-05  0.000353433
 0.000167549 -8.89917e-06
-8.89917e-06  0.000179698
 0.000162539 -1.21031e-07
-1.21031e-07  0.000140414
 0.000149228 -3.63447e-06
-3.63447e-06  0.000152632
0.000179836 6.99177e-06
6.99177e-06 0.000164516
 0.000173928 -8.47551e-06
-8.47551e-06  0.000182507
 0.000166923 -6.01036e-06
-6.01036e-06  0.000170501
 0.000201276 -4.24948e-06
-4.24948e-06  0.000196549
0.000186096 -5.7223e-06
-5.7223e-06 0.000172211
 0.000224365 -9.87166e-06
-9.87166e-06  0.000212185
 0.000328232 -1.15711e-05
-1.15711e-05  0.000403294
0.000153741 1.42133e-05
1.42133e-05 0.000158074
0.000207922 2.31493e-07
2.31493e-07 0.000200605
 0.000218047 -4.25407e-06
-4.25407e-06  0.000209582
0.000185207 2.17803e-05
2.17803e-05 0.000180359
 0.000174178 -4.04009e-06
-4.04009e-06  0.000193794
 0.000175647 -5.68371e-06
-5.68371e-06  0.000196075
 0.000167483 -3.63557e-06
-3.63557e-06  0.000183845
0.000145163 -4.1784e-06
-4.1784e-06   0.0001578
 0.000239852 -1.77334e-05
-1.77334e-05  0.000250444
0.000192057 1.17418e-05
1.17418e-05 0.000197193
0.000169197 -1.0984e-06
-1.0984e-06 0.000150966
 0.000199463 -5.69733e-06
-5.69733e-06  0.000195071
0.000161002 5.86947e-06
5.86947e-06 0.000178018
0.000179967   1.691e-05
  1.691e-05  0.00016599
 0.000171144 -1.02317e-05
-1.02317e-05    0.0001633
 0.000181624 -3.43454e-06
-3.43454e-06  0.000188865
 0.000167299 -3.01938e-06
-3.01938e-06  0.000137309
  0.0002135 5.07449e-06
5.07449e-06 0.000196584
 0.000176017 -2.31613e-06
-2.31613e-06  0.000191675
 0.000171284 -7.82744e-06
-7.82744e-06  0.000165176
0.000188778 -7.1691e-06
-7.1691e-06 0.000186897
 0.000158954 -2.24191e-06
-2.24191e-06  0.000151987
 0.000159287 -2.92284e-06
-2.92284e-06  0.000152631
0.000152271 4.81788e-06
4.81788e-06 0.000154671
0.000178521 3.87607e-06
3.87607e-06   0.0001512
 0.000156917 -1.74018e-06
-1.74018e-06  0.000151678
 0.00019865 1.96318e-05
1.96318e-05 0.000213084
 0.000250781 -2.54161e-05
-2.54161e-05  0.000220639
0.000179975 6.30134e-06
6.30134e-06 0.000152453
0.000219159 1.52373e-05
1.52373e-05 0.000229335
0.000164167 -8.0504e-07
-8.0504e-07 0.000163509
  0.00020204 -1.31117e-06
-1.31117e-06  0.000253023
0.000172782 -9.5252e-06
-9.5252e-06 0.000176884
0.000178459 2.76373e-06
2.76373e-06  0.00015152
 0.000278799 -2.85376e-05
-2.85376e-05  0.000277427
0.000227529 1.09238e-05
1.09238e-05 0.000217596
 0.000184944 -1.84617e-06
-1.84617e-06  0.000200106
 0.000251775 -1.87119e-06
-1.87119e-06  0.000207719
 0.000159964 -6.05093e-06
-6.05093e-06  0.000153327
 0.00017079 2.81365e-06
2.81365e-06 0.000140543
0.000385714 5.72187e-06
5.72187e-06 0.000445024
0.000176441 2.54821e-06
2.54821e-06 0.000160189
 0.000167422 -2.89918e-06
-2.89918e-06  0.000156716
0.000141618  3.4692e-06
 3.4692e-06 0.000154423
 0.000235188 -2.62317e-06
-2.62317e-06  0.000206666
0.000154468 7.05752e-07
7.05752e-07 0.000144459
 0.000172622 -2.13943e-06
-2.13943e-06  0.000145001
 0.000308824 -1.93612e-05
-1.93612e-05  0.000307507
 0.000172903 -4.17886e-06
-4.17886e-06  0.000186508
0.000230523 9.90054e-06
9.90054e-06 0.000219682
0.000158703 9.53388e-06
9.53388e-06 0.000191979
 0.000165553 -5.45165e-06
-5.45165e-06  0.000140067
 0.000166044 -6.89704e-06
-6.89704e-06  0.000154676
0.000156754  8.1237e-07
 8.1237e-07 0.000149805
0.000152809 3.22213e-06
3.22213e-06 0.000151406
 0.000221432 -1.52772e-05
-1.52772e-05   0.00023422
 0.000199465 -4.52665e-06
-4.52665e-06  0.000190762
0.000156182 7.49997e-06
7.49997e-06 0.000155842
 0.000163003 -1.46373e-06
-1.46373e-06  0.000142462
 0.000179308 -9.98727e-06
-9.98727e-06  0.000174618
0.000161847  1.3174e-06
 1.3174e-06 0.000172515
 0.000138283 -1.28024e-06
-1.28024e-06  0.000150978
0.000154212 5.26449e-07
5.26449e-07 0.000141829
 0.000167222 -5.20461e-06
-5.20461e-06  0.000171833
 0.000340874 -6.56623e-06
-6.56623e-06  0.000348537
 0.000304482 -3.54682e-05
-3.54682e-05  0.000317481
 0.000324506 -9.94817e-06
-9.94817e-06  0.000400973
0.000186093 1.62088e-05
1.62088e-05 0.000165107
0.000249756 3.08698e-06
3.08698e-06 0.000248719
 0.000177183 -1.05573e-05
-1.05573e-05  0.000187735
 0.000169161 -4.51155e-06
-4.51155e-06  0.000168332
0.000155758 2.84466e-07
2.84466e-07 0.000160226
 0.000178631 -1.18667e-05
-1.18667e-05  0.000171155
 0.000178964 -2.74211e-06
-2.74211e-06  0.000160463
  0.00015503 -9.56463e-08
-9.56463e-08  0.000150221
 0.000193727 -7.13568e-06
-7.13568e-06  0.000187912
 0.000173622 -8.14934e-06
-8.14934e-06  0.000178181
0.000197905 1.72067e-05
1.72067e-05 0.000194987
0.000153227 1.64726e-06
1.64726e-06 0.000165564
 0.000187032 -2.98081e-06
-2.98081e-06  0.000161905
 0.000173747 -4.57542e-06
-4.57542e-06  0.000170689
0.000164156 2.32055e-06
2.32055e-06 0.000191157
0.000182521  6.5154e-06
 6.5154e-06 0.000156052
0.000153558 1.69827e-06
1.69827e-06 0.000151723
 0.000148521 -3.12468e-06
-3.12468e-06  0.000165201
 0.000162279 -4.66135e-07
-4.66135e-07  0.000186127
0.000156864 1.67416e-07
1.67416e-07  0.00015686
 0.000158486 -5.61929e-06
-5.61929e-06  0.000167678
 0.000252264 -1.13335e-05
-1.13335e-05  0.000221671
0.000190117 -2.0003e-05
-2.0003e-05 0.000196819
 0.000176375 -4.22743e-06
-4.22743e-06  0.000203922
0.000388866 5.78039e-06
5.78039e-06 0.000446081
 0.000165461 -8.53794e-06
-8.53794e-06  0.000178971
 0.000178907 -8.03125e-06
-8.03125e-06  0.000170722
  0.00017617 -4.42549e-06
-4.42549e-06  0.000161668
0.000210447 1.65047e-05
1.65047e-05 0.000225309
 0.000180092 -3.80117e-06
-3.80117e-06  0.000161492
