0.000228929 5.27002e-05
5.27002e-05 0.000222499
0.000224576 5.23146e-05
5.23146e-05  0.00022038
0.000212361 4.53928e-05
4.53928e-05 0.000211043
0.000203559 4.03835e-05
4.03835e-05 0.000204869
0.000194142 3.68244e-05
3.68244e-05 0.000198842
0.000188248 3.32159e-05
3.32159e-05 0.000193612
 0.00018325 2.99449e-05
2.99449e-05 0.000188572
0.000178658 2.70547e-05
2.70547e-05 0.000187113
0.000175001 2.49004e-05
2.49004e-05 0.000180565
0.000172398 2.28796e-05
2.28796e-05 0.000174953
  0.0001703 2.13166e-05
2.13166e-05 0.000169318
0.000168819 1.92525e-05
1.92525e-05 0.000169476
0.000167933 1.68666e-05
1.68666e-05 0.000171338
0.000166779 1.65178e-05
1.65178e-05  0.00016444
 0.00016579 1.61503e-05
1.61503e-05 0.000158619
0.000164873  1.5664e-05
 1.5664e-05 0.000154463
0.000163799 1.50098e-05
1.50098e-05 0.000151041
0.000162604 1.40607e-05
1.40607e-05 0.000148504
0.000161476 1.29308e-05
1.29308e-05 0.000146182
0.000160911 1.14447e-05
1.14447e-05 0.000144969
0.000160477 1.08749e-05
1.08749e-05 0.000142628
0.000160338 1.06453e-05
1.06453e-05 0.000140797
0.000160308 1.04099e-05
1.04099e-05 0.000138871
0.000160112  1.0008e-05
 1.0008e-05 0.000137571
0.000159795 9.01994e-06
9.01994e-06 0.000137551
0.000158915 7.50351e-06
7.50351e-06 0.000137112
0.000158171  5.8933e-06
 5.8933e-06 0.000137008
0.000157941 4.24112e-06
4.24112e-06 0.000136806
0.000158283 2.92749e-06
2.92749e-06 0.000135489
0.000158764 2.57309e-06
2.57309e-06 0.000134594
0.000159396  2.6997e-06
 2.6997e-06 0.000134074
0.000160326 2.56264e-06
2.56264e-06 0.000132048
0.000161046 2.72564e-06
2.72564e-06 0.000132219
 0.00016182 2.34922e-06
2.34922e-06 0.000133251
0.000162075 1.46593e-06
1.46593e-06 0.000132732
0.000162585 4.75814e-07
4.75814e-07 0.000133093
 0.000163547 -5.34129e-07
-5.34129e-07  0.000133264
 0.000164499 -1.00815e-06
-1.00815e-06  0.000131427
 0.000164906 -1.24712e-06
-1.24712e-06  0.000132167
 0.000164442 -1.65902e-06
-1.65902e-06  0.000132603
 0.000163588 -2.61451e-06
-2.61451e-06  0.000134432
 0.000163332 -4.22667e-06
-4.22667e-06   0.00013689
 0.000164234 -5.99328e-06
-5.99328e-06  0.000138196
 0.000165526 -7.07541e-06
-7.07541e-06  0.000137651
0.000166221 -7.3664e-06
-7.3664e-06 0.000138567
 0.000165997 -7.05643e-06
-7.05643e-06  0.000139627
 0.000165239 -6.24022e-06
-6.24022e-06  0.000141328
 0.000164278 -5.78762e-06
-5.78762e-06  0.000142541
  0.00016346 -5.59388e-06
-5.59388e-06  0.000144479
 0.000162953 -4.96571e-06
-4.96571e-06  0.000146139
 0.000163148 -4.02906e-06
-4.02906e-06  0.000147912
 0.000164161 -3.24694e-06
-3.24694e-06   0.00014902
 0.000165547 -2.64915e-06
-2.64915e-06  0.000150098
 0.000166485 -3.19911e-06
-3.19911e-06  0.000149597
0.000166948 -4.1057e-06
-4.1057e-06  0.00015044
 0.000167253 -5.48404e-06
-5.48404e-06  0.000152851
 0.000167974 -7.36518e-06
-7.36518e-06  0.000152389
 0.000169428 -9.26009e-06
-9.26009e-06  0.000152582
 0.000171438 -1.06955e-05
-1.06955e-05  0.000154887
 0.000173103 -1.16243e-05
-1.16243e-05  0.000156368
 0.000174063 -1.21767e-05
-1.21767e-05  0.000158922
 0.000174146 -1.16971e-05
-1.16971e-05  0.000161641
 0.000174056 -1.11645e-05
-1.11645e-05  0.000163317
 0.000174226 -1.12228e-05
-1.12228e-05  0.000165528
 0.000174838 -1.21386e-05
-1.21386e-05  0.000168321
 0.000175846 -1.28429e-05
-1.28429e-05  0.000169211
 0.000177398 -1.41806e-05
-1.41806e-05  0.000171578
 0.000178922 -1.49169e-05
-1.49169e-05  0.000173769
 0.000179759 -1.35864e-05
-1.35864e-05  0.000171496
 0.000180973 -1.24826e-05
-1.24826e-05  0.000174238
 0.000182243 -1.09435e-05
-1.09435e-05  0.000179001
 0.000183434 -9.20414e-06
-9.20414e-06   0.00017932
 0.000184802 -8.27427e-06
-8.27427e-06  0.000183098
 0.000186581 -7.02015e-06
-7.02015e-06  0.000188913
 0.000187917 -7.28443e-06
-7.28443e-06  0.000192829
 0.000190246 -7.18255e-06
-7.18255e-06  0.000197312
 0.000193689 -6.87065e-06
-6.87065e-06  0.000200094
  0.00019794 -6.53917e-06
-6.53917e-06  0.000200788
 0.000202933 -7.26821e-06
-7.26821e-06  0.000194846
 0.000208698 -5.91743e-06
-5.91743e-06  0.000197141
 0.000214299 -4.30518e-06
-4.30518e-06  0.000200181
0.000219329 -2.8135e-06
-2.8135e-06 0.000204489
 0.000221955 -3.22491e-06
-3.22491e-06  0.000204645
0.000223677 -2.7511e-06
-2.7511e-06 0.000208676
 0.000223314 -3.53166e-06
-3.53166e-06  0.000212265
  0.00022177 -5.28084e-06
-5.28084e-06  0.000218257
 0.000218953 -8.62295e-06
-8.62295e-06  0.000224066
 0.000217769 -1.41624e-05
-1.41624e-05  0.000229811
 0.000223321 -2.74951e-05
-2.74951e-05   0.00023897
 0.000231199 -3.35444e-05
-3.35444e-05  0.000241804
 0.000238724 -3.60377e-05
-3.60377e-05  0.000242693
 0.000242578 -3.50234e-05
-3.50234e-05  0.000240513
 0.000242961 -3.18826e-05
-3.18826e-05  0.000241769
 0.000241366 -2.81713e-05
-2.81713e-05  0.000244398
0.000241085 -2.7438e-05
-2.7438e-05 0.000254725
 0.000239416 -2.26973e-05
-2.26973e-05  0.000258545
0.000239696 -1.9029e-05
-1.9029e-05 0.000264331
0.000241436 -1.6225e-05
-1.6225e-05 0.000271402
 0.000244008 -1.44291e-05
-1.44291e-05   0.00027898
 0.000246974 -1.37948e-05
-1.37948e-05  0.000286322
0.000293201 1.40179e-05
1.40179e-05 0.000250391
0.000298822 6.31621e-06
6.31621e-06 0.000252958
 0.000309891 -4.41577e-06
-4.41577e-06  0.000257729
 0.000315602 -9.79341e-06
-9.79341e-06  0.000249436
 0.000323467 -2.17327e-05
-2.17327e-05  0.000257051
 0.000322192 -2.56888e-05
-2.56888e-05  0.000255863
 0.000316117 -2.84936e-05
-2.84936e-05  0.000262747
 0.000303895 -2.21051e-05
-2.21051e-05  0.000263097
 0.000294584 -1.14356e-05
-1.14356e-05  0.000255975
  0.00029317 -3.65895e-06
-3.65895e-06  0.000246348
 0.000298433 -1.33053e-06
-1.33053e-06  0.000238662
0.000306526 6.46742e-07
6.46742e-07 0.000217516
 0.000317608 -6.15431e-06
-6.15431e-06  0.000216711
 0.000339869 -1.13607e-05
-1.13607e-05  0.000219258
0.000379764 1.00727e-06
1.00727e-06 0.000224562
0.000482331 6.17959e-05
6.17959e-05  0.00024897
0.000433177 3.26654e-05
3.26654e-05 0.000240052
0.000316328 2.71708e-05
2.71708e-05 0.000236027
0.000270744 2.75152e-05
2.75152e-05 0.000232975
0.000261592 2.69598e-05
2.69598e-05 0.000231771
 0.00025644 2.85467e-05
2.85467e-05 0.000229999
0.000255117 3.06498e-05
3.06498e-05 0.000226552
0.000256026 3.12825e-05
3.12825e-05 0.000220951
0.000256364 2.90582e-05
2.90582e-05 0.000213826
0.000252867 2.45281e-05
2.45281e-05 0.000206549
0.000246967 1.86385e-05
1.86385e-05 0.000200619
0.000238818 1.33322e-05
1.33322e-05  0.00019652
0.000228942 1.03255e-05
1.03255e-05 0.000193603
 0.00021928 1.24441e-05
1.24441e-05 0.000210474
0.000213002 1.16192e-05
1.16192e-05 0.000208091
0.000208326 1.14303e-05
1.14303e-05 0.000205099
0.000204087 1.07129e-05
1.07129e-05 0.000200392
0.000199834 9.11567e-06
9.11567e-06 0.000194964
0.000195794 7.25828e-06
7.25828e-06 0.000190569
0.000192393 5.67723e-06
5.67723e-06 0.000188115
 0.00018957 5.37208e-06
5.37208e-06 0.000184852
0.000187851  5.2523e-06
 5.2523e-06 0.000183729
0.000186976  5.9835e-06
 5.9835e-06 0.000181452
0.000187059 6.92662e-06
6.92662e-06 0.000178055
0.000188031  7.7308e-06
 7.7308e-06 0.000175839
0.000189184 7.71101e-06
7.71101e-06 0.000173407
0.000190194 7.73137e-06
7.73137e-06 0.000172908
0.000190391 7.11912e-06
7.11912e-06 0.000172113
0.000189978 6.40731e-06
6.40731e-06 0.000172033
0.000189318 5.58291e-06
5.58291e-06 0.000172581
0.000187486 8.03383e-06
8.03383e-06 0.000164993
0.000187136 7.79335e-06
7.79335e-06 0.000163031
  0.0001874 7.31522e-06
7.31522e-06 0.000162232
0.000188147 6.76136e-06
6.76136e-06  0.00016146
0.000189164 6.06183e-06
6.06183e-06 0.000161433
0.000189883 5.26492e-06
5.26492e-06  0.00016206
0.000188873 5.70264e-06
5.70264e-06 0.000159723
0.000187297 5.50187e-06
5.50187e-06 0.000160169
0.000185032 7.25989e-06
7.25989e-06 0.000159872
0.000184479 9.36439e-06
9.36439e-06 0.000161618
0.000185665  1.2359e-05
 1.2359e-05 0.000164175
0.000187797 1.46857e-05
1.46857e-05   0.0001659
0.000189265 1.56209e-05
1.56209e-05 0.000166914
0.000188341 1.38302e-05
1.38302e-05 0.000165179
0.000185874 1.15881e-05
1.15881e-05 0.000159641
0.000183173 8.96638e-06
8.96638e-06 0.000157414
0.000180988 7.52683e-06
7.52683e-06 0.000157249
0.000179511  6.8849e-06
 6.8849e-06 0.000157676
0.000179111 7.05103e-06
7.05103e-06 0.000161643
0.000179528 7.51354e-06
7.51354e-06 0.000159691
0.000181164 9.30039e-06
9.30039e-06 0.000162737
0.000182992 1.00628e-05
1.00628e-05 0.000162359
0.000184552 1.01247e-05
1.01247e-05 0.000164031
0.000185142 9.08851e-06
9.08851e-06 0.000162712
0.000185133  7.2105e-06
 7.2105e-06 0.000161112
0.000184729 3.88816e-06
3.88816e-06 0.000156673
0.000184157 3.91781e-07
3.91781e-07 0.000152983
 0.000184997 -9.76233e-07
-9.76233e-07   0.00015204
 0.000185573 -2.92607e-06
-2.92607e-06  0.000153299
 0.000184955 -4.97778e-06
-4.97778e-06   0.00015554
0.000182638 -5.7976e-06
-5.7976e-06  0.00015598
 0.000180054 -6.82768e-06
-6.82768e-06  0.000157521
  0.00017753 -8.49885e-06
-8.49885e-06  0.000157864
  0.00017592 -8.67087e-06
-8.67087e-06  0.000159727
  0.00017509 -7.65887e-06
-7.65887e-06  0.000160215
0.000175686 -6.0957e-06
-6.0957e-06 0.000161816
 0.000176458 -7.14811e-06
-7.14811e-06  0.000156871
 0.000178339 -7.95757e-06
-7.95757e-06  0.000153251
 0.000180258 -9.36558e-06
-9.36558e-06  0.000154413
 0.000181889 -1.05844e-05
-1.05844e-05  0.000153577
 0.000182812 -1.14166e-05
-1.14166e-05  0.000153868
 0.000182625 -1.20958e-05
-1.20958e-05  0.000153386
 0.000181514 -1.30661e-05
-1.30661e-05  0.000153947
 0.000180814 -1.39202e-05
-1.39202e-05  0.000156227
 0.000180292 -1.56636e-05
-1.56636e-05  0.000159328
 0.000180778 -1.71338e-05
-1.71338e-05  0.000159488
 0.000181283 -1.79552e-05
-1.79552e-05   0.00015932
0.000180959  -1.828e-05
 -1.828e-05 0.000159487
 0.000180249 -1.80795e-05
-1.80795e-05  0.000160481
 0.000179386 -1.77387e-05
-1.77387e-05  0.000162245
 0.000178872 -1.73952e-05
-1.73952e-05  0.000164698
 0.000178515 -1.71497e-05
-1.71497e-05  0.000168708
 0.000178974 -1.70379e-05
-1.70379e-05  0.000173269
 0.000179182 -1.84647e-05
-1.84647e-05  0.000175184
 0.000179313 -2.02275e-05
-2.02275e-05  0.000178269
0.000180121 2.26766e-05
2.26766e-05 0.000179566
0.000178041 2.20157e-05
2.20157e-05 0.000176987
0.000174886  2.1446e-05
 2.1446e-05 0.000174129
0.000171608 2.07492e-05
2.07492e-05 0.000171127
0.000168803 2.02326e-05
2.02326e-05 0.000168925
0.000167227 1.96803e-05
1.96803e-05 0.000166995
0.000166164  1.9871e-05
 1.9871e-05 0.000164997
 0.00016597 2.00137e-05
2.00137e-05 0.000162697
0.000166108 1.96372e-05
1.96372e-05 0.000160377
0.000166015 1.84711e-05
1.84711e-05 0.000155601
0.000165922 1.72103e-05
1.72103e-05 0.000153876
0.000165985 1.59241e-05
1.59241e-05 0.000152831
0.000166541 1.42714e-05
1.42714e-05 0.000153699
0.000166582 1.36732e-05
1.36732e-05 0.000150522
0.000167914 1.14822e-05
1.14822e-05 0.000150229
0.000167343 1.04014e-05
1.04014e-05 0.000149579
0.000166425 9.64125e-06
9.64125e-06 0.000147763
0.000165112 8.74675e-06
8.74675e-06 0.000146277
0.000163564 7.81639e-06
7.81639e-06 0.000145091
0.000162003 6.95538e-06
6.95538e-06  0.00014411
0.000160624 6.24907e-06
6.24907e-06 0.000143152
0.000159549 5.72867e-06
5.72867e-06 0.000142012
0.000158793 5.37731e-06
5.37731e-06 0.000139906
0.000158305 5.21324e-06
5.21324e-06 0.000137659
0.000158082 4.75658e-06
4.75658e-06 0.000137179
0.000157855 4.40998e-06
4.40998e-06 0.000135685
0.000157557 3.95846e-06
3.95846e-06 0.000136479
0.000157003 3.66895e-06
3.66895e-06 0.000135615
0.000156227 3.33594e-06
3.33594e-06 0.000135049
0.000155307 2.93136e-06
2.93136e-06 0.000135762
0.000154469 2.35922e-06
2.35922e-06 0.000136376
0.000153929 1.68131e-06
1.68131e-06 0.000137407
0.000153792 1.07081e-06
1.07081e-06 0.000138373
0.000154079  5.8004e-07
 5.8004e-07 0.000137411
0.000154805 1.47999e-07
1.47999e-07 0.000137149
 0.000155968 -2.71589e-07
-2.71589e-07  0.000136678
 0.000157398 -6.85198e-07
-6.85198e-07  0.000136729
 0.000158661 -1.11556e-06
-1.11556e-06  0.000137332
 0.000159281 -1.53903e-06
-1.53903e-06  0.000138458
   0.0001593 -1.74719e-06
-1.74719e-06  0.000140374
 0.000158882 -2.11771e-06
-2.11771e-06  0.000142655
0.000158726  -2.472e-06
 -2.472e-06 0.000145897
 0.000159045 -3.17634e-06
-3.17634e-06  0.000149079
 0.000160037 -4.17847e-06
-4.17847e-06   0.00015154
 0.000161659 -5.20259e-06
-5.20259e-06  0.000153503
 0.000163789 -5.89593e-06
-5.89593e-06  0.000155505
  0.00016568 -6.28021e-06
-6.28021e-06  0.000157803
 0.000166865 -4.68473e-06
-4.68473e-06  0.000153898
 0.000167723 -3.87868e-06
-3.87868e-06  0.000152721
  0.00016817 -3.53904e-06
-3.53904e-06  0.000155815
 0.000168449 -2.99676e-06
-2.99676e-06  0.000160109
 0.000169533 -1.71958e-06
-1.71958e-06  0.000166533
 0.000171304 -8.27551e-07
-8.27551e-07   0.00017174
 0.000174657 -2.51063e-07
-2.51063e-07   0.00017408
  0.00017939 -1.20502e-06
-1.20502e-06  0.000163851
0.000185922 -1.9243e-06
-1.9243e-06 0.000163641
 0.000194016 -2.51289e-06
-2.51289e-06  0.000163955
 0.000202542 -2.78422e-06
-2.78422e-06  0.000164615
 0.000207939 -7.64595e-07
-7.64595e-07  0.000156026
 0.000210941 -1.05632e-07
-1.05632e-07  0.000156952
0.000212176 2.35355e-06
2.35355e-06 0.000159996
0.000207248 3.42889e-06
3.42889e-06 0.000162574
 0.00020197 6.29885e-06
6.29885e-06 0.000169329
0.000194301 5.67857e-06
5.67857e-06 0.000171675
0.000188246  3.5962e-06
 3.5962e-06 0.000174567
 0.000185362 -8.86168e-07
-8.86168e-07  0.000176892
 0.000187119 -6.39585e-06
-6.39585e-06  0.000184962
 0.000192192 -1.01376e-05
-1.01376e-05  0.000183288
 0.000197726 -1.12875e-05
-1.12875e-05  0.000180796
 0.000201799 -1.06453e-05
-1.06453e-05  0.000178606
 0.000203062 -7.48378e-06
-7.48378e-06  0.000174091
 0.000203797 -4.37101e-06
-4.37101e-06  0.000182822
 0.000203224 -3.39557e-06
-3.39557e-06  0.000182019
 0.000201472 -3.64902e-06
-3.64902e-06  0.000182254
 0.000199097 -4.72452e-06
-4.72452e-06   0.00018259
 0.000197124 -5.69165e-06
-5.69165e-06     0.000185
 0.000196072 -5.44745e-06
-5.44745e-06  0.000186036
0.000196553 -4.7251e-06
-4.7251e-06 0.000184302
 0.000198897 -4.19559e-06
-4.19559e-06  0.000181375
 0.000202413 -4.93706e-06
-4.93706e-06  0.000178601
  0.00020575 -6.73281e-06
-6.73281e-06  0.000177408
  0.00020756 -8.81413e-06
-8.81413e-06   0.00017792
 0.000207437 -1.00429e-05
-1.00429e-05  0.000178836
 0.000206565 -1.02028e-05
-1.02028e-05   0.00018315
 0.000206311 -9.36984e-06
-9.36984e-06  0.000185097
 0.000207232 -8.49345e-06
-8.49345e-06  0.000187481
 0.000209041 -7.66978e-06
-7.66978e-06  0.000191709
 0.000209918 -9.47758e-06
-9.47758e-06  0.000191698
  0.00021035 -1.20062e-05
-1.20062e-05    0.0001927
 0.000210692 -1.45863e-05
-1.45863e-05  0.000196215
 0.000210328 -1.77452e-05
-1.77452e-05  0.000197723
 0.000210951 -1.97087e-05
-1.97087e-05  0.000200537
 0.000211695 -2.11917e-05
-2.11917e-05  0.000203692
0.000212614 -2.2216e-05
-2.2216e-05 0.000207106
 0.000213843 -2.27469e-05
-2.27469e-05  0.000210706
  0.00021555 -2.27067e-05
-2.27067e-05  0.000214559
 0.000216909 -2.29319e-05
-2.29319e-05  0.000219399
 0.000219435 -2.17678e-05
-2.17678e-05  0.000225962
 0.000222131 -2.09422e-05
-2.09422e-05  0.000232547
 0.000224578 -2.04107e-05
-2.04107e-05  0.000241497
0.000253066 2.06705e-05
2.06705e-05 0.000226543
 0.00025716 1.87906e-05
1.87906e-05 0.000222998
0.000254597 1.89631e-05
1.89631e-05 0.000218402
0.000249026 1.81394e-05
1.81394e-05 0.000215448
0.000240282 1.83129e-05
1.83129e-05   0.0002129
0.000231376 1.96977e-05
1.96977e-05 0.000210755
 0.00022498 2.22856e-05
2.22856e-05 0.000209043
0.000222623 2.59784e-05
2.59784e-05 0.000208355
0.000224525  3.0825e-05
 3.0825e-05 0.000204692
0.000228512 3.45482e-05
3.45482e-05 0.000203765
0.000230112 3.68324e-05
3.68324e-05 0.000203595
0.000226153 3.71134e-05
3.71134e-05  0.00020449
0.000216184  3.2519e-05
 3.2519e-05 0.000202238
0.000206355 2.68363e-05
2.68363e-05 0.000198392
0.000199674  2.0119e-05
 2.0119e-05 0.000194256
0.000197004 1.46178e-05
1.46178e-05 0.000194137
0.000196465 1.11931e-05
1.11931e-05 0.000188274
0.000198433 6.53245e-06
6.53245e-06 0.000189667
0.000198202 6.08026e-06
6.08026e-06  0.00018486
0.000197843 5.90173e-06
5.90173e-06 0.000182423
0.000197091  6.6181e-06
 6.6181e-06 0.000179644
0.000196098 8.40729e-06
8.40729e-06 0.000175259
0.000195637 9.82289e-06
9.82289e-06 0.000171428
0.000195817 1.00185e-05
1.00185e-05  0.00016922
0.000195189 1.00277e-05
1.00277e-05 0.000167301
0.000193453 1.01315e-05
1.01315e-05 0.000165572
 0.00019099 1.04186e-05
1.04186e-05 0.000163946
0.000187248 1.35453e-05
1.35453e-05 0.000168775
0.000184409 1.38042e-05
1.38042e-05  0.00016691
 0.00018094 1.33609e-05
1.33609e-05 0.000165176
0.000177009 1.23325e-05
1.23325e-05 0.000163139
 0.00017305 1.10748e-05
1.10748e-05 0.000160945
0.000170857 8.88378e-06
8.88378e-06 0.000159285
0.000169899 6.99687e-06
6.99687e-06 0.000156886
0.000170107 5.49368e-06
5.49368e-06 0.000157502
0.000170311 4.34876e-06
4.34876e-06 0.000155818
 0.00016938  5.7775e-06
 5.7775e-06 0.000154336
0.000168572 6.40979e-06
6.40979e-06 0.000152581
 0.00016728 7.85461e-06
7.85461e-06 0.000150339
0.000166448 8.91149e-06
8.91149e-06 0.000148531
0.000166255 1.02608e-05
1.02608e-05 0.000149189
0.000166295 1.12426e-05
1.12426e-05 0.000148949
0.000166952    1.25e-05
   1.25e-05 0.000148944
0.000167086 1.23175e-05
1.23175e-05 0.000145182
0.000165763 1.09114e-05
1.09114e-05 0.000142554
0.000163771  8.6931e-06
 8.6931e-06 0.000139796
0.000162263 6.96262e-06
6.96262e-06 0.000139197
 0.00016132 5.34418e-06
5.34418e-06 0.000138069
0.000160661 4.38619e-06
4.38619e-06 0.000136745
0.000160231 3.51998e-06
3.51998e-06  0.00013622
0.000159805 2.89735e-06
2.89735e-06 0.000136562
0.000159366 2.48255e-06
2.48255e-06 0.000137743
0.000158938 2.55714e-06
2.55714e-06 0.000138633
0.000158538 2.45041e-06
2.45041e-06 0.000138193
0.000158171 2.31069e-06
2.31069e-06 0.000137895
0.000157837 1.92685e-06
1.92685e-06 0.000137522
0.000157441 1.52204e-06
1.52204e-06 0.000136367
0.000157054 1.05719e-06
1.05719e-06 0.000137567
 0.00015647 6.34193e-07
6.34193e-07 0.000137003
0.000155785 5.21544e-07
5.21544e-07 0.000137957
0.000155062  7.7953e-07
 7.7953e-07 0.000136395
0.000154597 7.12055e-07
7.12055e-07 0.000137094
0.000154554 8.18543e-07
8.18543e-07 0.000139091
0.000154947 5.81464e-07
5.81464e-07 0.000139115
0.000155868 1.84709e-07
1.84709e-07 0.000138564
0.000157435 -7.3191e-08
-7.3191e-08 0.000136421
   0.0001594 -9.89445e-07
-9.89445e-07  0.000135652
 0.000161729 -2.12385e-06
-2.12385e-06  0.000134308
 0.000164663 -3.21845e-06
-3.21845e-06  0.000134945
 0.000166753 -4.14895e-06
-4.14895e-06  0.000134525
 0.000168481 -5.28002e-06
-5.28002e-06  0.000134874
 0.000169263 -6.38689e-06
-6.38689e-06   0.00013618
 0.000168911 -7.14631e-06
-7.14631e-06  0.000137144
 0.000168435 -6.97296e-06
-6.97296e-06  0.000139155
 0.000166878 -7.18276e-06
-7.18276e-06  0.000140317
 0.000165888 -6.90092e-06
-6.90092e-06  0.000142361
 0.000164568 -7.24352e-06
-7.24352e-06  0.000144881
 0.000163132 -7.07059e-06
-7.07059e-06  0.000145244
 0.000162421 -7.83358e-06
-7.83358e-06   0.00014799
 0.000162291 -8.23761e-06
-8.23761e-06  0.000150675
 0.000163024 -8.11963e-06
-8.11963e-06  0.000152973
 0.000164656 -7.80527e-06
-7.80527e-06  0.000155273
 0.000166538 -8.34593e-06
-8.34593e-06  0.000155263
 0.000167983 -8.96417e-06
-8.96417e-06  0.000157923
 0.000168753 -9.86302e-06
-9.86302e-06  0.000160788
0.000169846 -1.0083e-05
-1.0083e-05 0.000163774
 0.000170505 -1.03553e-05
-1.03553e-05  0.000168011
 0.000171546 -1.02098e-05
-1.02098e-05   0.00017284
 0.000173051 -9.62604e-06
-9.62604e-06  0.000178299
 0.000174754 -9.40857e-06
-9.40857e-06  0.000181914
 0.000176928 -8.32849e-06
-8.32849e-06  0.000188589
 0.000177902 -1.20894e-05
-1.20894e-05  0.000178676
 0.000179573 -1.30798e-05
-1.30798e-05  0.000183016
 0.000180755 -1.63582e-05
-1.63582e-05   0.00018322
 0.000182946 -1.88709e-05
-1.88709e-05  0.000188726
 0.000185962 -2.25203e-05
-2.25203e-05  0.000194378
  0.00019032 -2.72673e-05
-2.72673e-05   0.00019978
 0.000196554 -3.34581e-05
-3.34581e-05   0.00020327
 0.000205581 -3.97979e-05
-3.97979e-05    0.0002118
 0.000216332 -4.84807e-05
-4.84807e-05  0.000222832
