0.000243209 5.74924e-05
5.74924e-05 0.000235415
0.000237806 5.66424e-05
5.66424e-05 0.000233212
0.000223426 4.85008e-05
4.85008e-05 0.000222736
0.000213336 4.27626e-05
4.27626e-05 0.000216101
0.000202366 3.86583e-05
3.86583e-05 0.000209532
0.000195687 3.45672e-05
3.45672e-05 0.000203909
0.000190047 3.08718e-05
3.08718e-05 0.000198474
  0.0001848 2.76277e-05
2.76277e-05 0.000197334
0.000180643 2.52397e-05
2.52397e-05 0.000190027
0.000177752 2.30378e-05
2.30378e-05 0.000183796
0.000175404 2.13563e-05
2.13563e-05 0.000177486
0.000173799 1.91517e-05
1.91517e-05 0.000178184
0.000172893 1.65805e-05
1.65805e-05 0.000180805
0.000171645 1.63145e-05
1.63145e-05 0.000172734
0.000170541 1.59898e-05
1.59898e-05 0.000165973
0.000169551 1.55188e-05
1.55188e-05 0.000161206
0.000168355 1.48274e-05
1.48274e-05 0.000157337
0.000167022 1.37833e-05
1.37833e-05 0.000154532
0.000165765 1.25272e-05
1.25272e-05 0.000151991
0.000165172 1.08699e-05
1.08699e-05 0.000150756
0.000164723 1.02985e-05
1.02985e-05 0.000148173
0.000164616 1.01398e-05
1.01398e-05 0.000146191
0.000164625  9.9732e-06
 9.9732e-06 0.000144098
0.000164438 9.60832e-06
9.60832e-06 0.000142743
0.000164112 8.53927e-06
8.53927e-06 0.000142906
0.000163067 6.79969e-06
6.79969e-06 0.000142567
0.000162212 4.95458e-06
4.95458e-06 0.000142633
0.000161959 3.06538e-06
3.06538e-06 0.000142578
0.000162362 1.57278e-06
1.57278e-06 0.000141155
0.000162948 1.25016e-06
1.25016e-06   0.0001402
 0.00016371 1.50867e-06
1.50867e-06 0.000139678
0.000164813 1.43842e-06
1.43842e-06 0.000137341
0.000165652 1.73757e-06
1.73757e-06 0.000137649
0.000166558 1.38927e-06
1.38927e-06  0.00013898
0.000166795 3.91825e-07
3.91825e-07  0.00013844
 0.000167364 -7.11376e-07
-7.11376e-07  0.000138931
 0.000168466 -1.82685e-06
-1.82685e-06  0.000139165
 0.00016953 -2.2798e-06
-2.2798e-06 0.000136983
 0.000169978 -2.45023e-06
-2.45023e-06   0.00013788
0.000169419 -2.8273e-06
-2.8273e-06 0.000138418
 0.000168403 -3.86655e-06
-3.86655e-06  0.000140621
 0.000168084 -5.71241e-06
-5.71241e-06  0.000143578
 0.000169146 -7.74668e-06
-7.74668e-06  0.000145109
 0.000170683 -8.97014e-06
-8.97014e-06  0.000144402
 0.000171529 -9.20408e-06
-9.20408e-06  0.000145399
 0.000171262 -8.70521e-06
-8.70521e-06  0.000146575
 0.000170328 -7.60956e-06
-7.60956e-06  0.000148552
 0.000169143 -6.93508e-06
-6.93508e-06  0.000149935
  0.00016812 -6.61006e-06
-6.61006e-06  0.000152171
 0.000167457 -5.74525e-06
-5.74525e-06   0.00015407
 0.000167608 -4.52801e-06
-4.52801e-06  0.000156078
 0.000168693 -3.54098e-06
-3.54098e-06   0.00015726
 0.000170186 -2.74015e-06
-2.74015e-06  0.000158407
 0.000171146 -3.30661e-06
-3.30661e-06  0.000157658
 0.000171579 -4.28646e-06
-4.28646e-06  0.000158488
 0.000171856 -5.82598e-06
-5.82598e-06  0.000161158
 0.000172576 -7.94706e-06
-7.94706e-06  0.000160438
  0.00017414 -1.01056e-05
-1.01056e-05  0.000160478
 0.000176363 -1.16938e-05
-1.16938e-05  0.000162988
 0.000178186 -1.26766e-05
-1.26766e-05  0.000164499
 0.000179232 -1.32105e-05
-1.32105e-05  0.000167249
 0.000179245 -1.25078e-05
-1.25078e-05  0.000170202
 0.000179042 -1.17379e-05
-1.17379e-05  0.000171948
 0.000179119 -1.16613e-05
-1.16613e-05  0.000174363
 0.000179699 -1.26048e-05
-1.26048e-05  0.000177494
 0.000180692 -1.32859e-05
-1.32859e-05  0.000178337
 0.000182392 -1.47486e-05
-1.47486e-05  0.000180881
 0.000184091 -1.54856e-05
-1.54856e-05  0.000183137
 0.000184971 -1.37643e-05
-1.37643e-05  0.000180142
 0.000186269 -1.22619e-05
-1.22619e-05  0.000183028
 0.000187576 -1.02676e-05
-1.02676e-05  0.000188286
 0.000188734 -7.98923e-06
-7.98923e-06  0.000188476
 0.000190068 -6.68533e-06
-6.68533e-06  0.000192774
  0.00019186 -5.03996e-06
-5.03996e-06  0.000199497
 0.000193095 -5.28353e-06
-5.28353e-06  0.000203871
0.000195518  -5.121e-06
 -5.121e-06 0.000208751
 0.000199274 -4.68095e-06
-4.68095e-06  0.000211547
 0.000203967 -4.21617e-06
-4.21617e-06    0.0002119
 0.000209304 -5.19524e-06
-5.19524e-06   0.00020443
0.000215623 -3.5567e-06
-3.5567e-06 0.000206717
 0.000221687 -1.65242e-06
-1.65242e-06  0.000209873
0.000227097 1.06115e-07
1.06115e-07 0.000214494
 0.000229713 -2.84872e-07
-2.84872e-07  0.000214342
0.000231256 2.33599e-07
2.33599e-07 0.000218609
 0.000230528 -6.14472e-07
-6.14472e-07  0.000222373
 0.000228432 -2.71461e-06
-2.71461e-06  0.000228885
 0.000224945 -6.63009e-06
-6.63009e-06   0.00023516
 0.000223352 -1.30238e-05
-1.30238e-05  0.000241467
  0.00022976 -2.86504e-05
-2.86504e-05  0.000252105
 0.000238232 -3.55883e-05
-3.55883e-05  0.000254949
0.000246045 -3.8265e-05
-3.8265e-05 0.000255249
 0.000249735 -3.68578e-05
-3.68578e-05   0.00025182
 0.000249824 -3.31559e-05
-3.31559e-05  0.000252386
 0.000248026 -2.88904e-05
-2.88904e-05  0.000254587
 0.000249062 -2.85137e-05
-2.85137e-05  0.000264878
0.000247068 -2.2984e-05
-2.2984e-05 0.000268601
 0.000247299 -1.86287e-05
-1.86287e-05  0.000274597
 0.000249268 -1.51775e-05
-1.51775e-05  0.000282112
 0.000252319 -1.27715e-05
-1.27715e-05  0.000290304
 0.000255918 -1.16353e-05
-1.16353e-05  0.000298333
0.000305887 1.15273e-05
1.15273e-05 0.000260021
0.000312446 2.59274e-06
2.59274e-06 0.000263118
  0.00032504 -9.67415e-06
-9.67415e-06   0.00026867
 0.000331115 -1.62376e-05
-1.62376e-05  0.000259454
 0.000339092 -3.01412e-05
-3.01412e-05  0.000268653
 0.000334463 -3.41031e-05
-3.41031e-05  0.000268078
 0.000322769 -3.45426e-05
-3.45426e-05  0.000275641
0.000306314   -2.43e-05
  -2.43e-05 0.000274989
 0.000296075 -1.09715e-05
-1.09715e-05  0.000266486
 0.000295236 -1.79501e-06
-1.79501e-06  0.000255571
 0.00030136 1.28377e-06
1.28377e-06 0.000246834
0.000310859 2.78472e-06
2.78472e-06 0.000224648
 0.000322362 -3.69785e-06
-3.69785e-06  0.000223355
 0.000345018 -8.47257e-06
-8.47257e-06  0.000225694
0.000389089 5.62963e-06
5.62963e-06 0.000232196
0.000516905 7.66902e-05
7.66902e-05 0.000261027
0.000466611 4.19904e-05
4.19904e-05 0.000249816
0.000336151 3.13986e-05
3.13986e-05 0.000245876
0.000283465 3.01526e-05
3.01526e-05 0.000243407
0.000273286 2.90051e-05
2.90051e-05 0.000242986
0.000267412 3.04914e-05
3.04914e-05  0.00024206
0.000265748 3.28214e-05
3.28214e-05 0.000239255
0.000266633 3.37541e-05
3.37541e-05 0.000233891
0.000267069 3.16449e-05
3.16449e-05  0.00022655
0.000263392  2.6943e-05
 2.6943e-05 0.000218726
0.000257117 2.05503e-05
2.05503e-05 0.000212197
0.000248204 1.46398e-05
1.46398e-05 0.000207639
0.000237165 1.12479e-05
1.12479e-05 0.000204436
0.000226379 1.40625e-05
1.40625e-05 0.000224744
0.000219326 1.31247e-05
1.31247e-05 0.000222061
0.000214167 1.29137e-05
1.29137e-05 0.000218661
0.000209495 1.20115e-05
1.20115e-05 0.000213231
0.000204775 1.00212e-05
1.00212e-05 0.000206956
0.000200281 7.70669e-06
7.70669e-06 0.000201934
0.000196527 5.72473e-06
5.72473e-06 0.000199262
0.000193454  5.3038e-06
 5.3038e-06 0.000195742
0.000191677 5.08137e-06
5.08137e-06 0.000194614
 0.00019089 5.87836e-06
5.87836e-06 0.000191993
0.000191215 6.96232e-06
6.96232e-06 0.000188036
0.000192569  7.8907e-06
 7.8907e-06 0.000185529
0.000194135 7.86516e-06
7.86516e-06 0.000182824
0.000195521 7.88238e-06
7.88238e-06 0.000182421
0.000195918 7.16121e-06
7.16121e-06 0.000181712
0.000195571 6.31832e-06
6.31832e-06 0.000181866
0.000194913 5.32716e-06
5.32716e-06 0.000182782
0.000192658  8.3337e-06
 8.3337e-06 0.000174029
0.000192319 8.03247e-06
8.03247e-06 0.000171901
0.000192686 7.47549e-06
7.47549e-06 0.000171123
0.000193599 6.85153e-06
6.85153e-06 0.000170346
0.000194799  6.0793e-06
 6.0793e-06  0.00017043
0.000195627 5.24099e-06
5.24099e-06  0.00017127
0.000194399  5.9418e-06
 5.9418e-06   0.0001686
0.000192625 5.87463e-06
5.87463e-06 0.000169239
0.000190077 8.12397e-06
8.12397e-06 0.000168962
0.000189597 1.07815e-05
1.07815e-05 0.000171135
0.000191115  1.4469e-05
 1.4469e-05 0.000174231
0.000193667 1.73191e-05
1.73191e-05 0.000176291
0.000195517 1.85682e-05
1.85682e-05 0.000177491
0.000194638 1.66348e-05
1.66348e-05 0.000175488
0.000191975 1.41544e-05
1.41544e-05 0.000169024
0.000189022 1.11909e-05
1.11909e-05 0.000166466
0.000186641 9.62084e-06
9.62084e-06 0.000166321
0.000185054 8.97587e-06
8.97587e-06 0.000166856
0.000184713 9.23693e-06
9.23693e-06  0.00017145
0.000185246 9.85595e-06
9.85595e-06 0.000169132
0.000187202 1.20683e-05
1.20683e-05 0.000172634
0.000189285 1.30095e-05
1.30095e-05 0.000172125
0.000191064 1.31256e-05
1.31256e-05 0.000173978
0.000191696  1.1965e-05
 1.1965e-05 0.000172372
0.000191645 9.82223e-06
9.82223e-06 0.000170422
0.000191136 6.01263e-06
6.01263e-06 0.000165159
0.000190365 1.99616e-06
1.99616e-06 0.000160772
0.000191265 4.47717e-07
4.47717e-07 0.000159561
 0.00019191  -1.781e-06
 -1.781e-06 0.000160912
 0.000191203 -4.13237e-06
-4.13237e-06  0.000163425
 0.000188492 -5.02052e-06
-5.02052e-06   0.00016387
 0.000185466 -6.13218e-06
-6.13218e-06   0.00016563
 0.000182497 -7.94305e-06
-7.94305e-06  0.000166022
 0.000180586 -7.99102e-06
-7.99102e-06  0.000168171
 0.000179617 -6.65846e-06
-6.65846e-06  0.000168632
  0.00018034 -4.71341e-06
-4.71341e-06    0.0001703
 0.000181277 -5.84689e-06
-5.84689e-06  0.000164249
 0.000183444 -6.65616e-06
-6.65616e-06  0.000159767
 0.000185715 -8.21935e-06
-8.21935e-06  0.000160909
 0.000187586 -9.52273e-06
-9.52273e-06  0.000159724
 0.000188665 -1.03833e-05
-1.03833e-05   0.00015987
 0.000188461 -1.10563e-05
-1.10563e-05  0.000159094
 0.000187184 -1.20612e-05
-1.20612e-05  0.000159543
 0.000186364 -1.29361e-05
-1.29361e-05  0.000162014
 0.000185743 -1.48785e-05
-1.48785e-05  0.000165431
 0.000186292 -1.65099e-05
-1.65099e-05  0.000165356
 0.000186888 -1.73744e-05
-1.73744e-05  0.000164849
 0.000186527 -1.76258e-05
-1.76258e-05   0.00016471
 0.000185684 -1.72363e-05
-1.72363e-05  0.000165545
 0.000184621 -1.66537e-05
-1.66537e-05  0.000167286
0.000183947 -1.6045e-05
-1.6045e-05 0.000169831
  0.00018349 -1.55296e-05
-1.55296e-05  0.000174186
    0.000184 -1.51897e-05
-1.51897e-05  0.000179172
 0.000184171 -1.67049e-05
-1.67049e-05  0.000180991
 0.000184221 -1.87167e-05
-1.87167e-05   0.00018422
0.000185955 2.15229e-05
2.15229e-05 0.000184348
0.000183541 2.08557e-05
2.08557e-05  0.00018183
0.000179875 2.02889e-05
2.02889e-05 0.000178978
0.000176052 1.95435e-05
1.95435e-05  0.00017595
0.000172836 1.90529e-05
1.90529e-05 0.000173861
0.000171025 1.85206e-05
1.85206e-05 0.000172093
0.000169845 1.89133e-05
1.89133e-05 0.000170197
0.000169705 1.92537e-05
1.92537e-05 0.000167896
 0.00016998  1.8963e-05
 1.8963e-05 0.000165543
0.000169927 1.76708e-05
1.76708e-05  0.00016026
0.000169948 1.63108e-05
1.63108e-05 0.000158612
0.000170135 1.49276e-05
1.49276e-05 0.000157779
0.000170887 1.31615e-05
1.31615e-05 0.000159251
0.000170997 1.25842e-05
1.25842e-05 0.000155801
 0.00017271 1.01323e-05
1.01323e-05 0.000155772
0.000172116 9.01106e-06
9.01106e-06 0.000155297
0.000171157 8.24084e-06
8.24084e-06 0.000153408
 0.00016973 7.29878e-06
7.29878e-06 0.000151908
0.000168014 6.30206e-06
6.30206e-06 0.000150766
0.000166268 5.37852e-06
5.37852e-06 0.000149865
0.000164721 4.63416e-06
4.63416e-06 0.000148977
0.000163521 4.11338e-06
4.11338e-06 0.000147843
0.000162676  3.7912e-06
 3.7912e-06 0.000145512
0.000162132 3.72411e-06
3.72411e-06 0.000142973
 0.00016191 3.31874e-06
3.31874e-06 0.000142533
0.000161666 3.02387e-06
3.02387e-06 0.000140866
0.000161343 2.62004e-06
2.62004e-06 0.000141937
0.000160691 2.39397e-06
2.39397e-06 0.000141025
0.000159762  2.1066e-06
 2.1066e-06 0.000140479
0.000158664 1.73877e-06
1.73877e-06 0.000141479
0.000157656 1.15308e-06
1.15308e-06 0.000142366
0.000157002 4.26747e-07
4.26747e-07 0.000143745
 0.000156831 -2.41299e-07
-2.41299e-07  0.000145001
 0.000157147 -7.30955e-07
-7.30955e-07  0.000143895
 0.000157991 -1.14606e-06
-1.14606e-06  0.000143607
 0.000159345 -1.54049e-06
-1.54049e-06  0.000143057
 0.000161006 -1.92093e-06
-1.92093e-06  0.000143141
 0.000162452 -2.31871e-06
-2.31871e-06  0.000143895
 0.000163125 -2.70879e-06
-2.70879e-06  0.000145279
  0.00016311 -2.84548e-06
-2.84548e-06  0.000147617
 0.000162557 -3.18667e-06
-3.18667e-06  0.000150397
 0.000162316 -3.52279e-06
-3.52279e-06  0.000154337
 0.000162622 -4.30073e-06
-4.30073e-06  0.000158193
 0.000163722 -5.44078e-06
-5.44078e-06  0.000161132
 0.000165566 -6.58408e-06
-6.58408e-06  0.000163405
  0.00016801 -7.30543e-06
-7.30543e-06  0.000165686
  0.00017013 -7.63693e-06
-7.63693e-06  0.000168317
 0.000171357 -5.58681e-06
-5.58681e-06  0.000163614
 0.000172212 -4.59931e-06
-4.59931e-06  0.000162233
 0.000172532 -4.06793e-06
-4.06793e-06  0.000165896
 0.000172672 -3.32473e-06
-3.32473e-06  0.000171011
 0.000173788 -1.81186e-06
-1.81186e-06  0.000178596
 0.000175643 -9.67842e-07
-9.67842e-07  0.000184494
 0.000179335 -4.94409e-07
-4.94409e-07  0.000186778
 0.000184667 -1.58319e-06
-1.58319e-06  0.000174665
 0.000192106 -2.28331e-06
-2.28331e-06  0.000174165
  0.00020123 -2.78309e-06
-2.78309e-06  0.000174298
 0.000210588 -2.87008e-06
-2.87008e-06  0.000174837
 0.00021594 -4.0276e-07
-4.0276e-07  0.00016489
0.000218845 5.18344e-07
5.18344e-07 0.000165776
0.000220147  3.4156e-06
 3.4156e-06 0.000169065
0.000214735 4.77491e-06
4.77491e-06 0.000171862
0.000209144 8.11101e-06
8.11101e-06 0.000179418
0.000200593 7.46405e-06
7.46405e-06 0.000182038
0.000193775 5.07855e-06
5.07855e-06 0.000185315
0.000190477 -1.4762e-07
-1.4762e-07 0.000187909
 0.000192476 -6.61337e-06
-6.61337e-06  0.000196861
 0.000198307 -1.10291e-05
-1.10291e-05  0.000194629
0.000204656 -1.2383e-05
-1.2383e-05 0.000191402
 0.000209296 -1.16096e-05
-1.16096e-05  0.000188555
0.000210651 -7.9449e-06
-7.9449e-06 0.000183184
 0.000211415 -4.44139e-06
-4.44139e-06  0.000192625
 0.000210717 -3.24218e-06
-3.24218e-06   0.00019152
 0.000208688 -3.45234e-06
-3.45234e-06   0.00019162
  0.00020593 -4.60997e-06
-4.60997e-06  0.000191866
  0.00020361 -5.64651e-06
-5.64651e-06  0.000194491
 0.000202279 -5.23959e-06
-5.23959e-06  0.000195582
 0.000202704 -4.24287e-06
-4.24287e-06   0.00019343
  0.00020531 -3.50994e-06
-3.50994e-06  0.000189797
 0.000209249 -4.31245e-06
-4.31245e-06  0.000186312
 0.000212981 -6.36509e-06
-6.36509e-06  0.000184681
0.000214992 -8.7554e-06
-8.7554e-06 0.000185068
  0.00021478 -1.01226e-05
-1.01226e-05  0.000185984
 0.000213798 -1.02421e-05
-1.02421e-05  0.000190773
 0.000213473 -9.08794e-06
-9.08794e-06   0.00019285
 0.000214621 -7.83101e-06
-7.83101e-06  0.000195338
 0.000216946 -6.60833e-06
-6.60833e-06  0.000199799
 0.000218086 -8.54426e-06
-8.54426e-06  0.000199425
 0.000218586 -1.14117e-05
-1.14117e-05  0.000200267
 0.000218959 -1.43947e-05
-1.43947e-05  0.000204044
 0.000218418 -1.79537e-05
-1.79537e-05  0.000205527
 0.000218978 -2.01932e-05
-2.01932e-05  0.000208577
 0.000219678 -2.18627e-05
-2.18627e-05   0.00021201
  0.00022058 -2.29826e-05
-2.29826e-05  0.000215728
 0.000221835 -2.35109e-05
-2.35109e-05  0.000219651
 0.000223641 -2.33563e-05
-2.33563e-05  0.000223856
  0.00022518 -2.34986e-05
-2.34986e-05  0.000229023
 0.000228051 -2.20755e-05
-2.20755e-05  0.000236241
 0.000231016 -2.09327e-05
-2.09327e-05  0.000243441
 0.00023371 -2.0103e-05
-2.0103e-05 0.000253352
 0.00026629 2.01707e-05
2.01707e-05 0.000235818
0.000270568 1.79455e-05
1.79455e-05  0.00023214
 0.00026688 1.81144e-05
1.81144e-05 0.000227224
0.000260031   1.724e-05
  1.724e-05 0.000224287
0.000249866 1.75781e-05
1.75781e-05 0.000221827
0.000239701 1.93561e-05
1.93561e-05  0.00021982
0.000232435 2.25486e-05
2.25486e-05 0.000218284
0.000229801 2.70352e-05
2.70352e-05 0.000217936
 0.00023164 3.26827e-05
3.26827e-05 0.000214094
0.000236179 3.70174e-05
3.70174e-05 0.000213298
 0.00023827 3.96725e-05
3.96725e-05 0.000213367
 0.00023451 4.00814e-05
4.00814e-05 0.000214567
 0.00022392 3.49075e-05
3.49075e-05 0.000212187
0.000213237  2.8578e-05
 2.8578e-05 0.000208224
0.000205889 2.08889e-05
2.08889e-05 0.000203786
0.000203056 1.45746e-05
1.45746e-05 0.000203945
0.000202616  1.0445e-05
 1.0445e-05 0.000197625
0.000205082 4.97601e-06
4.97601e-06 0.000199667
0.000204882 4.40904e-06
4.40904e-06 0.000194536
0.000204529 4.22272e-06
4.22272e-06 0.000192046
0.000203758 5.11393e-06
5.11393e-06 0.000189086
0.000202765 7.24982e-06
7.24982e-06  0.00018424
0.000202425 8.94636e-06
8.94636e-06 0.000180033
0.000202866 9.23765e-06
9.23765e-06 0.000177698
0.000202414 9.32062e-06
9.32062e-06 0.000175716
0.000200695 9.52723e-06
9.52723e-06 0.000173963
0.000198102 9.96794e-06
9.96794e-06 0.000172331
0.000193967 1.37097e-05
1.37097e-05 0.000178238
0.000190824 1.41576e-05
1.41576e-05 0.000176313
0.000186903 1.37654e-05
1.37654e-05 0.000174544
0.000182399 1.26411e-05
1.26411e-05 0.000172426
0.000177822 1.12194e-05
1.12194e-05 0.000170118
0.000175339 8.66761e-06
8.66761e-06 0.000168405
0.000174331 6.46217e-06
6.46217e-06 0.000165786
0.000174719 4.75323e-06
4.75323e-06 0.000166683
0.000175068 3.49938e-06
3.49938e-06 0.000164825
0.000174088 5.34426e-06
5.34426e-06 0.000163194
0.000173173 6.25034e-06
6.25034e-06  0.00016125
0.000171633 8.14142e-06
8.14142e-06 0.000158743
0.000170674  9.5641e-06
 9.5641e-06 0.000156769
0.000170512  1.1305e-05
 1.1305e-05 0.000157704
0.000170645 1.26252e-05
1.26252e-05 0.000157605
0.000171515 1.42627e-05
1.42627e-05 0.000157775
 0.00017179 1.41782e-05
1.41782e-05 0.000153465
0.000170393 1.26331e-05
1.26331e-05 0.000150435
0.000168209 1.00883e-05
1.00883e-05 0.000147233
0.000166585 8.10239e-06
8.10239e-06 0.000146581
0.000165586  6.2339e-06
 6.2339e-06 0.000145321
0.000164904 5.15661e-06
5.15661e-06 0.000143837
0.000164508 4.18908e-06
4.18908e-06 0.000143293
 0.00016412 3.50686e-06
3.50686e-06 0.000143767
0.000163715 3.05577e-06
3.05577e-06 0.000145228
 0.00016331 3.23683e-06
3.23683e-06 0.000146311
0.000162896 3.17992e-06
3.17992e-06 0.000145815
0.000162507 3.06576e-06
3.06576e-06 0.000145482
0.000162139 2.68308e-06
2.68308e-06 0.000145039
0.000161685 2.27429e-06
2.27429e-06  0.00014366
0.000161235 1.79136e-06
1.79136e-06  0.00014506
0.000160543 1.36353e-06
1.36353e-06 0.000144363
0.000159727 1.30038e-06
1.30038e-06 0.000145466
0.000158839 1.72837e-06
1.72837e-06 0.000143593
0.000158274 1.73313e-06
1.73313e-06 0.000144408
0.000158197 1.92627e-06
1.92627e-06  0.00014674
 0.00015863 1.71031e-06
1.71031e-06 0.000146681
0.000159679 1.31387e-06
1.31387e-06 0.000145882
0.000161493 1.09138e-06
1.09138e-06 0.000143125
0.000163764  9.5931e-08
 9.5931e-08 0.000142043
 0.000166451 -1.14621e-06
-1.14621e-06  0.000140283
 0.000169865 -2.34458e-06
-2.34458e-06  0.000140877
 0.000172186 -3.30599e-06
-3.30599e-06  0.000140204
 0.000174155 -4.53354e-06
-4.53354e-06  0.000140458
0.000175061 -5.7352e-06
-5.7352e-06 0.000141835
 0.000174656 -6.51896e-06
-6.51896e-06  0.000142797
 0.000174167 -6.20571e-06
-6.20571e-06  0.000144997
 0.000172343 -6.34045e-06
-6.34045e-06  0.000146182
  0.00017121 -5.88474e-06
-5.88474e-06  0.000148409
 0.000169631 -6.19524e-06
-6.19524e-06  0.000151209
  0.00016784 -5.84274e-06
-5.84274e-06  0.000151448
 0.000166979 -6.63374e-06
-6.63374e-06  0.000154517
0.000166812  -6.994e-06
 -6.994e-06 0.000157477
 0.000167668 -6.74959e-06
-6.74959e-06  0.000159902
 0.000169584 -6.29097e-06
-6.29097e-06  0.000162276
  0.00017181 -6.81941e-06
-6.81941e-06  0.000161929
 0.000173504 -7.48951e-06
-7.48951e-06  0.000164784
 0.000174387 -8.48592e-06
-8.48592e-06  0.000167935
  0.00017568 -8.64971e-06
-8.64971e-06  0.000171242
 0.000176395 -8.88366e-06
-8.88366e-06   0.00017607
  0.00017755 -8.60993e-06
-8.60993e-06  0.000181607
 0.000179245 -7.80961e-06
-7.80961e-06  0.000187904
 0.000181156 -7.41402e-06
-7.41402e-06  0.000192033
 0.000183625 -6.01664e-06
-6.01664e-06  0.000199794
 0.000184769 -1.00757e-05
-1.00757e-05  0.000187626
 0.000186676 -1.11062e-05
-1.11062e-05  0.000192447
 0.000187999 -1.48295e-05
-1.48295e-05  0.000192221
 0.000190428 -1.77013e-05
-1.77013e-05  0.000198317
 0.000193752 -2.19319e-05
-2.19319e-05  0.000204564
 0.000198554 -2.74458e-05
-2.74458e-05  0.000210479
 0.000205526 -3.46583e-05
-3.46583e-05  0.000214086
 0.000215806 -4.20527e-05
-4.20527e-05  0.000223625
 0.000228076 -5.21461e-05
-5.21461e-05  0.000236066
