 0.000144973 -2.69561e-06
-2.69561e-06  0.000148163
 0.000180385 -2.83856e-06
-2.83856e-06  0.000189676
0.000149607 4.65034e-06
4.65034e-06 0.000137816
 0.000141354 -1.31224e-06
-1.31224e-06  0.000147243
 0.000172018 -6.64044e-06
-6.64044e-06  0.000194522
0.000138722 1.12462e-06
1.12462e-06 0.000148627
0.000149684 2.19686e-06
2.19686e-06 0.000139573
 0.000135691 -9.76128e-07
-9.76128e-07  0.000147075
0.000168655 1.02119e-06
1.02119e-06 0.000203019
 0.000155965 -1.11937e-06
-1.11937e-06   0.00014695
 0.000172974 -4.59615e-06
-4.59615e-06  0.000173821
 0.000234258 -1.66074e-05
-1.66074e-05  0.000204668
 0.000268582 -2.08431e-05
-2.08431e-05  0.000307084
 0.000173171 -6.15226e-06
-6.15226e-06  0.000201842
 0.000153172 -2.56302e-08
-2.56302e-08  0.000147141
0.000181077 1.26969e-05
1.26969e-05 0.000165014
 0.00015201 -3.0205e-06
-3.0205e-06 0.000149487
0.000163791 5.00081e-06
5.00081e-06 0.000132706
 0.000260368 -3.41352e-05
-3.41352e-05  0.000303968
 0.000218872 -1.76594e-05
-1.76594e-05  0.000213992
 0.000190551 -1.47473e-05
-1.47473e-05  0.000186105
 0.00018395 2.77458e-06
2.77458e-06 0.000178596
0.000200693 1.85621e-05
1.85621e-05 0.000197381
  0.00016538 -7.98358e-06
-7.98358e-06   0.00016183
 0.000158524 -5.35121e-06
-5.35121e-06  0.000162888
0.000149844 2.43244e-06
2.43244e-06 0.000134183
 0.000133855 -1.19122e-06
-1.19122e-06  0.000147028
 0.000154433 -4.25246e-07
-4.25246e-07  0.000161606
 0.000171406 -8.69833e-06
-8.69833e-06  0.000168526
0.000151101 6.04514e-06
6.04514e-06 0.000145837
 0.000281822 -1.27372e-05
-1.27372e-05  0.000270148
0.000149376 3.88499e-06
3.88499e-06 0.000140891
0.000219452 1.47749e-05
1.47749e-05 0.000226156
 0.000176737 -1.01593e-05
-1.01593e-05   0.00019421
 0.000184338 -5.54074e-06
-5.54074e-06  0.000184142
 0.000167611 -8.62582e-06
-8.62582e-06  0.000158806
0.000149273 3.21791e-06
3.21791e-06 0.000141346
0.000156991 1.25897e-06
1.25897e-06  0.00016057
0.000169119 1.18035e-05
1.18035e-05 0.000141366
 0.000257571 -3.03443e-05
-3.03443e-05  0.000250488
0.000212872 1.38461e-05
1.38461e-05 0.000226322
0.000173275 8.74318e-06
8.74318e-06 0.000153557
 0.000143668 -3.94155e-06
-3.94155e-06  0.000154641
 0.000154342 -2.67099e-06
-2.67099e-06  0.000152554
0.000173257 7.55458e-06
7.55458e-06 0.000153761
0.000180914  2.5046e-06
 2.5046e-06 0.000158155
0.000156347 -1.3871e-06
-1.3871e-06 0.000170585
 0.000198608 -1.02141e-05
-1.02141e-05  0.000206897
0.000154829 1.82161e-06
1.82161e-06 0.000153875
 0.000180153 -1.15935e-05
-1.15935e-05  0.000179987
  0.00018439 -8.37684e-06
-8.37684e-06   0.00016867
0.000146378 -1.1882e-06
-1.1882e-06 0.000148205
0.000144133 -4.9798e-06
-4.9798e-06 0.000155895
 0.00019104 1.90805e-05
1.90805e-05  0.00018001
0.000150311 1.48911e-06
1.48911e-06 0.000136965
0.000150036 1.62479e-06
1.62479e-06 0.000134623
0.000188079 -7.5495e-06
-7.5495e-06 0.000187553
0.000153354  1.5691e-06
 1.5691e-06 0.000147106
 0.000189781 -3.04976e-06
-3.04976e-06  0.000187518
  0.00018882 -3.77538e-06
-3.77538e-06  0.000167858
0.000152035 7.03637e-06
7.03637e-06 0.000147299
 0.000274526 -3.00124e-05
-3.00124e-05  0.000335155
 0.000159145 -7.95777e-06
-7.95777e-06  0.000175405
0.000159705 1.35444e-06
1.35444e-06  0.00013544
 0.000141207 -3.10118e-06
-3.10118e-06  0.000148727
0.000176075 8.53723e-06
8.53723e-06 0.000158169
 0.000164896 -7.90697e-06
-7.90697e-06  0.000177877
 0.000158409 -5.05894e-06
-5.05894e-06  0.000167265
0.000192733 -4.5542e-06
-4.5542e-06 0.000193111
0.000180806 -6.0974e-06
-6.0974e-06 0.000166288
 0.000214775 -1.04589e-05
-1.04589e-05  0.000205906
 0.000310465 -1.56906e-05
-1.56906e-05  0.000380188
0.000151188 1.51596e-05
1.51596e-05 0.000154973
 0.000196252 -8.84692e-07
-8.84692e-07   0.00019563
  0.00020907 -5.52776e-06
-5.52776e-06  0.000205959
0.000181611  2.2941e-05
 2.2941e-05 0.000175399
 0.000168769 -4.45882e-06
-4.45882e-06  0.000183874
0.000170442 -6.3245e-06
-6.3245e-06 0.000186634
 0.000160475 -1.76279e-06
-1.76279e-06   0.00018028
 0.000138687 -4.10299e-06
-4.10299e-06  0.000154585
 0.000234082 -1.82558e-05
-1.82558e-05  0.000241353
0.000185123 1.34886e-05
1.34886e-05 0.000190474
0.000166017  5.8481e-07
 5.8481e-07 0.000144715
 0.000189492 -3.67652e-06
-3.67652e-06  0.000191112
0.000155545 7.89899e-06
7.89899e-06 0.000173486
0.000176567 1.80609e-05
1.80609e-05  0.00016159
 0.000168131 -8.97977e-06
-8.97977e-06  0.000155409
 0.000172877 -4.07292e-06
-4.07292e-06  0.000184601
 0.000163844 -1.02556e-06
-1.02556e-06  0.000132561
0.000207486 2.62564e-06
2.62564e-06 0.000188751
 0.000168669 -1.69114e-07
-1.69114e-07   0.00018779
 0.000168186 -5.97554e-06
-5.97554e-06  0.000156811
 0.000177693 -6.89268e-06
-6.89268e-06  0.000181369
 0.000151398 -9.29102e-07
-9.29102e-07  0.000147757
 0.000149619 -2.15019e-06
-2.15019e-06   0.00014813
0.000148198 6.12478e-06
6.12478e-06 0.000150853
0.000173838 5.69224e-06
5.69224e-06 0.000145886
 0.000149947 -3.82194e-07
-3.82194e-07  0.000147582
0.000192079 2.16752e-05
2.16752e-05 0.000206647
 0.000240094 -2.46322e-05
-2.46322e-05  0.000214215
0.000175117  7.9115e-06
 7.9115e-06 0.000147378
 0.00020997 1.79137e-05
1.79137e-05 0.000221538
 0.000160668 -1.18126e-06
-1.18126e-06  0.000154343
 0.000197951 -2.46507e-06
-2.46507e-06  0.000248056
 0.000164862 -9.88223e-06
-9.88223e-06  0.000173402
0.000173818 4.67274e-06
4.67274e-06 0.000145984
 0.000265607 -2.74824e-05
-2.74824e-05  0.000264512
0.000218065 1.20565e-05
1.20565e-05 0.000209126
 0.000177004 -3.12494e-06
-3.12494e-06  0.000196349
  0.00023887 -2.55346e-06
-2.55346e-06  0.000203499
 0.000155944 -5.25166e-06
-5.25166e-06  0.000145973
0.000166767 4.59567e-06
4.59567e-06 0.000136273
0.000360591 5.93803e-07
5.93803e-07 0.000418146
0.000172801 4.21607e-06
4.21607e-06  0.00015344
 0.000156713 -2.56809e-06
-2.56809e-06  0.000151983
0.000137675 4.85025e-06
4.85025e-06 0.000150905
  0.00022411 -2.79209e-06
-2.79209e-06   0.00020272
0.000150614 1.36323e-06
1.36323e-06 0.000137873
 0.000168753 -4.69924e-09
-4.69924e-09  0.000139528
 0.000292485 -1.95382e-05
-1.95382e-05  0.000290649
 0.000165599 -4.75854e-06
-4.75854e-06  0.000182861
0.000220824 1.10899e-05
1.10899e-05 0.000211101
0.000155042 1.15911e-05
1.15911e-05 0.000187702
 0.000162436 -3.79793e-06
-3.79793e-06  0.000134673
 0.000163163 -5.39073e-06
-5.39073e-06  0.000147397
0.000153139 9.47298e-07
9.47298e-07 0.000142161
0.000149371 4.65505e-06
4.65505e-06 0.000147353
 0.000216368 -1.63177e-05
-1.63177e-05  0.000225527
 0.000189163 -3.02844e-06
-3.02844e-06  0.000187313
0.000152164 8.57482e-06
8.57482e-06 0.000151917
0.000160165 1.80606e-08
1.80606e-08 0.000137032
 0.000176103 -1.02754e-05
-1.02754e-05  0.000167364
0.000157565 1.02464e-06
1.02464e-06 0.000161433
  0.00013231 -2.49248e-07
-2.49248e-07  0.000147525
0.000150603 1.20555e-06
1.20555e-06 0.000135673
 0.000158765 -3.88735e-06
-3.88735e-06  0.000168324
 0.000321606 -7.49138e-06
-7.49138e-06  0.000326951
  0.00028801 -2.70833e-05
-2.70833e-05  0.000300633
 0.000307532 -1.40601e-05
-1.40601e-05  0.000378784
0.000180798 1.68603e-05
1.68603e-05 0.000160179
0.000237049 7.80987e-06
7.80987e-06 0.000238349
 0.000174133 -9.84781e-06
-9.84781e-06  0.000177686
 0.000164626 -4.54897e-06
-4.54897e-06  0.000160703
0.000150921 1.29794e-06
1.29794e-06 0.000151753
 0.000171517 -1.20681e-05
-1.20681e-05  0.000167296
 0.000168391 -2.82956e-06
-2.82956e-06  0.000155986
0.000150529 8.64687e-07
8.64687e-07 0.000143046
 0.000181817 -6.81219e-06
-6.81219e-06  0.000182066
 0.000170817 -7.16866e-06
-7.16866e-06  0.000168986
0.000193221 1.86273e-05
1.86273e-05 0.000187198
0.000147569 2.94842e-06
2.94842e-06 0.000161699
 0.000175835 -3.13694e-06
-3.13694e-06  0.000157242
 0.000164634 -3.51558e-06
-3.51558e-06  0.000166158
0.000158803 4.54617e-06
4.54617e-06 0.000187225
 0.00017744 8.13744e-06
8.13744e-06 0.000150597
0.000149505 2.91246e-06
2.91246e-06 0.000145264
 0.000142251 -1.70322e-06
-1.70322e-06  0.000161995
0.000156433 1.58181e-06
1.58181e-06 0.000182472
0.000152236 1.63759e-06
1.63759e-06 0.000152747
 0.000150915 -5.03988e-06
-5.03988e-06  0.000164664
 0.000241257 -1.23546e-05
-1.23546e-05  0.000213869
 0.000184443 -1.91672e-05
-1.91672e-05  0.000192165
 0.000171415 -3.24076e-06
-3.24076e-06  0.000193576
0.000363525 8.29354e-07
8.29354e-07 0.000419188
 0.000157344 -7.56111e-06
-7.56111e-06  0.000174781
 0.000175266 -5.99766e-06
-5.99766e-06  0.000161703
0.000166834 -4.7302e-06
-4.7302e-06 0.000157487
0.000202132 1.88647e-05
1.88647e-05 0.000218015
 0.000169912 -3.99689e-06
-3.99689e-06  0.000157093
