0.00651326 0.00120291
0.00120291 0.00648694
0.00659612 0.00125035
0.00125035 0.00650544
0.00658561 0.00121962
0.00121962 0.00644819
0.00657952 0.00119143
0.00119143 0.00639574
0.00657432 0.00116482
0.00116482 0.00634321
0.00657102 0.00113723
0.00113723 0.00629268
0.00656871 0.00110983
0.00110983 0.00624321
0.00656731 0.00108167
0.00108167 0.00619638
0.00656655 0.00105504
0.00105504 0.00614698
0.00656624 0.00102841
0.00102841 0.00610019
0.00656623  0.0010019
 0.0010019 0.00605407
  0.0065668 0.000975948
0.000975948  0.00601734
 0.00656746 0.000950116
0.000950116  0.00598484
 0.00656816 0.000923956
0.000923956  0.00593962
   0.006569 0.000897399
0.000897399  0.00589595
 0.00656982 0.000870607
0.000870607  0.00585503
 0.00657041 0.000843291
0.000843291  0.00581541
 0.0065708 0.00081558
0.00081558 0.00577779
0.00657123 0.00078759
0.00078759 0.00574146
 0.00657204 0.000759231
0.000759231  0.00570787
 0.00657298 0.000731674
0.000731674  0.00567393
 0.00657415 0.000704358
0.000704358  0.00564162
 0.00657533 0.000676703
0.000676703  0.00560994
 0.00657644 0.000648903
0.000648903  0.00558015
 0.00657731 0.000620613
0.000620613  0.00555317
 0.00657782 0.000591564
0.000591564  0.00552653
  0.0065786 0.000562427
0.000562427  0.00550136
 0.00657991 0.000533222
0.000533222  0.00547734
 0.00658163 0.000504196
0.000504196   0.0054534
 0.0065833 0.00047627
0.00047627 0.00543146
 0.00658494 0.000448717
0.000448717   0.0054111
 0.00658645 0.000420325
0.000420325  0.00538981
 0.00658808 0.000392511
0.000392511  0.00537233
 0.00658964 0.000364164
0.000364164  0.00535709
 0.00659092 0.000335075
0.000335075   0.0053411
  0.0065927 0.000306094
0.000306094  0.00532754
 0.00659493 0.000277109
0.000277109  0.00531515
  0.0065971 0.000248256
0.000248256  0.00530162
 0.00659846 0.000219892
0.000219892  0.00529238
 0.00659876 0.000191051
0.000191051   0.0052838
 0.00659883 0.000161764
0.000161764  0.00527797
 0.00659993 0.000131823
0.000131823  0.00527411
 0.00660218 0.000101665
0.000101665  0.00527036
 0.00660451 7.20115e-05
7.20115e-05  0.00526596
  0.0066059 4.33103e-05
4.33103e-05  0.00526469
 0.00660619 1.50834e-05
1.50834e-05   0.0052648
   0.0066062 -1.27077e-05
-1.27077e-05   0.00526674
  0.00660575 -4.10541e-05
-4.10541e-05   0.00526938
  0.00660537 -6.96727e-05
-6.96727e-05   0.00527404
  0.00660542 -9.80134e-05
-9.80134e-05   0.00527971
 0.00660611 -0.00012607
-0.00012607  0.00528685
  0.00660754 -0.000154227
-0.000154227   0.00529471
  0.00660961 -0.000182485
-0.000182485     0.005304
  0.00661134 -0.000211994
-0.000211994   0.00531299
  0.00661291 -0.000241755
-0.000241755   0.00532475
   0.0066146 -0.000271828
-0.000271828   0.00533953
  0.00661677 -0.000302938
-0.000302938   0.00535247
  0.00661966 -0.000334076
-0.000334076   0.00536746
  0.00662318 -0.000364623
-0.000364623   0.00538611
  0.00662611 -0.000394828
-0.000394828   0.00540523
  0.00662793 -0.000424595
-0.000424595   0.00542688
  0.00662885 -0.000453326
-0.000453326    0.0054501
   0.0066295 -0.000482269
-0.000482269   0.00547355
  0.00663046 -0.000511897
-0.000511897   0.00549892
  0.00663197 -0.000542475
-0.000542475   0.00552625
  0.00663423 -0.000573094
-0.000573094   0.00555303
  0.00663681 -0.000604217
-0.000604217    0.0055828
  0.00663919 -0.000634715
-0.000634715   0.00561384
  0.00664102 -0.000663548
-0.000663548   0.00564162
  0.00664287 -0.000692153
-0.000692153   0.00567607
  0.00664465 -0.000720195
-0.000720195     0.005714
  0.00664648 -0.000748758
-0.000748758   0.00574867
  0.00664833 -0.000777999
-0.000777999   0.00578833
  0.00665092 -0.000806886
-0.000806886   0.00583151
  0.00665309 -0.000837409
-0.000837409   0.00587421
  0.00665666 -0.000867259
-0.000867259     0.005919
  0.00666146 -0.000896796
-0.000896796   0.00596358
 0.00666687 -0.00092647
-0.00092647  0.00600744
   0.0066728 -0.000957588
-0.000957588   0.00604579
  0.00667966 -0.000986411
-0.000986411   0.00609412
 0.00668644 -0.00101504
-0.00101504  0.00614464
 0.00669274 -0.00104369
-0.00104369  0.00619788
 0.00669666 -0.00107471
-0.00107471  0.00624834
 0.00669994 -0.00110459
-0.00110459  0.00630425
 0.00670128 -0.00113581
-0.00113581  0.00636115
 0.00670137 -0.00116794
-0.00116794  0.00642189
 0.00670048 -0.00120183
-0.00120183  0.00648386
0.00670146 -0.0012379
-0.0012379 0.00654727
 0.00670898 -0.00128165
-0.00128165  0.00661579
 0.00671904 -0.00131825
-0.00131825  0.00667958
 0.00672841 -0.00135141
-0.00135141    0.006743
  0.0067339 -0.00138132
-0.00138132  0.00680466
 0.00673559 -0.00140914
-0.00140914  0.00687125
 0.00673523 -0.00143649
-0.00143649  0.00694054
 0.00673593 -0.00146706
-0.00146706  0.00701996
 0.00673573 -0.00149338
-0.00149338  0.00709293
0.00673752 -0.0015208
-0.0015208 0.00716927
0.00674081 -0.0015491
-0.0015491  0.0072483
 0.00674493 -0.00157839
-0.00157839  0.00732927
0.00674943 -0.0016088
-0.0016088 0.00741144
0.00749458 0.00164003
0.00164003 0.00675434
0.00749987 0.00159472
0.00159472 0.00669629
0.00751111 0.00154643
0.00154643 0.00664207
0.00751467 0.00150595
0.00150595  0.0065766
0.00752128 0.00145719
0.00145719 0.00652831
0.00751755 0.00141819
0.00141819 0.00647342
0.00751219 0.00137941
0.00137941 0.00642765
0.00750383 0.00134946
0.00134946 0.00637625
0.00750035  0.0013229
 0.0013229 0.00631821
0.00750476 0.00129274
0.00129274 0.00625899
0.00751511 0.00125685
0.00125685 0.00620337
0.00752713 0.00122275
0.00122275 0.00613361
0.00754216 0.00117804
0.00117804  0.0060881
0.00756743 0.00113601
0.00113601 0.00604745
0.00760006 0.00111309
0.00111309 0.00601016
0.00768244 0.00114544
0.00114544 0.00599685
0.00763556 0.00107995
0.00107995 0.00594582
0.00752328 0.00103824
0.00103824 0.00590151
0.00748041 0.00100218
0.00100218  0.0058599
 0.00747353 0.000964721
0.000964721  0.00582199
 0.00747079 0.000929327
0.000929327   0.0057853
 0.00747188 0.000894357
0.000894357  0.00574873
 0.00747501 0.000857846
0.000857846  0.00571178
 0.00747718 0.000818473
0.000818473  0.00567497
  0.0074749 0.000776958
0.000776958  0.00563948
 0.00747002 0.000734131
0.000734131  0.00560665
 0.00746269 0.000692003
0.000692003  0.00557689
 0.00745343 0.000652409
0.000652409  0.00554942
 0.00744399 0.000617547
0.000617547  0.00554541
 0.00743854 0.000579988
0.000579988  0.00552112
 0.00743462 0.000543062
0.000543062  0.00549779
 0.00743104 0.000505715
0.000505715  0.00547428
0.00742743 0.00046762
0.00046762 0.00545146
 0.00742407 0.000429358
0.000429358    0.005431
0.00742139 0.00039141
0.00039141 0.00541376
 0.00741935 0.000354819
0.000354819   0.0053965
 0.00741843 0.000318253
0.000318253  0.00538319
 0.00741837 0.000282482
0.000282482  0.00537042
 0.00741926 0.000246945
0.000246945  0.00535816
  0.0074211 0.000211395
0.000211395  0.00534857
0.00742307 0.00017493
0.00017493  0.0053398
 0.00742494 0.000138557
0.000138557  0.00533446
 0.00742596 0.000101433
0.000101433   0.0053299
0.00742636 6.4176e-05
6.4176e-05 0.00532743
 0.00742651 2.67873e-05
2.67873e-05  0.00532695
  0.00742578 -7.19722e-06
-7.19722e-06   0.00531872
  0.00742629 -4.40449e-05
-4.40449e-05   0.00531835
  0.00742744 -8.11852e-05
-8.11852e-05   0.00532084
  0.00742908 -0.000118429
-0.000118429   0.00532488
  0.00743104 -0.000155808
-0.000155808   0.00533121
 0.00743273 -0.00019332
-0.00019332  0.00533963
  0.00743281 -0.000229645
-0.000229645    0.0053457
  0.00743209 -0.000266791
-0.000266791   0.00535621
  0.00743072 -0.000302042
-0.000302042   0.00536723
  0.00743091 -0.000337089
-0.000337089   0.00538185
  0.00743281 -0.000371259
-0.000371259   0.00539889
  0.00743578 -0.000405964
-0.000405964   0.00541671
  0.00743819 -0.000441907
-0.000441907    0.0054354
  0.00743816 -0.000480713
-0.000480713   0.00545227
  0.00743673 -0.000520135
-0.000520135   0.00546564
  0.00743496 -0.000559951
-0.000559951   0.00548405
  0.00743363 -0.000598624
-0.000598624   0.00550606
  0.00743298 -0.000636584
-0.000636584      0.00553
  0.00743346 -0.000673644
-0.000673644   0.00555952
  0.00743473 -0.000710696
-0.000710696   0.00558369
  0.00743737 -0.000746101
-0.000746101   0.00561518
  0.00744025 -0.000782606
-0.000782606   0.00564431
  0.00744301 -0.000819636
-0.000819636   0.00567736
  0.00744487 -0.000857809
-0.000857809   0.00570828
 0.00744621 -0.00089674
-0.00089674  0.00574034
    0.007447 -0.000937471
-0.000937471   0.00577038
  0.00744788 -0.000978231
-0.000978231   0.00580262
 0.00745005 -0.00101677
-0.00101677  0.00583937
 0.00745175 -0.00105609
-0.00105609  0.00588002
  0.0074521 -0.00109563
-0.00109563  0.00592298
 0.00745081 -0.00113394
-0.00113394  0.00596471
  0.0074492 -0.00117256
-0.00117256   0.0060087
 0.00744747 -0.00121222
-0.00121222  0.00605213
 0.00744666 -0.00125017
-0.00125017  0.00609901
 0.00744649 -0.00128689
-0.00128689  0.00614636
 0.00744785 -0.00132284
-0.00132284   0.0061972
 0.00744934 -0.00136187
-0.00136187  0.00624165
 0.00745217 -0.00140077
-0.00140077  0.00628879
 0.00745488 -0.00143987
-0.00143987  0.00634272
0.00745748  -0.001479
 -0.001479 0.00639533
 0.00745922 -0.00151768
-0.00151768  0.00645043
 0.00745969 -0.00155642
-0.00155642  0.00650586
 0.00745905 -0.00159544
-0.00159544  0.00656364
 0.00745905 -0.00163413
-0.00163413  0.00662486
0.00745906 -0.0016737
-0.0016737 0.00668857
 0.00746017 -0.00171304
-0.00171304  0.00675039
 0.00746112 -0.00175176
-0.00175176  0.00681331
 0.00746097 -0.00179011
-0.00179011  0.00687782
 0.00746041 -0.00182796
-0.00182796  0.00694448
 0.00745967 -0.00186574
-0.00186574  0.00701319
  0.0074593 -0.00190355
-0.00190355  0.00708392
 0.00745907 -0.00194143
-0.00194143  0.00715782
 0.00745992 -0.00197919
-0.00197919    0.007234
 0.00746057 -0.00201859
-0.00201859  0.00730859
 0.00746119 -0.00205798
-0.00205798  0.00738602
0.00746329 0.00209839
0.00209839 0.00746198
 0.0074611 0.00206009
0.00206009 0.00738357
 0.0074578 0.00202198
0.00202198 0.00730606
0.00745445 0.00198388
0.00198388 0.00722962
0.00745148 0.00194588
0.00194588  0.0071554
 0.0074501 0.00190777
0.00190777 0.00708296
 0.0074491 0.00187035
0.00187035 0.00701186
  0.007449 0.00183283
0.00183283  0.0069419
0.00744913  0.0017948
 0.0017948 0.00687332
0.00744907 0.00175628
0.00175628 0.00680315
0.00744872 0.00171743
0.00171743 0.00673792
0.00744857 0.00167848
0.00167848 0.00667481
0.00744917 0.00163876
0.00163876 0.00661522
0.00744917 0.00160059
0.00160059 0.00655247
0.00745035 0.00156045
0.00156045 0.00649451
0.00744966 0.00152156
0.00152156 0.00643738
0.00744837 0.00148323
0.00148323 0.00638031
0.00744655 0.00144483
0.00144483 0.00632488
0.00744442 0.00140644
0.00140644 0.00627107
0.00744224 0.00136815
0.00136815  0.0062188
0.00744028 0.00133002
0.00133002 0.00616798
0.00743868 0.00129202
0.00129202 0.00611848
0.00743745 0.00125422
0.00125422 0.00606934
0.00743649 0.00121654
0.00121654 0.00602151
0.00743581 0.00117842
0.00117842 0.00597722
0.00743511 0.00114063
0.00114063 0.00593294
0.00743428 0.00110256
0.00110256 0.00589277
0.00743318 0.00106491
0.00106491 0.00585175
0.00743181 0.00102727
0.00102727 0.00581229
 0.00743021 0.000989519
0.000989519  0.00577561
  0.0074287 0.000951716
0.000951716  0.00573998
 0.00742747 0.000913831
0.000913831  0.00570613
 0.00742664 0.000876079
0.000876079  0.00567372
 0.00742629 0.000838319
0.000838319  0.00564065
 0.00742636 0.000800598
0.000800598     0.00561
 0.00742691 0.000762934
0.000762934  0.00558045
 0.00742771 0.000725307
0.000725307  0.00555274
  0.0074283 0.000687698
0.000687698  0.00552688
 0.00742813 0.000650132
0.000650132  0.00550286
 0.00742718 0.000612828
0.000612828    0.005481
 0.00742585 0.000575365
0.000575365  0.00546074
0.00742472 0.00053794
0.00053794 0.00544283
 0.00742414 0.000500178
0.000500178  0.00542618
 0.00742425 0.000462116
0.000462116  0.00541026
 0.00742501 0.000424032
0.000424032  0.00539537
 0.00742621 0.000386319
0.000386319  0.00538198
  0.0074272 0.000348896
0.000348896  0.00537025
 0.00742744 0.000313583
0.000313583  0.00535262
0.00742724 0.00027763
0.00027763 0.00533933
 0.00742664 0.000240981
0.000240981   0.0053321
0.00742581 0.00020457
0.00020457 0.00532715
 0.00742566 0.000168938
0.000168938  0.00532558
 0.00742633 0.000132842
0.000132842  0.00532409
 0.00742854 9.64496e-05
9.64496e-05  0.00532191
 0.00743216 5.84972e-05
5.84972e-05  0.00530835
 0.00743769 2.08551e-05
2.08551e-05   0.0053067
  0.00744479 -1.66387e-05
-1.66387e-05    0.0053068
   0.0074522 -5.38047e-05
-5.38047e-05   0.00530848
  0.00745622 -8.90324e-05
-8.90324e-05   0.00530105
   0.0074575 -0.000125264
-0.000125264   0.00530556
  0.00745645 -0.000159552
-0.000159552   0.00531382
  0.00744932 -0.000195413
-0.000195413   0.00532276
  0.00744188 -0.000229373
-0.000229373   0.00533758
  0.00743262 -0.000267095
-0.000267095   0.00534863
  0.00742551 -0.000306216
-0.000306216   0.00536153
  0.00742191 -0.000347621
-0.000347621   0.00537505
  0.00742326 -0.000389123
-0.000389123   0.00539658
  0.00742765 -0.000429083
-0.000429083   0.00541002
  0.00743188 -0.000466621
-0.000466621   0.00542415
  0.00743423 -0.000502684
-0.000502684   0.00543983
  0.00743411 -0.000536647
-0.000536647   0.00545413
  0.00743328 -0.000569647
-0.000569647   0.00548416
  0.00743143 -0.000605827
-0.000605827    0.0055049
  0.00742849 -0.000643292
-0.000643292   0.00552803
  0.00742492 -0.000681798
-0.000681798   0.00555248
  0.00742186 -0.000720218
-0.000720218   0.00558046
  0.00741975 -0.000757698
-0.000757698   0.00560847
 0.00741879 -0.00079458
-0.00079458  0.00563527
  0.00741986 -0.000831083
-0.000831083   0.00566251
  0.00742239 -0.000868851
-0.000868851   0.00569131
  0.00742489 -0.000907869
-0.000907869   0.00572302
  0.00742577 -0.000947388
-0.000947388   0.00575779
 0.00742456 -0.00098637
-0.00098637  0.00579434
 0.00742203 -0.00102397
-0.00102397  0.00583578
  0.0074201 -0.00106098
-0.00106098  0.00587623
 0.00741938 -0.00109771
-0.00109771  0.00591855
 0.00742024 -0.00113403
-0.00113403  0.00596437
 0.00742037 -0.00117327
-0.00117327   0.0060072
 0.00742032 -0.00121323
-0.00121323  0.00605247
 0.00742005 -0.00125302
-0.00125302  0.00610171
0.00741883 -0.0012939
-0.0012939 0.00615032
 0.00741894 -0.00133346
-0.00133346  0.00620176
 0.00741913 -0.00137255
-0.00137255  0.00625499
 0.00741948 -0.00141118
-0.00141118  0.00630994
 0.00742013 -0.00144933
-0.00144933  0.00636654
 0.00742128 -0.00148692
-0.00148692  0.00642485
  0.0074218 -0.00152478
-0.00152478  0.00648554
 0.00742372 -0.00156102
-0.00156102  0.00654952
 0.00742598 -0.00159805
-0.00159805  0.00661511
 0.00742811 -0.00163541
-0.00163541  0.00668461
0.00675832  0.0016736
 0.0016736 0.00742993
 0.0067615 0.00164054
0.00164054 0.00735012
0.00675762  0.0016096
 0.0016096 0.00727032
0.00675082 0.00157729
0.00157729 0.00719399
0.00674071 0.00154586
0.00154586 0.00711953
0.00673042 0.00151561
0.00151561 0.00704694
0.00672272 0.00148662
0.00148662 0.00697623
0.00671919 0.00145879
0.00145879 0.00690809
 0.0067201 0.00143234
0.00143234 0.00683762
0.00672311 0.00140465
0.00140465 0.00677179
0.00672333 0.00137559
0.00137559 0.00670827
0.00671724 0.00134449
0.00134449 0.00664703
0.00670485 0.00130879
0.00130879  0.0065843
0.00669239 0.00127208
0.00127208 0.00652097
0.00668344 0.00123449
0.00123449 0.00645918
0.00667867 0.00119806
0.00119806 0.00640316
0.00667611 0.00116429
0.00116429 0.00634203
0.00667626 0.00112885
0.00112885 0.00629049
0.00667403 0.00109818
0.00109818 0.00623327
0.00667218 0.00106735
0.00106735 0.00618018
0.00667025 0.00103722
0.00103722 0.00612836
0.00666808 0.00100824
0.00100824 0.00607637
 0.00666646 0.000978916
0.000978916  0.00602635
 0.00666573 0.000948289
0.000948289  0.00597937
 0.00666425 0.000917546
0.000917546  0.00593403
 0.00666175 0.000886945
0.000886945  0.00589026
 0.00665857 0.000856566
0.000856566    0.005848
  0.0066534 0.000828902
0.000828902   0.0058143
 0.00664968 0.000798633
0.000798633  0.00577462
 0.00664517 0.000767729
0.000767729  0.00573647
 0.00663999 0.000736376
0.000736376  0.00569939
  0.0066345 0.000704849
0.000704849  0.00566355
 0.00663095 0.000672309
0.000672309  0.00562977
 0.00662864 0.000640174
0.000640174  0.00559666
 0.00662758 0.000608098
0.000608098  0.00556829
 0.00662691 0.000576637
0.000576637  0.00553883
 0.00662472 0.000547846
0.000547846    0.005511
 0.00662325 0.000518245
0.000518245  0.00548432
 0.00662111 0.000489588
0.000489588  0.00545849
 0.00661936 0.000460644
0.000460644  0.00543448
 0.00661815 0.000431923
0.000431923  0.00541455
 0.00661746 0.000403027
0.000403027  0.00539489
 0.00661737 0.000374451
0.000374451  0.00537687
 0.0066167 0.00034478
0.00034478 0.00535633
 0.00661405 0.000313618
0.000313618  0.00533855
 0.00661062 0.000281793
0.000281793  0.00532203
 0.00660753 0.000250376
0.000250376  0.00530921
 0.00660518 0.000219294
0.000219294  0.00529708
  0.0066031 0.000189014
0.000189014  0.00528602
 0.00660147 0.000158793
0.000158793  0.00527722
 0.00659998 0.000128748
0.000128748  0.00527076
 0.00659858 9.88415e-05
9.88415e-05  0.00526661
 0.00659709 6.93878e-05
6.93878e-05  0.00526362
0.00659576  3.994e-05
 3.994e-05 0.00526054
 0.00659442 1.05412e-05
1.05412e-05  0.00525897
  0.00659307 -1.90939e-05
-1.90939e-05   0.00525871
  0.00659154 -4.84785e-05
-4.84785e-05   0.00525884
  0.00659004 -7.81998e-05
-7.81998e-05   0.00526305
  0.00658834 -0.000107482
-0.000107482   0.00526643
  0.00658654 -0.000136494
-0.000136494   0.00527282
  0.00658463 -0.000164631
-0.000164631    0.0052774
  0.00658323 -0.000193369
-0.000193369   0.00528588
  0.00658219 -0.000222108
-0.000222108   0.00529731
  0.00658161 -0.000251118
-0.000251118   0.00530799
  0.00658152 -0.000280414
-0.000280414   0.00531966
  0.00658183 -0.000309413
-0.000309413   0.00533111
  0.00658267 -0.000339098
-0.000339098   0.00534522
  0.00658368 -0.000368503
-0.000368503   0.00535961
 0.00658504 -0.00039805
-0.00039805  0.00537765
  0.00658579 -0.000427241
-0.000427241   0.00539553
  0.00658593 -0.000456259
-0.000456259   0.00541528
  0.00658551 -0.000485635
-0.000485635    0.0054376
  0.00658402 -0.000514562
-0.000514562   0.00546065
  0.00658208 -0.000542573
-0.000542573   0.00548631
   0.0065794 -0.000570871
-0.000570871   0.00551205
   0.0065768 -0.000598587
-0.000598587   0.00554008
  0.00657389 -0.000626817
-0.000626817   0.00556982
  0.00657008 -0.000653699
-0.000653699   0.00559765
  0.00656757 -0.000681905
-0.000681905   0.00562948
  0.00656575 -0.000709837
-0.000709837   0.00566264
  0.00656472 -0.000737585
-0.000737585   0.00569751
  0.00656418 -0.000765198
-0.000765198   0.00573438
  0.00656351 -0.000792849
-0.000792849   0.00576875
   0.0065624 -0.000820514
-0.000820514   0.00580726
   0.0065607 -0.000848017
-0.000848017   0.00584619
  0.00655859 -0.000874496
-0.000874496   0.00588611
  0.00655667 -0.000900979
-0.000900979   0.00592823
  0.00655508 -0.000926896
-0.000926896     0.005972
  0.00655389 -0.000952187
-0.000952187   0.00601742
 0.00655273 -0.00097781
-0.00097781  0.00606167
 0.00655204 -0.00100205
-0.00100205  0.00610987
 0.00655147 -0.00102836
-0.00102836  0.00613488
  0.0065501 -0.00105373
-0.00105373   0.0061814
 0.00654746 -0.00108131
-0.00108131  0.00622517
 0.00654524 -0.00110747
-0.00110747  0.00627571
 0.00654353 -0.00113425
-0.00113425  0.00632709
0.00654289 -0.0011614
-0.0011614 0.00637833
 0.00654402 -0.00119023
-0.00119023  0.00642923
  0.0065471 -0.00121805
-0.00121805  0.00648565
  0.0065528 -0.00124819
-0.00124819  0.00654481
