-0.0621707, -0.0672835, 0.130544, 0.127919
0.0275809, -0.0704535, 0.152339, 0.133565
0.116247, -0.0736173, 0.17488, 0.139315
0.211583, -0.0743376, 0.168481, 0.142296
0.323722, -0.075396, 0.1453, 0.14498
0.435361, -0.0768002, 0.123522, 0.148307
0.536333, -0.080451, 0.134454, 0.154439
0.624332, -0.0839094, 0.156634, 0.160833
0.741262, -0.0840563, 0.111184, 0.163149
0.846393, -0.087202, 0.111305, 0.168881
0.94744, -0.0901176, 0.11254, 0.174524
1.03981, -0.0929322, 0.120965, 0.18024
1.13221, -0.0967508, 0.142541, 0.186946
1.21676, -0.0996085, 0.15912, 0.192773
1.33744, -0.0983769, 0.117597, 0.194116
1.44911, -0.0984956, 0.10956, 0.196976
1.52841, -0.104426, 0.151135, 0.205909
1.60455, -0.112586, 0.197862, 0.217028
1.6793, -0.116985, 0.247991, 0.224342
1.75242, -0.120851, 0.291976, 0.231079
1.86609, -0.1219, 0.260275, 0.234902
1.98315, -0.114876, 0.222977, 0.230698
2.10368, -0.108453, 0.184329, 0.223189
2.24056, -0.0992699, 0.111281, 0.202731
2.34212, -0.100065, 0.116894, 0.206911
2.43473, -0.103086, 0.139752, 0.215199
2.51921, -0.107744, 0.172327, 0.223811
2.60437, -0.108042, 0.178578, 0.225546
2.74247, -0.0976723, 0.106285, 0.204703
2.83978, -0.103819, 0.129582, 0.211678
2.92917, -0.10142, 0.132086, 0.214164
3.04716, -0.102066, 0.113579, 0.202665
3.12799, -0.106702, 0.139536, 0.212945
3.24065, -0.105865, 0.118889, 0.204583
3.3328, -0.112217, 0.144287, 0.212694
3.41552, -0.118886, 0.181556, 0.224319
3.49647, -0.125398, 0.222988, 0.235918
3.57561, -0.130536, 0.267977, 0.246241
3.65296, -0.130586, 0.306272, 0.251541
3.76894, -0.124065, 0.253812, 0.240969
3.90832, -0.108693, 0.174005, 0.217379
4.04197, -0.0979577, 0.107866, 0.199626
4.14178, -0.0986234, 0.125544, 0.20345
4.20867, -0.107938, 0.19088, 0.22055
4.31349, -0.107405, 0.165194, 0.220764
4.43415, -0.102701, 0.12386, 0.211229
4.54373, -0.102468, 0.120457, 0.209496
4.62375, -0.104435, 0.1544, 0.214173
4.73179, -0.0991835, 0.128756, 0.203928
4.84248, -0.0996348, 0.12284, 0.203643
4.92576, -0.102426, 0.150298, 0.207289
5.03683, -0.0961207, 0.118767, 0.195095
5.14336, -0.0941942, 0.106028, 0.190383
5.24108, -0.100482, 0.126004, 0.200398
5.31233, -0.109601, 0.179792, 0.216581
5.42047, -0.103912, 0.151128, 0.205037
5.53922, -0.0979578, 0.114007, 0.193338
5.63842, -0.103368, 0.127544, 0.204739
5.75003, -0.0992378, 0.101665, 0.196654
5.83158, -0.107552, 0.147015, 0.221801
5.90378, -0.114805, 0.206965, 0.240522
5.99917, -0.117033, 0.190119, 0.237758
6.13925, -0.106859, 0.112661, 0.217334
6.24162, -0.10976, 0.125037, 0.217153
6.3039, -0.11721, 0.1898, 0.232866
6.4167, -0.111193, 0.157774, 0.221798
6.54118, -0.103066, 0.109617, 0.207514
6.64625, -0.101145, 0.0995517, 0.202713
6.73582, -0.110407, 0.136137, 0.215685
6.83104, -0.109566, 0.130021, 0.21108
6.93574, -0.106247, 0.136543, 0.209242
7.03143, -0.104661, 0.128432, 0.203607
7.14799, -0.0957776, 0.111607, 0.193924
7.22778, -0.102194, 0.144964, 0.204068
7.33844, -0.0980373, 0.115518, 0.194019
7.44036, -0.0976192, 0.12747, 0.197994
7.52091, -0.103452, 0.165596, 0.20951
7.62244, -0.103604, 0.146713, 0.207395
7.73987, -0.100453, 0.116361, 0.197839
7.84883, -0.0971988, 0.0978549, 0.192186
7.93476, -0.101866, 0.138345, 0.201434
8.00614, -0.105868, 0.198102, 0.213336
8.08177, -0.103121, 0.249669, 0.211143
8.18587, -0.0999616, 0.220408, 0.204899
8.32135, -0.0964149, 0.149904, 0.196768
8.45316, -0.09296, 0.0922086, 0.188858
8.5437, -0.089986, 0.11971, 0.183426
8.63819, -0.0869477, 0.116642, 0.177759
8.74412, -0.0837923, 0.107932, 0.171403
8.84564, -0.0806707, 0.115226, 0.165316
8.95386, -0.0775024, 0.0973385, 0.158822
9.0335, -0.0744525, 0.132697, 0.154047
9.13917, -0.0712586, 0.121057, 0.147711
9.23492, -0.0681319, 0.137096, 0.142043
9.32387, -0.0654349, 0.16024, 0.137293
9.41499, -0.0628402, 0.177532, 0.132364
9.5077, -0.0603278, 0.18734, 0.126912
9.61617, -0.0576768, 0.163008, 0.120982
9.73034, -0.0550216, 0.134536, 0.114938
9.84284, -0.052385, 0.109346, 0.10895
9.94158, -0.050642, 0.121671, 0.104072
9.93957, -0.159851, 0.126764, 0.114559
9.93644, -0.278204, 0.134046, 0.151766
9.93383, -0.378385, 0.138795, 0.162036
9.93199, -0.467219, 0.141811, 0.140143
9.9299, -0.562137, 0.145884, 0.124646
9.92721, -0.663479, 0.151249, 0.130631
9.92498, -0.750891, 0.155045, 0.102379
9.9221, -0.853508, 0.160849, 0.113462
9.91942, -0.955825, 0.166444, 0.113821
9.91664, -1.06619, 0.172753, 0.125631
9.91368, -1.18055, 0.179503, 0.154602
9.91079, -1.27762, 0.184954, 0.164907
9.90816, -1.36075, 0.189219, 0.129767
9.90544, -1.46056, 0.194766, 0.113217
9.90256, -1.56022, 0.200472, 0.115663
9.89969, -1.66288, 0.206378, 0.11783
9.89678, -1.78079, 0.213258, 0.151956
9.8939, -1.89296, 0.219738, 0.181905
9.89086, -1.97142, 0.218322, 0.151672
9.88921, -2.05177, 0.213129, 0.112049
9.88469, -2.16427, 0.223799, 0.12689
9.88336, -2.26907, 0.229566, 0.129247
9.87841, -2.38569, 0.242022, 0.161732
9.87758, -2.47177, 0.239883, 0.153501
9.88093, -2.55991, 0.233297, 0.124403
9.88062, -2.66352, 0.239098, 0.130816
9.88503, -2.7488, 0.230515, 0.101552
9.88289, -2.87749, 0.239385, 0.144695
9.88044, -3.00474, 0.244062, 0.198096
9.88481, -3.08894, 0.235399, 0.18637
9.8923, -3.15695, 0.220877, 0.121927
9.89336, -3.2612, 0.217763, 0.114321
9.88893, -3.39104, 0.226113, 0.174654
9.89633, -3.46258, 0.211791, 0.132988
9.90058, -3.55027, 0.203321, 0.0976112
9.89611, -3.67326, 0.210885, 0.138465
9.90101, -3.75774, 0.201162, 0.123277
9.89772, -3.87099, 0.206336, 0.133798
9.90192, -3.95773, 0.197795, 0.123425
9.89879, -4.06582, 0.202381, 0.123653
9.88999, -4.18502, 0.216819, 0.161774
9.87783, -4.3076, 0.237358, 0.207112
9.87822, -4.39327, 0.233865, 0.193793
9.88256, -4.47299, 0.223825, 0.153233
9.89003, -4.55437, 0.210675, 0.116641
9.88831, -4.66968, 0.217403, 0.130359
9.88553, -4.76375, 0.221217, 0.13704
9.88842, -4.86044, 0.217207, 0.114387
9.89008, -4.95875, 0.21598, 0.109061
9.88202, -5.06788, 0.230664, 0.13973
9.89135, -5.15197, 0.214522, 0.0957772
9.87887, -5.28897, 0.238549, 0.169106
9.88348, -5.35334, 0.228271, 0.116016
9.88384, -5.46664, 0.229793, 0.124009
9.87943, -5.55935, 0.232632, 0.128202
9.88143, -5.66704, 0.233175, 0.124947
9.88576, -5.75036, 0.222616, 0.109754
9.89188, -5.86768, 0.224272, 0.127667
9.8787, -6.00381, 0.251448, 0.199908
9.87138, -6.14058, 0.267743, 0.276772
9.87809, -6.21136, 0.252113, 0.230845
9.89016, -6.2835, 0.225599, 0.174958
9.89847, -6.36067, 0.205849, 0.129254
9.90312, -6.45977, 0.193535, 0.111866
9.89692, -6.58052, 0.206163, 0.152544
9.89058, -6.70421, 0.219095, 0.19876
9.88413, -6.83035, 0.232244, 0.250028
9.88507, -6.90186, 0.22905, 0.214575
9.89317, -6.97398, 0.213858, 0.156787
9.90141, -7.04937, 0.200775, 0.106468
9.89336, -7.1692, 0.210549, 0.129666
9.8846, -7.2932, 0.226747, 0.180043
9.88583, -7.37513, 0.225829, 0.158922
9.89061, -7.45786, 0.217306, 0.124073
9.88258, -7.57007, 0.225584, 0.132085
9.8835, -7.68833, 0.230067, 0.167906
9.88625, -7.80805, 0.230819, 0.205053
9.88902, -7.90326, 0.225849, 0.217619
9.8924, -7.98587, 0.218742, 0.181751
9.89574, -8.06975, 0.211703, 0.148368
9.89904, -8.16014, 0.20476, 0.123057
9.90235, -8.25346, 0.197725, 0.0990347
9.90508, -8.36189, 0.193171, 0.131662
9.9084, -8.45192, 0.186036, 0.102783
9.91131, -8.57337, 0.180893, 0.138496
9.91436, -8.66102, 0.175091, 0.129386
9.91754, -8.76906, 0.168699, 0.130935
9.92055, -8.88151, 0.163408, 0.155152
9.92361, -8.98826, 0.158111, 0.173586
9.92682, -9.0756, 0.151884, 0.157137
9.93006, -9.16405, 0.145194, 0.134058
9.93329, -9.26326, 0.138609, 0.123477
9.93636, -9.36113, 0.132848, 0.12253
9.93904, -9.47108, 0.12773, 0.136906
9.94159, -9.5812, 0.123233, 0.157251
9.94397, -9.68961, 0.118826, 0.17232
9.94613, -9.79683, 0.114863, 0.186314
9.94816, -9.89598, 0.111294, 0.191471
9.95024, -9.98397, 0.10684, 0.171754
9.95199, -10.073, 0.102791, 0.150167
9.83614, -10.0745, 0.119815, 0.156357
9.75005, -10.0762, 0.106845, 0.156821
9.63679, -10.0778, 0.118664, 0.162705
9.54397, -10.0806, 0.11911, 0.166209
9.44447, -10.0813, 0.103874, 0.168875
9.32077, -10.0855, 0.148937, 0.178882
9.20971, -10.0888, 0.173545, 0.185974
9.12028, -10.0916, 0.169565, 0.18944
9.04318, -10.0921, 0.121905, 0.18934
8.94079, -10.0937, 0.110511, 0.191368
8.82473, -10.0977, 0.150591, 0.200436
8.74315, -10.0997, 0.121356, 0.1967
8.63752, -10.0974, 0.118893, 0.197619
8.54453, -10.0959, 0.104198, 0.1952
8.42143, -10.1029, 0.150196, 0.215441
8.30604, -10.11, 0.191848, 0.227951
8.22478, -10.108, 0.160374, 0.221383
8.14244, -10.1053, 0.123745, 0.21524
8.04833, -10.1026, 0.0953644, 0.212737
7.92343, -10.1092, 0.14539, 0.227333
7.81071, -10.1147, 0.179547, 0.23761
7.74302, -10.1125, 0.122428, 0.228279
7.64318, -10.1082, 0.111362, 0.223567
7.54442, -10.1118, 0.12004, 0.22666
7.44595, -10.1104, 0.113208, 0.224917
7.33182, -10.1113, 0.12771, 0.222707
7.20802, -10.1187, 0.174151, 0.237029
7.11634, -10.1208, 0.176652, 0.239737
7.03592, -10.1115, 0.136335, 0.218666
6.93793, -10.1093, 0.117317, 0.208783
6.82055, -10.1157, 0.151676, 0.220686
6.73237, -10.1101, 0.144304, 0.216153
6.63868, -10.1058, 0.121682, 0.20409
6.52207, -10.1117, 0.146091, 0.21207
6.40324, -10.118, 0.181273, 0.223125
6.30706, -10.1162, 0.193659, 0.225724
6.22809, -10.1096, 0.151607, 0.21386
6.14979, -10.104, 0.10858, 0.204042
6.04332, -10.1073, 0.1144, 0.208602
5.92532, -10.112, 0.141679, 0.216775
5.80519, -10.1153, 0.181714, 0.224579
5.7055, -10.1139, 0.19701, 0.222129
5.62284, -10.1089, 0.162071, 0.212311
5.54579, -10.1023, 0.115885, 0.199056
5.43688, -10.1025, 0.118659, 0.200801
5.31605, -10.1082, 0.159912, 0.212334
5.19789, -10.1135, 0.195338, 0.22438
5.12468, -10.1056, 0.160108, 0.208794
5.05156, -10.0967, 0.104631, 0.190947
4.9311, -10.1052, 0.129415, 0.210677
4.8432, -10.1019, 0.121592, 0.205559
4.7301, -10.1098, 0.131472, 0.224572
4.61131, -10.1133, 0.169143, 0.232806
4.49175, -10.118, 0.20975, 0.243793
4.414, -10.1116, 0.185221, 0.236469
4.33396, -10.1054, 0.142278, 0.222181
4.24208, -10.1026, 0.114258, 0.211622
4.15695, -10.0973, 0.0918375, 0.203275
4.0445, -10.1026, 0.11977, 0.215299
3.95126, -10.101, 0.106105, 0.208434
3.84792, -10.1026, 0.11204, 0.209996
3.73417, -10.1065, 0.123201, 0.212411
3.60256, -10.1179, 0.18431, 0.233903
3.49563, -10.1224, 0.220624, 0.247293
3.41979, -10.1149, 0.170335, 0.231693
3.3412, -10.1077, 0.125761, 0.21292
3.2445, -10.1044, 0.110515, 0.201619
3.12765, -10.1102, 0.135427, 0.209097
3.04124, -10.1034, 0.125073, 0.202569
2.94288, -10.0983, 0.106925, 0.192119
2.83747, -10.0992, 0.11716, 0.19505
2.74166, -10.1001, 0.116662, 0.197749
2.64592, -10.0978, 0.105092, 0.194797
2.53343, -10.1015, 0.133051, 0.203319
2.44828, -10.0967, 0.111792, 0.198584
2.34012, -10.0982, 0.116101, 0.201061
2.22856, -10.1017, 0.134442, 0.207598
2.1124, -10.108, 0.165916, 0.218434
1.99502, -10.1095, 0.199272, 0.222851
1.89351, -10.1066, 0.216098, 0.21776
1.81378, -10.1033, 0.180416, 0.210831
1.74009, -10.0999, 0.127549, 0.203237
1.64616, -10.0966, 0.103282, 0.196156
1.54304, -10.0936, 0.113793, 0.190589
1.43377, -10.0905, 0.124741, 0.18469
1.3404, -10.0874, 0.119557, 0.178783
1.23824, -10.0844, 0.127661, 0.173137
1.13956, -10.0812, 0.114512, 0.166427
1.04836, -10.078, 0.0964454, 0.159872
0.952799, -10.0749, 0.100815, 0.154404
0.834078, -10.0718, 0.124568, 0.148709
0.752816, -10.0686, 0.100281, 0.142422
0.636672, -10.0659, 0.121253, 0.137184
0.532795, -10.0632, 0.137111, 0.132548
0.452389, -10.0603, 0.101187, 0.12595
0.338718, -10.0579, 0.116176, 0.120962
0.233244, -10.0555, 0.139759, 0.117503
0.145984, -10.0529, 0.11363, 0.111454
0.0391207, -10.0509, 0.116221, 0.106986
-0.0635808, -10.0493, 0.123645, 0.104068
-0.067413, -9.9703, 0.130871, 0.145444
-0.0693324, -9.86141, 0.135705, 0.11711
-0.0720857, -9.749, 0.141532, 0.10184
-0.0756681, -9.66265, 0.148443, 0.130638
-0.0779747, -9.5609, 0.153622, 0.115236
-0.0814395, -9.45981, 0.159153, 0.126728
-0.0846962, -9.37502, 0.165832, 0.149789
-0.0871433, -9.27036, 0.170142, 0.133441
-0.0891225, -9.15691, 0.173558, 0.107071
-0.093031, -9.05708, 0.17996, 0.120815
-0.0952018, -8.96584, 0.185166, 0.124493
-0.0973484, -8.8606, 0.189589, 0.128508
-0.101583, -8.77641, 0.19719, 0.152778
-0.10257, -8.6686, 0.200429, 0.12957
-0.103582, -8.55918, 0.203717, 0.126211
-0.107745, -8.47533, 0.211199, 0.158586
-0.109975, -8.37503, 0.216125, 0.140783
-0.105702, -8.25063, 0.213778, 0.103708
-0.109648, -8.16901, 0.221067, 0.132933
-0.10545, -8.05552, 0.217952, 0.118925
-0.110538, -7.97192, 0.226248, 0.153603
-0.10755, -7.88393, 0.222805, 0.15762
-0.102116, -7.76499, 0.21174, 0.121432
-0.104943, -7.66126, 0.214336, 0.131277
-0.101755, -7.56934, 0.210308, 0.13013
-0.104624, -7.46149, 0.213552, 0.131553
-0.106363, -7.37665, 0.217063, 0.149935
-0.0997487, -7.26109, 0.204358, 0.114395
-0.102853, -7.16075, 0.207111, 0.117888
-0.100752, -7.05303, 0.201306, 0.100702
-0.112241, -6.96549, 0.219579, 0.138975
-0.114627, -6.87181, 0.218256, 0.134024
-0.10755, -6.75386, 0.211294, 0.116055
-0.116669, -6.67238, 0.22796, 0.152134
-0.116789, -6.56845, 0.221166, 0.127245
-0.112265, -6.4549, 0.221195, 0.118527
-0.127624, -6.37716, 0.249579, 0.161798
-0.11388, -6.25828, 0.22376, 0.108253
-0.114441, -6.15402, 0.232998, 0.115712
-0.119056, -6.06889, 0.241822, 0.128801
-0.105838, -5.94627, 0.223048, 0.100688
-0.117882, -5.87656, 0.246762, 0.161635
-0.127264, -5.80392, 0.263549, 0.214726
-0.117208, -5.68008, 0.239535, 0.151667
-0.105998, -5.54736, 0.218979, 0.0962038
-0.103501, -5.44874, 0.216424, 0.100627
-0.107387, -5.36314, 0.220688, 0.122317
-0.101503, -5.25542, 0.21309, 0.116532
-0.100129, -5.155, 0.207508, 0.110625
-0.103767, -5.06669, 0.217352, 0.138683
-0.103089, -4.96549, 0.212249, 0.127655
-0.0985186, -4.84933, 0.202314, 0.106513
-0.105325, -4.77067, 0.216902, 0.151315
-0.112366, -4.69513, 0.232023, 0.202977
-0.118898, -4.61983, 0.245909, 0.247894
-0.123682, -4.54018, 0.256065, 0.288952
-0.124594, -4.45665, 0.257681, 0.323951
-0.123259, -4.36131, 0.254388, 0.307397
-0.116057, -4.23163, 0.240862, 0.247479
-0.10853, -4.10029, 0.223788, 0.188791
-0.101144, -3.97384, 0.209793, 0.138137
-0.0981134, -3.85077, 0.201425, 0.105199
-0.101096, -3.75691, 0.206615, 0.121662
-0.106293, -3.67691, 0.218245, 0.161665
-0.110194, -3.59949, 0.229262, 0.195587
-0.102734, -3.47777, 0.216123, 0.148682
-0.0959694, -3.35587, 0.201064, 0.106071
-0.104605, -3.25963, 0.213217, 0.127351
-0.117062, -3.17837, 0.239172, 0.1654
-0.117298, -3.0859, 0.242641, 0.162239
-0.112836, -2.96672, 0.23549, 0.125009
-0.112953, -2.86047, 0.232468, 0.122878
-0.110059, -2.74813, 0.224101, 0.103866
-0.113639, -2.65892, 0.231366, 0.127073
-0.122171, -2.581, 0.249433, 0.172398
-0.114985, -2.4817, 0.243656, 0.151951
-0.104247, -2.3515, 0.21946, 0.0942568
-0.115962, -2.26566, 0.240311, 0.131579
-0.110156, -2.15211, 0.226689, 0.109269
-0.115286, -2.07158, 0.239609, 0.15111
-0.113482, -1.97805, 0.230793, 0.146456
-0.10061, -1.85649, 0.207635, 0.11129
-0.10268, -1.76546, 0.214698, 0.134607
-0.100638, -1.66232, 0.207572, 0.122368
-0.101852, -1.5668, 0.211345, 0.1428
-0.101479, -1.48208, 0.208934, 0.174249
-0.0983539, -1.38263, 0.202982, 0.155349
-0.095177, -1.25799, 0.195496, 0.107984
-0.0920562, -1.14753, 0.188871, 0.100977
-0.0891953, -1.06777, 0.184372, 0.138706
-0.0863527, -0.966599, 0.178623, 0.132871
-0.0835431, -0.870244, 0.173235, 0.138039
-0.0806407, -0.75895, 0.166791, 0.111158
-0.0778539, -0.656617, 0.161057, 0.110439
-0.0752024, -0.562061, 0.156032, 0.12571
-0.0724419, -0.456944, 0.150177, 0.117085
-0.0699985, -0.366702, 0.14582, 0.13912
-0.0677201, -0.279772, 0.14204, 0.164734
-0.0649984, -0.182594, 0.137128, 0.156819
