-0.354498, -10.3196, 0.688497, 0.678177
-0.356545, -10.2391, 0.694497, 0.682575
-0.358424, -10.156, 0.699723, 0.681546
-0.357414, -10.0189, 0.700076, 0.652421
-0.357113, -9.93162, 0.701424, 0.668611
-0.357359, -9.84558, 0.703536, 0.669859
-0.35803, -9.72925, 0.706244, 0.681459
-0.35904, -9.64174, 0.709423, 0.684387
-0.360321, -9.55332, 0.712983, 0.68598
-0.361823, -9.43081, 0.716851, 0.650101
-0.363506, -9.32463, 0.720974, 0.664118
-0.365341, -9.24331, 0.725309, 0.671439
-0.367302, -9.1296, 0.729824, 0.681152
-0.369371, -9.0409, 0.745868, 0.681891
-0.371532, -8.95159, 0.749763, 0.68143
-0.373517, -8.82849, 0.75887, 0.688235
-0.373959, -8.73969, 0.759275, 0.68591
-0.374692, -8.65033, 0.760287, 0.680972
-0.373546, -8.52832, 0.759769, 0.665537
-0.372435, -8.43235, 0.759093, 0.663691
-0.371873, -8.32644, 0.755031, 0.680289
-0.371771, -8.23674, 0.753488, 0.68617
-0.372055, -8.14804, 0.752215, 0.686071
-0.371467, -8.05842, 0.750008, 0.684426
-0.370276, -7.92949, 0.747343, 0.6702
-0.369318, -7.84138, 0.74508, 0.671471
-0.368639, -7.73055, 0.74329, 0.679808
-0.368294, -7.64116, 0.742062, 0.677675
-0.368353, -7.55128, 0.741505, 0.674167
-0.368902, -7.42834, 0.741754, 0.655552
-0.370046, -7.32824, 0.742082, 0.649442
-0.371912, -7.2295, 0.742889, 0.671823
-0.374637, -7.14626, 0.744809, 0.676165
-0.378351, -7.02375, 0.748018, 0.676775
-0.383102, -6.93643, 0.752624, 0.676908
-0.383501, -6.84842, 0.753313, 0.675236
-0.382466, -6.72387, 0.753091, 0.679011
-0.38074, -6.63769, 0.75281, 0.676831
-0.378422, -6.55052, 0.75269, 0.668489
-0.376762, -6.42188, 0.754103, 0.661216
-0.375686, -6.33523, 0.757059, 0.661555
-0.375117, -6.21601, 0.760411, 0.66422
-0.37498, -6.13496, 0.760428, 0.700268
-0.375213, -6.05093, 0.761083, 0.701197
-0.375761, -5.963, 0.762291, 0.694544
-0.373641, -5.82633, 0.758268, 0.65669
-0.371212, -5.72544, 0.753269, 0.661803
-0.369598, -5.6326, 0.749698, 0.664101
-0.368662, -5.52904, 0.746232, 0.661095
-0.368285, -5.43506, 0.743752, 0.672356
-0.368367, -5.33248, 0.742409, 0.670598
-0.368828, -5.24582, 0.742028, 0.674687
-0.369604, -5.11963, 0.742456, 0.668409
-0.370642, -5.03452, 0.742622, 0.733883
-0.371901, -4.94876, 0.742472, 0.74457
-0.373348, -4.86119, 0.743133, 0.752536
-0.372461, -4.77136, 0.741981, 0.757074
-0.370958, -4.67836, 0.740642, 0.756948
-0.369637, -4.58452, 0.739842, 0.75415
-0.36853, -4.48989, 0.739555, 0.748459
-0.36768, -4.39455, 0.739774, 0.739887
-0.367137, -4.29858, 0.740513, 0.728858
-0.366966, -4.12678, 0.741804, 0.653019
-0.367248, -4.02564, 0.743702, 0.695015
-0.367378, -3.93889, 0.74558, 0.699577
-0.366664, -3.85121, 0.748601, 0.699393
-0.366292, -3.76217, 0.749271, 0.696063
-0.366334, -3.64542, 0.749352, 0.668458
-0.366886, -3.52848, 0.750287, 0.688591
-0.368065, -3.44003, 0.752234, 0.690216
-0.370013, -3.35096, 0.755373, 0.689974
-0.372896, -3.26094, 0.759899, 0.687985
-0.376872, -3.12853, 0.764714, 0.654808
-0.378048, -3.01664, 0.764954, 0.641206
-0.377026, -2.92668, 0.76336, 0.684538
-0.376235, -2.84012, 0.760971, 0.686962
-0.375714, -2.75252, 0.758759, 0.687288
-0.375508, -2.64286, 0.757358, 0.655608
-0.375672, -2.52995, 0.756778, 0.660226
-0.373228, -2.42648, 0.753994, 0.670812
-0.370486, -2.33375, 0.751268, 0.679874
-0.368637, -2.24739, 0.749747, 0.68039
-0.367529, -2.13959, 0.749238, 0.67304
-0.367025, -2.03179, 0.74957, 0.667744
-0.367015, -1.945, 0.750602, 0.682922
-0.367409, -1.83431, 0.752219, 0.69856
-0.367124, -1.74507, 0.753316, 0.696501
-0.366423, -1.65516, 0.752985, 0.691431
-0.366259, -1.55751, 0.751289, 0.676982
-0.366533, -1.42007, 0.750477, 0.663316
-0.359192, -1.33367, 0.742466, 0.672873
-0.356361, -1.24862, 0.736525, 0.695854
-0.353548, -1.13891, 0.732159, 0.674325
-0.350758, -1.04784, 0.727969, 0.670506
-0.347995, -0.929761, 0.723982, 0.660439
-0.345264, -0.831297, 0.720234, 0.663985
-0.342572, -0.732724, 0.716766, 0.680892
-0.339928, -0.635737, 0.713629, 0.700082
-0.337345, -0.546987, 0.710886, 0.702245
-0.33484, -0.457383, 0.708616, 0.701092
-0.332437, -0.366696, 0.706913, 0.697766
-0.24263, -0.368312, 0.709426, 0.701086
-0.152358, -0.370813, 0.710552, 0.705558
-0.0613894, -0.37278, 0.710149, 0.709688
0.0304186, -0.37297, 0.708254, 0.712185
0.143152, -0.373627, 0.687025, 0.715257
0.266619, -0.374835, 0.694831, 0.718966
0.356299, -0.376687, 0.687141, 0.723387
0.446505, -0.379275, 0.674575, 0.728599
0.578187, -0.376396, 0.648594, 0.728389
0.677774, -0.374503, 0.657054, 0.729202
0.763079, -0.372728, 0.680097, 0.730165
0.864687, -0.37109, 0.68856, 0.731292
0.953939, -0.369613, 0.685852, 0.734885
1.0439, -0.368327, 0.678923, 0.733936
1.17931, -0.367266, 0.674185, 0.733803
1.26452, -0.366475, 0.727622, 0.734673
1.35081, -0.366012, 0.736264, 0.736772
1.43876, -0.365783, 0.742416, 0.740189
1.52861, -0.365485, 0.745775, 0.744766
1.62028, -0.365656, 0.746361, 0.748622
1.71354, -0.366209, 0.744407, 0.748605
1.80813, -0.367075, 0.73398, 0.749274
1.92263, -0.368202, 0.696745, 0.75053
2.07651, -0.369545, 0.6547, 0.752292
2.16657, -0.37107, 0.705981, 0.753101
2.25614, -0.371159, 0.702467, 0.752679
2.34626, -0.369946, 0.693706, 0.751326
2.43717, -0.368964, 0.680212, 0.747315
2.57452, -0.368258, 0.667595, 0.741952
2.65308, -0.367884, 0.675844, 0.738131
2.77738, -0.367911, 0.6681, 0.735764
2.86388, -0.368426, 0.670227, 0.734755
2.95999, -0.369535, 0.680708, 0.735047
3.06577, -0.371366, 0.731906, 0.73663
3.1544, -0.370796, 0.739432, 0.736273
3.24385, -0.368456, 0.744749, 0.734522
3.33438, -0.366964, 0.747004, 0.733927
3.42607, -0.366161, 0.745283, 0.734277
3.51893, -0.365919, 0.738711, 0.7354
3.61286, -0.366131, 0.726874, 0.737158
3.73165, -0.366714, 0.686728, 0.738965
3.87531, -0.367604, 0.687838, 0.740116
3.95476, -0.368747, 0.697392, 0.742006
4.03804, -0.370103, 0.701655, 0.744683
4.12592, -0.371639, 0.700289, 0.748213
4.275, -0.370715, 0.676944, 0.750051
4.36145, -0.369197, 0.679403, 0.745159
4.44889, -0.367865, 0.680171, 0.741902
4.57315, -0.366753, 0.678559, 0.738981
4.66127, -0.365904, 0.677378, 0.736457
4.75002, -0.365375, 0.674423, 0.734409
4.87466, -0.365235, 0.643837, 0.732936
4.97444, -0.365573, 0.685437, 0.732161
5.05609, -0.366502, 0.692602, 0.732242
5.14057, -0.367727, 0.695695, 0.732939
5.24459, -0.367378, 0.678459, 0.732453
5.37081, -0.36744, 0.660014, 0.732858
5.47134, -0.368002, 0.663995, 0.73436
5.56791, -0.369178, 0.706162, 0.737212
5.65192, -0.371099, 0.708558, 0.741721
5.73829, -0.373917, 0.703733, 0.747946
5.82727, -0.376964, 0.691993, 0.74989
5.97639, -0.375587, 0.683357, 0.747952
6.05427, -0.374395, 0.695302, 0.746656
6.13672, -0.37342, 0.701735, 0.745959
6.23781, -0.3727, 0.680739, 0.74584
6.37569, -0.372281, 0.639467, 0.745969
6.47225, -0.372219, 0.668455, 0.744158
6.55191, -0.370188, 0.678806, 0.740522
6.66695, -0.367801, 0.674914, 0.736696
6.75702, -0.366283, 0.670537, 0.733939
6.87841, -0.365471, 0.67129, 0.732124
6.96376, -0.365227, 0.673276, 0.731163
7.05021, -0.365444, 0.673269, 0.731007
7.17215, -0.366037, 0.685451, 0.731648
7.2588, -0.366937, 0.688046, 0.732224
7.34654, -0.367619, 0.6886, 0.732687
7.45304, -0.367349, 0.678672, 0.732655
7.56788, -0.367528, 0.65336, 0.733444
7.67005, -0.368074, 0.717493, 0.734907
7.75224, -0.368926, 0.72791, 0.736927
7.83745, -0.370032, 0.731682, 0.739414
7.92653, -0.371351, 0.727223, 0.742291
8.01921, -0.372851, 0.71438, 0.745501
8.1696, -0.374505, 0.650049, 0.748993
8.27615, -0.364297, 0.662478, 0.747221
8.35661, -0.360774, 0.667342, 0.742136
8.47508, -0.357191, 0.645861, 0.727468
8.57696, -0.353539, 0.652412, 0.720664
8.68124, -0.349804, 0.66084, 0.712013
8.76619, -0.345969, 0.66939, 0.705564
8.85627, -0.342011, 0.684638, 0.699036
8.96499, -0.33813, 0.702833, 0.692436
9.05435, -0.33539, 0.723459, 0.686415
9.145, -0.332699, 0.724517, 0.680396
9.23808, -0.330071, 0.721604, 0.674383
9.33148, -0.327528, 0.716843, 0.668381
9.42526, -0.325104, 0.710405, 0.6624
9.54724, -0.322851, 0.67496, 0.656456
9.67052, -0.320859, 0.713553, 0.650585
9.66876, -0.464728, 0.717003, 0.689575
9.66673, -0.556075, 0.717172, 0.697605
9.66452, -0.646676, 0.718457, 0.702855
9.66217, -0.736725, 0.720566, 0.705002
9.65972, -0.84339, 0.723301, 0.688606
9.65718, -0.931791, 0.726521, 0.668155
9.65458, -1.03162, 0.728454, 0.666054
9.65193, -1.12319, 0.728625, 0.654439
9.64924, -1.22921, 0.729475, 0.656147
9.64651, -1.36493, 0.730943, 0.693849
9.64375, -1.45431, 0.732955, 0.694456
9.64097, -1.54223, 0.735437, 0.693035
9.62415, -1.62905, 0.752334, 0.689651
9.62476, -1.73161, 0.752142, 0.654131
9.62505, -1.83099, 0.750405, 0.660879
9.62499, -1.95425, 0.749148, 0.679576
9.62451, -2.05976, 0.74851, 0.696472
9.62353, -2.14826, 0.748598, 0.696408
9.62199, -2.23542, 0.749532, 0.694048
9.62087, -2.32175, 0.750366, 0.673687
9.62163, -2.43283, 0.749717, 0.662288
9.62212, -2.55718, 0.749799, 0.68707
9.62231, -2.64744, 0.750745, 0.687538
9.62214, -2.73703, 0.752708, 0.686942
9.62156, -2.8351, 0.753934, 0.685407
9.62051, -2.93203, 0.756105, 0.666051
9.61892, -3.02466, 0.759406, 0.655129
9.61675, -3.17114, 0.763962, 0.701331
9.61397, -3.25842, 0.769841, 0.7053
9.61261, -3.34224, 0.774077, 0.701944
9.61164, -3.42315, 0.774221, 0.69121
9.62431, -3.55948, 0.760899, 0.680108
9.62614, -3.64488, 0.758104, 0.684872
9.62784, -3.72784, 0.749122, 0.684418
9.62939, -3.82726, 0.745682, 0.644345
9.63076, -3.93856, 0.742535, 0.669003
9.63193, -4.0276, 0.739733, 0.673691
9.63284, -4.13936, 0.737337, 0.671166
9.63346, -4.22672, 0.735428, 0.668739
9.63372, -4.37034, 0.734102, 0.697063
9.63354, -4.46828, 0.733484, 0.707649
9.63282, -4.55888, 0.733728, 0.710071
9.63144, -4.64825, 0.735027, 0.710054
9.62923, -4.7366, 0.73762, 0.707643
9.62605, -4.82434, 0.741782, 0.678962
9.62209, -4.94331, 0.74744, 0.671937
9.62231, -5.03071, 0.747906, 0.671949
9.62216, -5.12901, 0.748682, 0.655524
9.62171, -5.24986, 0.750355, 0.670162
9.62098, -5.32923, 0.752997, 0.664146
9.62003, -5.4466, 0.75669, 0.660097
9.61887, -5.54209, 0.76023, 0.67837
9.61754, -5.62015, 0.763034, 0.675709
9.61605, -5.74001, 0.763291, 0.662795
9.61814, -5.8277, 0.760136, 0.67206
9.62325, -5.93877, 0.754175, 0.665425
9.62719, -6.01863, 0.749641, 0.657642
9.63004, -6.18247, 0.746493, 0.707312
9.63196, -6.2749, 0.743295, 0.719176
9.63312, -6.36567, 0.738645, 0.726115
9.63366, -6.45466, 0.735641, 0.727604
9.63369, -6.54197, 0.734003, 0.72421
9.6333, -6.62798, 0.733481, 0.715163
9.63258, -6.75635, 0.733872, 0.678129
9.63158, -6.88292, 0.73501, 0.719031
9.63034, -6.97474, 0.736763, 0.724168
9.62891, -7.0643, 0.739029, 0.725486
9.62961, -7.15132, 0.739416, 0.722489
9.63039, -7.23591, 0.739719, 0.715336
9.63086, -7.31882, 0.739618, 0.674289
9.63096, -7.45975, 0.740208, 0.686665
9.63061, -7.54971, 0.741516, 0.69307
9.62972, -7.63877, 0.743593, 0.696467
9.62817, -7.72727, 0.746518, 0.69033
9.62584, -7.87643, 0.750392, 0.706411
9.62259, -7.97365, 0.755318, 0.71504
9.61836, -8.0657, 0.764473, 0.71784
9.61382, -8.15676, 0.766613, 0.718699
9.61043, -8.24693, 0.768235, 0.717563
9.60667, -8.33641, 0.770792, 0.714606
9.60297, -8.42797, 0.7738, 0.675615
9.60393, -8.5415, 0.772583, 0.656694
9.60528, -8.63107, 0.77135, 0.66727
9.60637, -8.73476, 0.770699, 0.665294
9.63645, -8.841, 0.741338, 0.672898
9.63995, -8.93072, 0.738799, 0.678159
9.6435, -9.06985, 0.733083, 0.701371
9.64712, -9.16185, 0.727083, 0.703631
9.65082, -9.25308, 0.721083, 0.704661
9.65462, -9.34365, 0.715083, 0.704355
9.65855, -9.43379, 0.709082, 0.702772
9.66262, -9.53612, 0.703082, 0.666335
9.66635, -9.64274, 0.697619, 0.680174
9.66905, -9.76007, 0.693436, 0.695921
9.67168, -9.85713, 0.689648, 0.703233
9.67422, -9.97868, 0.686398, 0.732306
9.67663, -10.0715, 0.68391, 0.732081
9.67885, -10.1633, 0.682553, 0.729994
9.68078, -10.2543, 0.682975, 0.726122
9.6822, -10.3444, 0.686438, 0.721316
9.56156, -10.3456, 0.663502, 0.720733
9.48036, -10.3471, 0.666232, 0.720586
9.36225, -10.3489, 0.662295, 0.720829
9.27406, -10.3508, 0.6688, 0.721435
9.14939, -10.3528, 0.66878, 0.722401
9.03617, -10.355, 0.699529, 0.72374
8.94309, -10.3573, 0.708359, 0.725479
8.85802, -10.3597, 0.700258, 0.727664
8.77519, -10.3621, 0.689163, 0.729147
8.64816, -10.3646, 0.672197, 0.730759
8.56077, -10.3658, 0.677131, 0.731444
8.47443, -10.3661, 0.679044, 0.731464
8.37105, -10.3666, 0.654262, 0.732323
8.25341, -10.3675, 0.666573, 0.734065
8.13922, -10.3687, 0.694899, 0.736776
8.04964, -10.37, 0.699333, 0.740578
7.96113, -10.3715, 0.700661, 0.745619
7.87332, -10.3732, 0.693002, 0.752025
7.75982, -10.375, 0.653784, 0.759762
7.64228, -10.3755, 0.691117, 0.760131
7.5555, -10.3752, 0.690351, 0.758453
7.47776, -10.3752, 0.67944, 0.757344
7.36932, -10.3756, 0.651325, 0.756307
7.27553, -10.3763, 0.656691, 0.755136
7.177, -10.3772, 0.650011, 0.752136
7.03614, -10.3783, 0.690725, 0.750371
6.94601, -10.3797, 0.694865, 0.749685
6.85698, -10.3798, 0.696682, 0.748536
6.76876, -10.3787, 0.696041, 0.746799
6.6472, -10.3778, 0.679469, 0.745785
6.55455, -10.3771, 0.68186, 0.743779
6.4654, -10.3768, 0.682482, 0.742528
6.35648, -10.3768, 0.683501, 0.742196
6.23097, -10.3772, 0.704342, 0.742728
6.14062, -10.378, 0.705503, 0.744098
6.05168, -10.3793, 0.704546, 0.746304
5.96441, -10.3813, 0.700965, 0.749356
5.88014, -10.3838, 0.673831, 0.753257
5.76372, -10.386, 0.663856, 0.757002
5.63071, -10.3867, 0.702017, 0.759308
5.5392, -10.3775, 0.705849, 0.749029
5.44863, -10.3757, 0.707717, 0.745546
5.36082, -10.374, 0.705509, 0.74235
5.27753, -10.3724, 0.694029, 0.739489
5.13222, -10.371, 0.691221, 0.737026
5.03305, -10.3698, 0.707031, 0.735037
4.94658, -10.3688, 0.704112, 0.733619
4.86323, -10.3681, 0.696945, 0.732891
4.78218, -10.3678, 0.675519, 0.733008
4.66176, -10.3678, 0.664572, 0.734163
4.57371, -10.3683, 0.670737, 0.736598
4.425, -10.3695, 0.704435, 0.740603
4.33363, -10.3713, 0.707639, 0.746499
4.24369, -10.3731, 0.708667, 0.750979
4.15511, -10.3719, 0.707286, 0.752474
4.06759, -10.371, 0.703634, 0.74952
3.96465, -10.3703, 0.670435, 0.746376
3.88413, -10.3699, 0.64941, 0.744277
3.77487, -10.3699, 0.656354, 0.743191
3.68257, -10.3704, 0.646831, 0.743101
3.57968, -10.3714, 0.645929, 0.744019
3.42676, -10.3716, 0.697421, 0.744524
3.33611, -10.371, 0.70602, 0.744538
3.24712, -10.3708, 0.710454, 0.742561
3.15966, -10.3709, 0.710343, 0.739643
3.0733, -10.3716, 0.704576, 0.738212
2.97435, -10.3728, 0.649711, 0.738175
2.85559, -10.3705, 0.675695, 0.735364
2.7751, -10.369, 0.667676, 0.733733
2.67229, -10.3681, 0.646237, 0.733211
2.5663, -10.3677, 0.657803, 0.733595
2.4735, -10.3678, 0.66395, 0.734724
2.36366, -10.3683, 0.656758, 0.736468
2.26546, -10.3687, 0.666706, 0.738233
2.17984, -10.3675, 0.656206, 0.738671
2.07045, -10.3665, 0.65307, 0.739501
1.92458, -10.3659, 0.707286, 0.740751
1.82422, -10.3656, 0.71805, 0.740714
1.73246, -10.3658, 0.719731, 0.7402
1.64198, -10.3665, 0.719381, 0.74053
1.5566, -10.3679, 0.71306, 0.741884
1.47362, -10.3701, 0.703394, 0.744458
1.37713, -10.3707, 0.641634, 0.745924
1.2737, -10.3715, 0.651623, 0.748109
1.16527, -10.3648, 0.662362, 0.743514
1.0596, -10.3613, 0.680473, 0.729945
0.96937, -10.3577, 0.66508, 0.724111
0.871868, -10.3541, 0.653126, 0.718293
0.776898, -10.3503, 0.637719, 0.712492
0.682823, -10.3465, 0.640438, 0.706709
0.564496, -10.3426, 0.663619, 0.700948
0.482867, -10.3386, 0.661505, 0.695366
0.34572, -10.3359, 0.681739, 0.691178
0.262666, -10.3332, 0.677467, 0.687295
0.182123, -10.3306, 0.66881, 0.683798
0.0489419, -10.328, 0.677015, 0.680798
-0.0383018, -10.3256, 0.682877, 0.678454
-0.124528, -10.3233, 0.684729, 0.676994
-0.234469, -10.3212, 0.660662, 0.676758
