1.72512e-05  4.7868e-07
 4.7868e-07 1.11465e-05
1.88712e-05 4.63287e-07
4.63287e-07 1.19064e-05
1.91378e-05  2.0085e-07
 2.0085e-07 1.22146e-05
 1.86037e-05 -1.55627e-08
-1.55627e-08  1.24181e-05
 1.76478e-05 -5.79185e-07
-5.79185e-07  1.26962e-05
 1.60441e-05 -1.07122e-06
-1.07122e-06  1.32317e-05
 1.46537e-05 -1.37969e-06
-1.37969e-06  1.37668e-05
 1.26529e-05 -9.98084e-07
-9.98084e-07  1.49283e-05
 1.13992e-05 -4.92883e-07
-4.92883e-07  1.57133e-05
1.10768e-05 2.03181e-07
2.03181e-07 1.58888e-05
1.10935e-05  6.2939e-07
 6.2939e-07 1.54981e-05
1.14571e-05 4.58327e-07
4.58327e-07 1.52555e-05
 1.1631e-05 1.40214e-07
1.40214e-07 1.51366e-05
 1.16315e-05 -6.46159e-09
-6.46159e-09  1.57564e-05
1.18869e-05 2.48262e-07
2.48262e-07 1.65616e-05
1.23143e-05 8.36747e-07
8.36747e-07 1.65744e-05
1.33881e-05  1.5154e-06
 1.5154e-06  1.6017e-05
1.50537e-05 2.10687e-06
2.10687e-06 1.50007e-05
1.69723e-05 2.51708e-06
2.51708e-06 1.39995e-05
1.86604e-05   2.988e-06
  2.988e-06 1.36742e-05
1.90594e-05 3.08675e-06
3.08675e-06 1.36676e-05
1.82416e-05 2.76624e-06
2.76624e-06 1.37937e-05
 1.6257e-05 1.35099e-06
1.35099e-06  1.4436e-05
 1.51319e-05 -2.35582e-07
-2.35582e-07  1.50199e-05
 1.56409e-05 -2.62208e-06
-2.62208e-06  1.59315e-05
 1.67081e-05 -4.31936e-06
-4.31936e-06  1.66557e-05
 1.71758e-05 -4.84663e-06
-4.84663e-06  1.70688e-05
1.63453e-05 -4.0171e-06
-4.0171e-06 1.73783e-05
 1.51541e-05 -2.11253e-06
-2.11253e-06  1.75687e-05
1.55732e-05 1.01535e-06
1.01535e-06 1.74728e-05
 1.6815e-05 2.52392e-06
2.52392e-06 1.72948e-05
1.94246e-05 3.83253e-06
3.83253e-06 1.71684e-05
2.22167e-05 4.47521e-06
4.47521e-06 1.69028e-05
2.42572e-05 4.29242e-06
4.29242e-06 1.66558e-05
2.68657e-05  3.4496e-06
 3.4496e-06 1.60605e-05
2.81163e-05 2.70295e-06
2.70295e-06 1.56757e-05
2.89976e-05 1.63767e-06
1.63767e-06 1.50341e-05
2.82959e-05 1.79148e-07
1.79148e-07 1.49325e-05
 2.68624e-05 -3.81647e-07
-3.81647e-07  1.50512e-05
 2.28879e-05 -3.34388e-07
-3.34388e-07  1.57121e-05
2.05433e-05 3.19974e-07
3.19974e-07 1.62952e-05
1.88894e-05 1.84748e-06
1.84748e-06 1.75546e-05
 1.9351e-05 4.45316e-06
4.45316e-06 1.87084e-05
2.14772e-05 6.69853e-06
6.69853e-06 1.98292e-05
 2.2795e-05  7.0532e-06
 7.0532e-06 1.92729e-05
2.25703e-05 6.00727e-06
6.00727e-06 1.84035e-05
2.18563e-05 4.63704e-06
4.63704e-06 1.74534e-05
2.04704e-05 2.97998e-06
2.97998e-06  1.6753e-05
1.90046e-05 1.92128e-06
1.92128e-06 1.65467e-05
1.80412e-05 5.09416e-07
5.09416e-07 1.67402e-05
  1.6603e-05 -9.53998e-07
-9.53998e-07  1.71487e-05
 1.59524e-05 -2.35443e-06
-2.35443e-06  1.78197e-05
  1.6041e-05 -4.53741e-06
-4.53741e-06  1.90454e-05
 1.75479e-05 -7.09038e-06
-7.09038e-06  2.03305e-05
 1.90507e-05 -8.58157e-06
-8.58157e-06  2.06646e-05
 1.99881e-05 -8.98845e-06
-8.98845e-06  2.00604e-05
1.95976e-05 -8.0409e-06
-8.0409e-06 1.85851e-05
 1.83684e-05 -6.04685e-06
-6.04685e-06  1.64142e-05
 1.70875e-05 -4.30522e-06
-4.30522e-06   1.4761e-05
 1.64536e-05 -3.26871e-06
-3.26871e-06  1.39199e-05
 1.50527e-05 -2.09506e-06
-2.09506e-06  1.31663e-05
 1.38803e-05 -1.15958e-06
-1.15958e-06  1.30981e-05
1.27514e-05 1.28225e-07
1.28225e-07 1.30853e-05
1.25117e-05 1.18602e-06
1.18602e-06 1.31909e-05
1.20073e-05 1.66311e-06
1.66311e-06  1.3327e-05
1.13474e-05 1.66476e-06
1.66476e-06 1.41907e-05
1.06268e-05 9.33272e-07
9.33272e-07 1.45428e-05
1.04613e-05 4.45947e-07
4.45947e-07 1.48094e-05
1.10477e-05 3.97709e-07
3.97709e-07 1.40202e-05
1.21251e-05 5.51492e-07
5.51492e-07 1.30777e-05
1.32904e-05   5.795e-07
  5.795e-07 1.25885e-05
1.44326e-05 5.41418e-07
5.41418e-07 1.22844e-05
1.52583e-05 1.27573e-07
1.27573e-07 1.24747e-05
 1.58574e-05 -1.70377e-07
-1.70377e-07  1.25665e-05
 1.61115e-05 -2.79964e-07
-2.79964e-07  1.25891e-05
  1.6206e-05 -1.81712e-07
-1.81712e-07  1.26198e-05
1.59966e-05 2.56427e-07
2.56427e-07 1.26659e-05
1.56582e-05 1.03484e-06
1.03484e-06 1.28236e-05
1.56291e-05 2.56366e-06
2.56366e-06 1.33089e-05
1.59274e-05 4.18205e-06
4.18205e-06 1.40406e-05
1.71547e-05 6.28282e-06
6.28282e-06 1.52263e-05
1.85595e-05  8.1497e-06
 8.1497e-06 1.65201e-05
1.91542e-05  9.7531e-06
 9.7531e-06 1.79618e-05
1.58429e-05 7.91148e-06
7.91148e-06 1.73727e-05
1.18777e-05 4.95602e-06
4.95602e-06 1.63315e-05
1.00767e-05 2.80979e-06
2.80979e-06 1.54235e-05
9.00047e-06 7.88886e-07
7.88886e-07 1.44335e-05
 9.03514e-06 -3.76471e-07
-3.76471e-07  1.41561e-05
 9.14442e-06 -1.60348e-06
-1.60348e-06  1.41675e-05
 9.71886e-06 -2.58206e-06
-2.58206e-06  1.45645e-05
 1.08316e-05 -3.78024e-06
-3.78024e-06  1.49691e-05
 1.23932e-05 -4.61651e-06
-4.61651e-06  1.48979e-05
 1.37186e-05 -4.85151e-06
-4.85151e-06  1.46116e-05
 1.55994e-05 -4.69725e-06
-4.69725e-06  1.37136e-05
1.66425e-05 -4.2984e-06
-4.2984e-06 1.31699e-05
 1.76223e-05 -3.55635e-06
-3.55635e-06  1.26603e-05
 1.81923e-05 -2.89431e-06
-2.89431e-06  1.24231e-05
 1.8522e-05 -2.4925e-06
-2.4925e-06 1.21376e-05
 1.87914e-05 -2.36059e-06
-2.36059e-06  1.19037e-05
 1.88471e-05 -2.28243e-06
-2.28243e-06  1.13702e-05
1.07459e-05 2.20489e-06
2.20489e-06 1.87598e-05
1.05559e-05 1.33597e-06
1.33597e-06 1.79462e-05
1.04689e-05 5.90109e-07
5.90109e-07 1.69361e-05
1.06385e-05 1.50181e-07
1.50181e-07 1.61892e-05
  1.0607e-05 -2.10021e-08
-2.10021e-08  1.57481e-05
 1.04477e-05 -3.50924e-07
-3.50924e-07  1.57954e-05
 1.02471e-05 -6.46041e-07
-6.46041e-07  1.60167e-05
 1.01316e-05 -1.28698e-06
-1.28698e-06  1.64947e-05
 1.02012e-05 -1.93016e-06
-1.93016e-06   1.6735e-05
 1.05562e-05 -2.44893e-06
-2.44893e-06  1.67838e-05
 1.09415e-05 -2.75981e-06
-2.75981e-06  1.65341e-05
1.14151e-05 -2.7926e-06
-2.7926e-06 1.61111e-05
 1.18732e-05 -2.52947e-06
-2.52947e-06  1.58142e-05
 1.20826e-05 -1.94491e-06
-1.94491e-06  1.53944e-05
 1.22023e-05 -9.16728e-07
-9.16728e-07  1.48899e-05
 1.26624e-05 -7.20118e-08
-7.20118e-08   1.4579e-05
 1.2958e-05 7.97853e-07
7.97853e-07 1.45052e-05
1.36793e-05 1.49144e-06
1.49144e-06  1.4397e-05
1.42412e-05 1.82076e-06
1.82076e-06 1.42592e-05
1.45386e-05 1.73381e-06
1.73381e-06    1.41e-05
1.47716e-05 1.25569e-06
1.25569e-06 1.39089e-05
1.49292e-05 5.92244e-07
5.92244e-07 1.35607e-05
 1.49582e-05 -5.40219e-08
-5.40219e-08  1.34188e-05
 1.49466e-05 -6.26052e-07
-6.26052e-07  1.33029e-05
 1.46658e-05 -8.86968e-07
-8.86968e-07  1.33173e-05
 1.41877e-05 -8.30554e-07
-8.30554e-07  1.33414e-05
1.34532e-05 -2.6691e-07
-2.6691e-07 1.32871e-05
1.31025e-05 3.85782e-07
3.85782e-07 1.32406e-05
1.28805e-05 1.17153e-06
1.17153e-06 1.32004e-05
1.26167e-05 1.65415e-06
1.65415e-06 1.32304e-05
1.21707e-05 1.55886e-06
1.55886e-06 1.33409e-05
1.15607e-05 1.04338e-06
1.04338e-06 1.34995e-05
1.10071e-05 9.69186e-08
9.69186e-08 1.36477e-05
 1.08274e-05 -5.01475e-07
-5.01475e-07  1.39699e-05
  1.0797e-05 -9.17462e-07
-9.17462e-07  1.43339e-05
 1.08479e-05 -1.09244e-06
-1.09244e-06  1.42311e-05
  1.1328e-05 -1.07506e-06
-1.07506e-06  1.40091e-05
 1.18412e-05 -9.52344e-07
-9.52344e-07  1.36108e-05
1.24922e-05 -5.9708e-07
-5.9708e-07 1.31022e-05
 1.32168e-05 -2.59678e-07
-2.59678e-07   1.2809e-05
1.37619e-05 2.75567e-07
2.75567e-07 1.27271e-05
1.41422e-05 6.89256e-07
6.89256e-07 1.26877e-05
1.41619e-05 1.08749e-06
1.08749e-06 1.28774e-05
1.39923e-05 1.32807e-06
1.32807e-06 1.29215e-05
1.35399e-05 1.41241e-06
1.41241e-06 1.31965e-05
1.29335e-05 1.34973e-06
1.34973e-06 1.33873e-05
1.22961e-05 1.10123e-06
1.10123e-06 1.35206e-05
1.15768e-05 7.97965e-07
7.97965e-07 1.36815e-05
1.10448e-05 7.22539e-07
7.22539e-07 1.39773e-05
1.05658e-05 8.22776e-07
8.22776e-07 1.44586e-05
1.02396e-05 1.46552e-06
1.46552e-06 1.55721e-05
1.05124e-05 2.79987e-06
2.79987e-06 1.68777e-05
1.10938e-05 3.73281e-06
3.73281e-06 1.74785e-05
1.16449e-05 3.84666e-06
3.84666e-06 1.72419e-05
1.19817e-05 2.77524e-06
2.77524e-06 1.60542e-05
1.23982e-05 1.83417e-06
1.83417e-06 1.50995e-05
1.32918e-05 1.09004e-06
1.09004e-06 1.45885e-05
1.42618e-05  4.8076e-08
 4.8076e-08  1.4562e-05
  1.5438e-05 -9.18043e-07
-9.18043e-07  1.47932e-05
 1.82242e-05 -2.38207e-06
-2.38207e-06  1.46383e-05
 2.09155e-05 -2.92868e-06
-2.92868e-06  1.46626e-05
 2.31675e-05 -3.05223e-06
-3.05223e-06  1.48258e-05
 2.46704e-05 -3.13197e-06
-3.13197e-06  1.50813e-05
 2.6316e-05 -3.2099e-06
-3.2099e-06 1.55614e-05
2.73467e-05  -3.507e-06
 -3.507e-06 1.60275e-05
 2.80597e-05 -3.85737e-06
-3.85737e-06  1.64601e-05
2.81645e-05 -3.9928e-06
-3.9928e-06 1.67394e-05
2.74762e-05 -4.1704e-06
-4.1704e-06 1.73019e-05
 2.65384e-05 -4.38644e-06
-4.38644e-06  1.77828e-05
 2.52406e-05 -5.30624e-06
-5.30624e-06  1.87438e-05
2.52165e-05 -6.4736e-06
-6.4736e-06 1.97429e-05
 2.66444e-05 -8.91122e-06
-8.91122e-06  2.15879e-05
 2.85357e-05 -1.06614e-05
-1.06614e-05  2.24452e-05
 3.09436e-05 -1.19977e-05
-1.19977e-05  2.26148e-05
 3.21134e-05 -1.24396e-05
-1.24396e-05  2.24216e-05
 3.17727e-05 -1.18086e-05
-1.18086e-05  2.17217e-05
 3.05973e-05 -1.10479e-05
-1.10479e-05   2.1039e-05
 2.83208e-05 -1.02247e-05
-1.02247e-05  2.08202e-05
 2.49819e-05 -9.27575e-06
-9.27575e-06  2.08801e-05
 2.16226e-05 -8.10329e-06
-8.10329e-06  2.10135e-05
 1.81536e-05 -6.42066e-06
-6.42066e-06  2.16042e-05
 1.52677e-05 -4.23245e-06
-4.23245e-06  2.20967e-05
1.35765e-05 -1.3001e-06
-1.3001e-06 2.27432e-05
1.33838e-05 1.24867e-06
1.24867e-06 2.28884e-05
1.43536e-05 3.17733e-06
3.17733e-06 2.24085e-05
1.59019e-05 5.19234e-06
5.19234e-06 2.25522e-05
 1.7361e-05  5.9713e-06
 5.9713e-06 2.18948e-05
1.87083e-05 6.61075e-06
6.61075e-06 2.19539e-05
1.88157e-05 5.94732e-06
5.94732e-06 2.12514e-05
1.86038e-05  5.0857e-06
 5.0857e-06  2.0676e-05
 1.8199e-05 3.84711e-06
3.84711e-06 1.98719e-05
1.77824e-05 2.36131e-06
2.36131e-06 1.93618e-05
 1.7537e-05 1.17958e-06
1.17958e-06 1.91622e-05
 1.77091e-05 -1.90924e-07
-1.90924e-07  1.86913e-05
 1.84304e-05 -1.33647e-06
-1.33647e-06  1.79666e-05
1.92881e-05 -2.3005e-06
-2.3005e-06 1.76147e-05
 2.02441e-05 -3.31008e-06
-3.31008e-06  1.69601e-05
 2.12155e-05 -4.32543e-06
-4.32543e-06   1.6364e-05
  2.2236e-05 -4.71966e-06
-4.71966e-06  1.54376e-05
 2.32703e-05 -5.81568e-06
-5.81568e-06  1.47177e-05
1.33337e-05 6.14749e-06
6.14749e-06  2.3457e-05
1.15905e-05 3.54635e-06
3.54635e-06 2.17629e-05
1.09038e-05 1.50412e-06
1.50412e-06 2.00347e-05
1.06205e-05 1.69511e-07
1.69511e-07 1.82824e-05
 1.09315e-05 -7.29435e-07
-7.29435e-07    1.716e-05
 1.13715e-05 -1.14117e-06
-1.14117e-06  1.66774e-05
 1.18141e-05 -1.43872e-06
-1.43872e-06  1.59289e-05
 1.21191e-05 -1.51322e-06
-1.51322e-06  1.52855e-05
 1.22068e-05 -1.55491e-06
-1.55491e-06  1.51902e-05
 1.20428e-05 -1.69238e-06
-1.69238e-06  1.49996e-05
 1.20921e-05 -2.03428e-06
-2.03428e-06  1.51886e-05
 1.29109e-05 -2.78621e-06
-2.78621e-06   1.5447e-05
 1.36296e-05 -3.39385e-06
-3.39385e-06  1.55929e-05
 1.34001e-05 -3.21442e-06
-3.21442e-06  1.52859e-05
1.31671e-05  -2.879e-06
 -2.879e-06  1.4735e-05
 1.29366e-05 -2.65811e-06
-2.65811e-06  1.44984e-05
 1.22773e-05 -2.25877e-06
-2.25877e-06  1.42234e-05
 1.19852e-05 -2.38516e-06
-2.38516e-06  1.50509e-05
  1.1122e-05 -1.73803e-06
-1.73803e-06  1.52195e-05
1.05174e-05 -1.0663e-06
-1.0663e-06 1.51611e-05
 1.00183e-05 -3.32496e-07
-3.32496e-07  1.48599e-05
9.98912e-06 3.18169e-07
3.18169e-07 1.53089e-05
9.89129e-06 8.96354e-07
8.96354e-07  1.5582e-05
1.03588e-05 1.76492e-06
1.76492e-06 1.58007e-05
1.12354e-05  2.3164e-06
 2.3164e-06 1.53368e-05
1.21984e-05 2.40463e-06
2.40463e-06 1.47375e-05
 1.3354e-05 2.22951e-06
2.22951e-06 1.40751e-05
 1.4538e-05  1.8564e-06
 1.8564e-06 1.36939e-05
 1.5635e-05  1.5748e-06
 1.5748e-06 1.34241e-05
1.67787e-05 1.22089e-06
1.22089e-06 1.33353e-05
 1.7657e-05 9.56894e-07
9.56894e-07 1.33363e-05
 1.8232e-05 7.10936e-07
7.10936e-07 1.34323e-05
 1.8454e-05 6.39286e-07
6.39286e-07 1.35537e-05
 1.8349e-05 6.38403e-07
6.38403e-07 1.37229e-05
1.76292e-05 7.16721e-07
7.16721e-07 1.37938e-05
1.70411e-05 8.69625e-07
8.69625e-07 1.40625e-05
1.59542e-05 1.03541e-06
1.03541e-06 1.45673e-05
1.52157e-05 1.17064e-06
1.17064e-06 1.49526e-05
1.47965e-05 1.32872e-06
1.32872e-06 1.52015e-05
1.46296e-05 1.38632e-06
1.38632e-06 1.49775e-05
1.48146e-05 1.27734e-06
1.27734e-06 1.48124e-05
1.50017e-05 8.15056e-07
8.15056e-07 1.43243e-05
1.51961e-05  3.0166e-07
 3.0166e-07 1.39456e-05
 1.52087e-05 -5.65859e-07
-5.65859e-07  1.37062e-05
 1.5212e-05 -1.5536e-06
-1.5536e-06 1.37127e-05
1.56844e-05 -2.9439e-06
-2.9439e-06 1.39165e-05
 1.59684e-05 -3.55618e-06
-3.55618e-06  1.39897e-05
 1.59137e-05 -3.76816e-06
-3.76816e-06  1.39457e-05
 1.53021e-05 -3.07214e-06
-3.07214e-06   1.3509e-05
 1.48374e-05 -1.94993e-06
-1.94993e-06   1.2835e-05
 1.45411e-05 -7.18952e-07
-7.18952e-07  1.21973e-05
 1.5224e-05 1.77069e-07
1.77069e-07 1.16154e-05
1.58868e-05 7.78958e-07
7.78958e-07 1.11402e-05
1.58843e-05 8.39755e-07
8.39755e-07 1.06886e-05
 1.5115e-05 6.33631e-07
6.33631e-07 1.05455e-05
1.37698e-05 2.34869e-07
2.34869e-07 1.05484e-05
1.20978e-05 1.42122e-07
1.42122e-07 1.08509e-05
1.04824e-05  2.6763e-07
 2.6763e-07 1.14224e-05
9.44979e-06 8.71715e-07
8.71715e-07 1.21355e-05
9.02373e-06  1.1691e-06
 1.1691e-06 1.23258e-05
8.94151e-06 1.10172e-06
1.10172e-06 1.19884e-05
9.12066e-06 7.82413e-07
7.82413e-07 1.11576e-05
9.75506e-06 5.47767e-07
5.47767e-07 1.01371e-05
1.04996e-05 6.04347e-07
6.04347e-07  9.5886e-06
   1.12e-05 8.38842e-07
8.38842e-07 9.34437e-06
1.14151e-05 9.95732e-07
9.95732e-07 9.23494e-06
1.11254e-05 1.08633e-06
1.08633e-06 9.38976e-06
 1.0565e-05 1.12656e-06
1.12656e-06 9.58592e-06
9.70146e-06 9.96831e-07
9.96831e-07 1.00363e-05
 9.0458e-06 7.11253e-07
7.11253e-07 1.05132e-05
8.62327e-06 4.71551e-07
4.71551e-07 1.06505e-05
8.34757e-06 3.20416e-07
3.20416e-07 1.05154e-05
8.29802e-06 3.52146e-07
3.52146e-07 1.03494e-05
 8.3403e-06 3.94361e-07
3.94361e-07 1.02455e-05
8.39832e-06 3.03594e-07
3.03594e-07 1.00164e-05
8.64685e-06 2.38937e-08
2.38937e-08  9.7454e-06
9.03185e-06 -4.3978e-07
-4.3978e-07 9.25883e-06
 9.42904e-06 -6.96143e-07
-6.96143e-07  8.94888e-06
 9.74623e-06 -8.97184e-07
-8.97184e-07  8.60202e-06
 9.64248e-06 -8.30816e-07
-8.30816e-07  8.53341e-06
9.16553e-06 -6.2104e-07
-6.2104e-07 8.65118e-06
 8.51029e-06 -4.00127e-07
-4.00127e-07  8.92632e-06
   7.949e-06 -7.77108e-09
-7.77108e-09  9.17416e-06
7.53166e-06 3.52254e-07
3.52254e-07 9.41124e-06
7.37959e-06 5.79744e-07
5.79744e-07 9.41705e-06
7.19506e-06 6.94006e-07
6.94006e-07 9.33206e-06
6.93453e-06 6.23612e-07
6.23612e-07 9.23041e-06
6.63984e-06 4.19075e-07
4.19075e-07 9.53274e-06
 6.37586e-06 -2.92447e-08
-2.92447e-08  1.00128e-05
 6.07401e-06 -7.01776e-07
-7.01776e-07   1.0424e-05
 6.16868e-06 -1.35894e-06
-1.35894e-06  1.06078e-05
 6.46194e-06 -1.58892e-06
-1.58892e-06  1.05227e-05
 6.78292e-06 -1.51014e-06
-1.51014e-06  1.02395e-05
 7.05229e-06 -1.30486e-06
-1.30486e-06  1.00516e-05
 7.49994e-06 -1.15968e-06
-1.15968e-06  9.86411e-06
 7.90847e-06 -1.24517e-06
-1.24517e-06   9.8731e-06
 8.50477e-06 -1.56777e-06
-1.56777e-06  9.87907e-06
 9.35228e-06 -1.99309e-06
-1.99309e-06  9.82661e-06
 1.01597e-05 -2.38748e-06
-2.38748e-06  9.70368e-06
  1.0816e-05 -2.71579e-06
-2.71579e-06  9.56956e-06
9.40155e-06 2.98731e-06
2.98731e-06  1.1155e-05
8.98478e-06 2.49584e-06
2.49584e-06 1.12802e-05
8.73226e-06 1.98141e-06
1.98141e-06 1.12967e-05
8.61981e-06  1.4569e-06
 1.4569e-06 1.12974e-05
8.71258e-06 1.22756e-06
1.22756e-06 1.12491e-05
8.91119e-06 1.20824e-06
1.20824e-06 1.12703e-05
9.07837e-06 1.37779e-06
1.37779e-06 1.13075e-05
 9.1542e-06 1.62053e-06
1.62053e-06 1.16248e-05
9.08661e-06 1.66744e-06
1.66744e-06 1.19265e-05
9.05892e-06 1.45652e-06
1.45652e-06 1.22217e-05
9.15298e-06 9.98153e-07
9.98153e-07  1.2176e-05
9.74827e-06 5.25533e-07
5.25533e-07 1.18966e-05
1.04475e-05 2.12104e-07
2.12104e-07 1.16054e-05
1.11431e-05 4.62468e-08
4.62468e-08 1.12647e-05
 1.16943e-05 -3.75253e-08
-3.75253e-08  1.11581e-05
  1.2078e-05 -1.61501e-08
-1.61501e-08  1.12081e-05
1.24385e-05 -1.7543e-09
-1.7543e-09 1.14239e-05
1.26286e-05 2.44914e-07
2.44914e-07 1.16732e-05
1.27832e-05 4.83642e-07
4.83642e-07 1.17247e-05
1.30187e-05 8.33788e-07
8.33788e-07 1.16528e-05
1.34257e-05 8.53607e-07
8.53607e-07 1.15779e-05
1.36832e-05 6.93345e-07
6.93345e-07 1.14782e-05
1.37633e-05 2.97972e-07
2.97972e-07 1.13203e-05
 1.37182e-05 -9.74603e-08
-9.74603e-08  1.12251e-05
 1.31633e-05 -5.26224e-07
-5.26224e-07  1.12187e-05
 1.27469e-05 -8.24227e-07
-8.24227e-07  1.13892e-05
1.21578e-05 -1.1644e-06
-1.1644e-06 1.18552e-05
 1.14791e-05 -9.99815e-07
-9.99815e-07  1.17442e-05
 1.08014e-05 -9.96857e-07
-9.96857e-07  1.19158e-05
   1.047e-05 -1.17968e-06
-1.17968e-06  1.22192e-05
  1.0259e-05 -1.34046e-06
-1.34046e-06  1.20698e-05
 1.02754e-05 -1.38885e-06
-1.38885e-06  1.14848e-05
 1.04867e-05 -1.45822e-06
-1.45822e-06  1.10814e-05
 1.05152e-05 -1.17678e-06
-1.17678e-06  1.04683e-05
 1.02891e-05 -8.00154e-07
-8.00154e-07  1.01164e-05
9.89372e-06 -4.1278e-07
-4.1278e-07 9.98234e-06
 9.26584e-06 -1.29954e-07
-1.29954e-07  1.01574e-05
8.65352e-06 4.30227e-09
4.30227e-09 1.06085e-05
 8.19011e-06 -1.12094e-07
-1.12094e-07  1.09755e-05
 7.94602e-06 -3.26476e-07
-3.26476e-07  1.12667e-05
 8.02611e-06 -4.63142e-07
-4.63142e-07  1.11456e-05
 8.24339e-06 -3.68925e-07
-3.68925e-07  1.08295e-05
 8.46976e-06 -1.82791e-07
-1.82791e-07  1.06259e-05
8.60131e-06 5.66758e-08
5.66758e-08 1.06826e-05
8.60182e-06 4.54886e-07
4.54886e-07 1.11035e-05
8.76254e-06 1.15344e-06
1.15344e-06 1.18428e-05
 9.3758e-06 2.15248e-06
2.15248e-06 1.27424e-05
1.00909e-05 2.73655e-06
2.73655e-06 1.31031e-05
1.09313e-05 2.94741e-06
2.94741e-06 1.30809e-05
1.14743e-05 2.63611e-06
2.63611e-06 1.29026e-05
1.20296e-05 2.01423e-06
2.01423e-06 1.26963e-05
1.28694e-05 1.23047e-06
1.23047e-06 1.24838e-05
1.39505e-05 4.61639e-07
4.61639e-07 1.20077e-05
 1.53702e-05 -3.06809e-07
-3.06809e-07  1.18431e-05
 1.69892e-05 -8.03196e-07
-8.03196e-07  1.17005e-05
1.87703e-05 -1.1548e-06
-1.1548e-06 1.16519e-05
2.02688e-05 -1.2872e-06
-1.2872e-06  1.1495e-05
2.09354e-05 -1.2101e-06
-1.2101e-06 1.15088e-05
 2.06638e-05 -1.09561e-06
-1.09561e-06  1.16164e-05
 1.94871e-05 -9.38356e-07
-9.38356e-07  1.18447e-05
 1.80088e-05 -9.17108e-07
-9.17108e-07  1.21554e-05
 1.66263e-05 -9.30514e-07
-9.30514e-07  1.25948e-05
1.56244e-05  -9.683e-07
 -9.683e-07 1.28491e-05
 1.49306e-05 -8.70058e-07
-8.70058e-07  1.28959e-05
  1.4477e-05 -5.77302e-07
-5.77302e-07   1.2874e-05
1.39687e-05 1.07612e-07
1.07612e-07 1.27205e-05
1.37237e-05 9.38544e-07
9.38544e-07 1.26305e-05
1.35699e-05 1.95695e-06
1.95695e-06 1.27493e-05
1.35608e-05 3.14267e-06
3.14267e-06 1.32291e-05
1.34697e-05 4.14278e-06
4.14278e-06 1.39133e-05
1.32116e-05 4.65512e-06
4.65512e-06 1.45668e-05
1.23534e-05 4.62856e-06
4.62856e-06 1.50918e-05
  1.132e-05 3.87764e-06
3.87764e-06 1.49893e-05
1.02675e-05 2.45061e-06
2.45061e-06 1.40493e-05
1.01952e-05 1.75677e-06
1.75677e-06  1.3409e-05
1.02519e-05  1.4252e-06
 1.4252e-06 1.32643e-05
1.01471e-05 9.04175e-07
9.04175e-07 1.33875e-05
1.00823e-05 1.76354e-07
1.76354e-07 1.32526e-05
 1.06592e-05 -8.66357e-08
-8.66357e-08  1.35458e-05
 1.11784e-05 -4.84866e-07
-4.84866e-07  1.27482e-05
 1.21087e-05 -2.46115e-07
-2.46115e-07  1.24093e-05
1.30345e-05 2.00509e-07
2.00509e-07 1.21552e-05
1.34349e-05 3.43129e-07
3.43129e-07 1.17646e-05
1.38278e-05 5.95731e-07
5.95731e-07 1.18809e-05
1.35258e-05 6.35568e-07
6.35568e-07 1.18605e-05
1.31999e-05 8.40433e-07
8.40433e-07 1.22059e-05
1.25707e-05 8.58911e-07
8.58911e-07 1.27474e-05
1.15026e-05  4.6812e-07
 4.6812e-07 1.33756e-05
 1.10672e-05 -1.00585e-08
-1.00585e-08  1.40435e-05
 1.06441e-05 -7.38372e-07
-7.38372e-07  1.46648e-05
 1.05469e-05 -1.43116e-06
-1.43116e-06  1.49809e-05
 1.07313e-05 -1.68653e-06
-1.68653e-06  1.51502e-05
 1.09282e-05 -1.72323e-06
-1.72323e-06  1.53473e-05
1.09988e-05 -1.5781e-06
-1.5781e-06 1.54859e-05
1.10447e-05 -1.3666e-06
-1.3666e-06 1.56339e-05
 1.11752e-05 -1.12136e-06
-1.12136e-06  1.61294e-05
 1.12272e-05 -8.16826e-07
-8.16826e-07  1.62188e-05
 1.13772e-05 -4.57002e-07
-4.57002e-07  1.66952e-05
 1.13859e-05 -2.59346e-07
-2.59346e-07  1.69884e-05
 1.14514e-05 -2.93718e-07
-2.93718e-07  1.76611e-05
