 0.00329284 0.000427618
0.000427618 0.000618873
0.00234549 0.00418445
0.00418445   0.012896
0.000527312 0.000143126
0.000143126   0.0009768
 0.00245148 0.000340817
0.000340817 0.000592473
0.000724699 0.000696087
0.000696087   0.0071776
   0.001242 0.000173495
0.000173495 0.000533799
 0.0133336 0.00944378
0.00944378 0.00822141
 0.00237241 0.000264493
0.000264493 0.000570019
 0.0123562 0.00427508
0.00427508 0.00243676
0.000849885  0.00020634
 0.00020634 0.000577919
  0.00316827 -0.000713586
-0.000713586  0.000804458
  0.0173083  0.00124653
 0.00124653 0.000877087
0.0182022 0.0163645
0.0163645 0.0170065
0.000745659  0.00078488
 0.00078488   0.0071882
0.000825284 0.000186359
0.000186359 0.000560966
0.0178736 0.0129564
0.0129564 0.0109854
 0.00349852   0.0005193
  0.0005193 0.000647898
 0.000572282 -0.000168087
-0.000168087   0.00130111
0.000969087 -0.00133669
-0.00133669   0.0148196
 0.000818472 -0.000771164
-0.000771164    0.0112902
  0.00077793 -0.000787007
-0.000787007   0.00818932
 0.0162936 0.00483232
0.00483232 0.00233088
 0.000616208 -2.59002e-05
-2.59002e-05  0.000539407
 0.00811217 0.000460688
0.000460688 0.000673536
0.000650163 0.000469243
0.000469243  0.00400614
0.000543691 0.000176823
0.000176823  0.00148248
 0.00243458 0.000239806
0.000239806 0.000564859
0.000647095 0.000459802
0.000459802  0.00275375
 0.000734913 -0.000671731
-0.000671731   0.00481907
0.000535159 0.000126263
0.000126263 0.000666643
0.0168018 0.0162326
0.0162326 0.0181173
0.0134191  0.010219
 0.010219 0.0094283
0.0157887 0.0155405
0.0155405 0.0175876
0.000723677 0.000634011
0.000634011  0.00826185
0.00321371 0.00508282
0.00508282  0.0123682
 0.000692675 -0.000546397
-0.000546397   0.00461741
0.000542391 0.000165601
0.000165601 0.000909214
 0.0130145 0.00683063
0.00683063  0.0047843
 0.000559524 -0.000105716
-0.000105716  0.000840581
   0.0169568 -0.000522784
-0.000522784  0.000840366
0.0168204 0.0155677
0.0155677 0.0165433
 0.0175401  0.0120345
 0.0120345 0.00975472
  0.0055082 0.000285373
0.000285373 0.000619164
0.000613352 0.000357101
0.000357101  0.00327598
 0.0176328   0.011818
  0.011818 0.00938867
 0.000728109 -0.000380616
-0.000380616   0.00143149
  0.00193243 -0.000410324
-0.000410324  0.000692699
   0.0111607 -0.000875292
-0.000875292  0.000812914
 0.0130443 0.00730611
0.00730611 0.00534562
  0.0125359  0.00080269
 0.00080269 0.000775644
 0.0136001 0.00189493
0.00189493 0.00101079
 0.00152713 0.000294878
0.000294878 0.000586958
 0.00594773 0.000225339
0.000225339 0.000621038
 0.000608273 -5.38896e-05
-5.38896e-05  0.000570268
 0.0135439  0.0088545
 0.0088545 0.00720253
 0.0137471 0.00902112
0.00902112 0.00733403
0.00374609 0.00671638
0.00671638  0.0170945
 0.0132439 0.00766205
0.00766205 0.00571186
0.00630197 0.00941657
0.00941657  0.0178566
0.00658365 0.00790097
0.00790097  0.0123963
0.000536631 0.000117667
0.000117667 0.000619073
0.000978618 -0.00132047
-0.00132047   0.0157408
0.00483619 0.00694062
0.00694062   0.013503
 0.0164159  0.0100013
 0.0100013 0.00741634
 0.00367765 0.000383941
0.000383941 0.000609354
 0.0178067  0.0121037
 0.0121037 0.00972093
0.00397473 0.00607285
0.00607285  0.0132033
  0.00398438 -0.000657424
-0.000657424  0.000737934
0.00253804 0.00506837
0.00506837  0.0165852
 0.0138074 0.00286991
0.00286991 0.00138807
  0.0104526 -0.00113186
-0.00113186 0.000866156
0.000982753 -0.00112123
-0.00112123   0.0171284
0.0139229 0.0126356
0.0126356 0.0134118
0.00212654  0.0037743
 0.0037743   0.012411
 0.0013969 0.00258711
0.00258711  0.0130182
0.0169273 0.0143114
0.0143114 0.0139333
0.000703799 0.000624013
0.000624013  0.00646848
0.000703779 0.000601237
0.000601237  0.00701533
0.00778345  0.0103103
 0.0103103  0.0167891
 0.00517487 0.000194524
0.000194524 0.000607024
0.000922632 -0.00121885
-0.00121885    0.011706
 0.000683507 -0.000101502
-0.000101502  0.000620006
 0.0171838  0.0101954
 0.0101954 0.00736072
0.00791036  0.0107598
 0.0107598  0.0179997
0.000998592 -0.00016249
-0.00016249 0.000593036
0.0170288 0.0135069
0.0135069  0.012427
 0.000701184 -0.000554073
-0.000554073   0.00367208
0.00263826 0.00461973
0.00461973  0.0131545
 0.000602218 -0.000257465
-0.000257465   0.00199367
 0.0170338 0.00325939
0.00325939 0.00144443
0.00924446  0.0115381
 0.0115381  0.0173468
 0.0173012 0.00878808
0.00878808 0.00565037
0.00354452   0.005482
  0.005482  0.0125904
 0.00123225 0.000264473
0.000264473 0.000582828
0.00286465 0.00045563
0.00045563 0.00063042
0.000698688 0.000105485
0.000105485 0.000502004
 0.000640842 -0.000250013
-0.000250013   0.00119678
  0.0011545 0.000238247
0.000238247 0.000569865
0.0153141 0.0150533
0.0150533 0.0170066
  0.0170924 0.000510292
0.000510292  0.00080487
 0.000631552 -0.000213717
-0.000213717   0.00104414
0.0151986 0.0153268
0.0153268 0.0177875
 0.0137228 0.00633576
0.00633576 0.00401217
 0.00082464 0.000875169
0.000875169   0.0135694
   0.0068817 -0.000697852
-0.000697852  0.000733525
 0.000649724 -0.000273503
-0.000273503   0.00128334
   0.0167444 -0.000837431
-0.000837431   0.00088182
0.000539626 3.96652e-06
3.96652e-06 0.000579983
0.00200475 0.00380214
0.00380214  0.0134524
0.00144624 0.00252734
0.00252734  0.0121822
0.000599234 0.000239622
0.000239622  0.00380004
 0.000596122 -0.000209355
-0.000209355   0.00132835
 0.00102909 -0.00106614
-0.00106614   0.0179873
 0.0177664  0.0111656
 0.0111656 0.00840685
 0.00427098 0.000609484
0.000609484 0.000673325
 0.00097601 9.45267e-05
9.45267e-05 0.000502555
0.00260861 0.00528753
0.00528753  0.0176545
   0.01349 0.00870617
0.00870617 0.00701725
 0.000638949 -0.000316499
-0.000316499   0.00177365
   0.017027 -0.00112042
-0.00112042 0.000945851
0.00265961 0.00477839
0.00477839  0.0137673
0.000537875 8.94559e-06
8.94559e-06 0.000577995
 0.012216 0.0131453
0.0131453 0.0165482
 0.000612624 -0.000293562
-0.000293562   0.00263162
 0.0165677 0.00837996
0.00837996 0.00540418
 0.0136886 0.00768127
0.00768127 0.00554982
 0.013167 0.0113032
0.0113032 0.0115819
0.000895755   -0.001167
  -0.001167   0.0100777
0.00629823 0.00940797
0.00940797  0.0178346
0.000600807 9.70097e-05
9.70097e-05 0.000506234
  0.016476 0.00968581
0.00968581 0.00698172
 0.000726474 -0.000640272
-0.000640272   0.00618086
 0.0130495 0.00671813
0.00671813 0.00464154
  0.0021668 0.000209869
0.000209869 0.000555247
 0.0137148 0.00870612
0.00870612 0.00689991
  0.00295685 -0.000579439
-0.000579439   0.00073457
  0.0177444 -0.00121043
-0.00121043 0.000997812
0.0177086 0.0164383
0.0164383 0.0176597
 0.000962542 -0.000991105
-0.000991105    0.0172425
 0.000593716 -8.98853e-05
-8.98853e-05  0.000657684
 0.016276 0.0158008
0.0158008 0.0176478
 0.000780189 -0.000767913
-0.000767913    0.0044051
0.000649462  0.00037302
 0.00037302  0.00558629
 0.0126318 0.00925576
0.00925576 0.00839454
 0.00950872 0.000458776
0.000458776 0.000694018
 0.00629807 0.000685903
0.000685903 0.000693204
0.000583792 0.000282012
0.000282012  0.00174637
0.00361091 0.00549917
0.00549917  0.0124209
 0.0167906 0.00699451
0.00699451  0.0039706
0.0181585 0.0141997
0.0141997 0.0128432
0.00974844  0.0104871
 0.0104871   0.013693
  0.0067364 0.000763728
0.000763728 0.000713043
 0.0064996 0.00815978
0.00815978  0.0132209
0.0106838 0.0123507
0.0123507 0.0169256
 0.000647088 -0.000223906
-0.000223906   0.00102388
 0.0130885 0.00994371
0.00994371 0.00920925
  0.00228474 -0.000350972
-0.000350972  0.000637969
0.0094639 0.0114862
0.0114862 0.0167399
0.0120821 0.0111787
0.0111787 0.0124047
  0.00451618 -0.000581775
-0.000581775  0.000700216
   0.017903  0.00158357
 0.00158357 0.000943345
  0.0129964 0.000233474
0.000233474 0.000743457
 0.0126075  0.0035185
 0.0035185 0.00185631
0.00102915 -0.0010432
-0.0010432  0.0180563
0.00499324 0.00710837
0.00710837  0.0136079
 0.000752455 -0.000571578
-0.000571578   0.00254717
 0.00701655 0.000608716
0.000608716 0.000681735
0.0147524  0.015107
 0.015107 0.0178254
 0.00679477 0.000674164
0.000674164 0.000692973
