1.18803e-05 3.26771e-06
3.26771e-06 1.41269e-05
1.16703e-05 2.73623e-06
2.73623e-06 1.50467e-05
1.12849e-05 2.09957e-06
2.09957e-06 1.51328e-05
 1.1233e-05 1.42224e-06
1.42224e-06 1.56044e-05
1.13569e-05 1.01047e-06
1.01047e-06 1.60095e-05
1.17492e-05 8.98573e-07
8.98573e-07 1.66033e-05
1.19801e-05 1.33302e-06
1.33302e-06 1.67778e-05
1.20534e-05 1.83651e-06
1.83651e-06 1.81079e-05
1.20693e-05 2.14443e-06
2.14443e-06 1.91641e-05
1.20526e-05 1.96248e-06
1.96248e-06 2.08736e-05
1.22771e-05 9.79595e-07
9.79595e-07 2.06315e-05
 1.2903e-05 3.29417e-07
3.29417e-07 1.97295e-05
 1.39146e-05 -4.76452e-07
-4.76452e-07  1.80923e-05
 1.50384e-05 -1.03388e-06
-1.03388e-06  1.85304e-05
1.56972e-05 -1.0471e-06
-1.0471e-06 1.84602e-05
 1.60678e-05 -1.34209e-06
-1.34209e-06  1.89072e-05
 1.71373e-05 -1.56871e-06
-1.56871e-06  1.96981e-05
 1.67766e-05 -1.02492e-06
-1.02492e-06  1.93929e-05
 1.67042e-05 -1.59839e-07
-1.59839e-07  1.96439e-05
1.69309e-05 5.83376e-07
5.83376e-07  1.8886e-05
1.72505e-05 6.87022e-07
6.87022e-07 1.85137e-05
 1.7605e-05 5.62688e-07
5.62688e-07 1.81782e-05
 1.74674e-05 -1.51068e-07
-1.51068e-07  1.78585e-05
1.72976e-05 -7.9846e-07
-7.9846e-07 1.76342e-05
 1.70564e-05 -1.76202e-06
-1.76202e-06  1.85019e-05
 1.63556e-05 -2.11862e-06
-2.11862e-06  1.86578e-05
  1.5704e-05 -2.77482e-06
-2.77482e-06  1.95609e-05
  1.4947e-05 -3.19428e-06
-3.19428e-06  2.06077e-05
 1.40829e-05 -3.00919e-06
-3.00919e-06   2.1756e-05
 1.35527e-05 -3.09046e-06
-3.09046e-06  2.29188e-05
 1.32293e-05 -2.85734e-06
-2.85734e-06  2.22465e-05
 1.32626e-05 -2.70909e-06
-2.70909e-06   1.9919e-05
 1.34583e-05 -2.44543e-06
-2.44543e-06  1.79812e-05
 1.34994e-05 -1.71541e-06
-1.71541e-06  1.68208e-05
 1.32829e-05 -1.08184e-06
-1.08184e-06   1.5586e-05
 1.27864e-05 -4.54685e-07
-4.54685e-07  1.51164e-05
 1.20635e-05 -2.81874e-08
-2.81874e-08  1.52453e-05
1.13014e-05 6.97571e-08
6.97571e-08 1.58434e-05
  1.0786e-05 -5.81748e-08
-5.81748e-08  1.76747e-05
 1.05576e-05 -4.45837e-07
-4.45837e-07  1.77993e-05
 1.06396e-05 -6.27325e-07
-6.27325e-07  1.74282e-05
 1.08979e-05 -5.52743e-07
-5.52743e-07  1.69703e-05
 1.12387e-05 -2.77757e-07
-2.77757e-07  1.70907e-05
1.13872e-05 1.75013e-07
1.75013e-07 1.68622e-05
 1.1502e-05 8.17787e-07
8.17787e-07  1.7553e-05
1.17044e-05 1.90618e-06
1.90618e-06  1.9616e-05
1.23767e-05  3.5167e-06
 3.5167e-06 2.23964e-05
1.35279e-05 5.23546e-06
5.23546e-06 2.54806e-05
1.48572e-05 6.49493e-06
6.49493e-06 2.81625e-05
1.53745e-05 5.27836e-06
5.27836e-06 2.53976e-05
1.58376e-05 3.58963e-06
3.58963e-06 2.31857e-05
 1.6697e-05 2.24262e-06
2.24262e-06 2.32955e-05
1.80994e-05 6.40309e-07
6.40309e-07 2.36579e-05
 2.00501e-05 -9.41178e-07
-9.41178e-07  2.39072e-05
 2.21357e-05 -1.69234e-06
-1.69234e-06  1.88144e-05
 2.46285e-05 -2.22262e-06
-2.22262e-06  1.79728e-05
 2.65275e-05 -2.47875e-06
-2.47875e-06  1.78896e-05
 2.77922e-05 -2.81301e-06
-2.81301e-06  1.83234e-05
 2.73845e-05 -2.62689e-06
-2.62689e-06  1.88236e-05
 2.54901e-05 -1.99454e-06
-1.99454e-06   1.8723e-05
  2.3579e-05 -1.75392e-06
-1.75392e-06  2.01291e-05
 2.19168e-05 -2.27829e-06
-2.27829e-06  2.14281e-05
 2.06608e-05 -2.29944e-06
-2.29944e-06  2.18164e-05
  1.9807e-05 -2.09225e-06
-2.09225e-06  2.16879e-05
1.89979e-05 -1.2229e-06
-1.2229e-06  2.0568e-05
 1.84219e-05 -3.35214e-07
-3.35214e-07   2.1004e-05
1.80211e-05 1.34012e-06
1.34012e-06 2.28472e-05
 1.7873e-05 3.73288e-06
3.73288e-06 2.39693e-05
 1.8284e-05 6.40338e-06
6.40338e-06 2.66445e-05
1.84907e-05   8.216e-06
  8.216e-06 2.92724e-05
1.80269e-05 8.76631e-06
8.76631e-06 2.88296e-05
1.71328e-05 9.15666e-06
9.15666e-06 3.18325e-05
1.53834e-05 6.83809e-06
6.83809e-06 2.91529e-05
1.42459e-05 4.46589e-06
4.46589e-06 2.58479e-05
1.39483e-05 3.00203e-06
3.00203e-06 2.33076e-05
1.39234e-05 2.21033e-06
2.21033e-06 2.15575e-05
1.38152e-05 1.62511e-06
1.62511e-06 2.09833e-05
1.38345e-05 9.77367e-07
9.77367e-07 2.14037e-05
 1.40666e-05 -1.09842e-07
-1.09842e-07  2.02205e-05
 1.50766e-05 -1.11869e-07
-1.11869e-07  1.94272e-05
 1.57403e-05 -2.04389e-07
-2.04389e-07  1.79173e-05
1.70218e-05 5.59527e-07
5.59527e-07 1.79799e-05
1.77222e-05  5.2536e-07
 5.2536e-07 1.77667e-05
1.75792e-05 4.96499e-07
4.96499e-07 1.64975e-05
1.77647e-05 9.34823e-07
9.34823e-07 1.60574e-05
 1.7488e-05 1.27798e-06
1.27798e-06 1.65442e-05
1.69775e-05 1.15297e-06
1.15297e-06  1.7738e-05
1.60998e-05 5.37632e-07
5.37632e-07  1.8811e-05
1.52338e-05 -4.8396e-08
-4.8396e-08 1.98566e-05
 1.48088e-05 -8.41969e-07
-8.41969e-07  2.06212e-05
 1.48536e-05 -2.44465e-06
-2.44465e-06  2.11209e-05
 1.49056e-05 -2.76354e-06
-2.76354e-06  2.02577e-05
 1.49687e-05 -2.53761e-06
-2.53761e-06  1.99029e-05
 1.47375e-05 -2.56888e-06
-2.56888e-06  2.09399e-05
 1.46887e-05 -2.06157e-06
-2.06157e-06  2.07111e-05
 1.47022e-05 -1.51474e-06
-1.51474e-06   2.0614e-05
 1.47921e-05 -9.21369e-07
-9.21369e-07  2.11926e-05
  1.4908e-05 -4.07862e-07
-4.07862e-07   2.2017e-05
 1.50919e-05 -2.80008e-07
-2.80008e-07  2.29597e-05
1.51187e-05 -1.9854e-07
-1.9854e-07 2.33201e-05
2.37299e-05 4.94313e-07
4.94313e-07 1.51541e-05
2.48863e-05 2.41799e-07
2.41799e-07 1.56538e-05
  2.5872e-05 -3.93568e-07
-3.93568e-07  1.61048e-05
 2.53341e-05 -1.21059e-06
-1.21059e-06  1.65532e-05
 2.41798e-05 -2.01168e-06
-2.01168e-06  1.66241e-05
 2.19968e-05 -2.79207e-06
-2.79207e-06  1.74842e-05
 1.94915e-05 -3.23947e-06
-3.23947e-06  1.88383e-05
 1.70775e-05 -3.07067e-06
-3.07067e-06   2.0045e-05
 1.53129e-05 -2.21119e-06
-2.21119e-06  2.16979e-05
 1.45346e-05 -9.70525e-07
-9.70525e-07   2.1259e-05
 1.46392e-05 -4.24503e-07
-4.24503e-07  2.09329e-05
 1.51293e-05 -5.82209e-07
-5.82209e-07  2.18897e-05
 1.55121e-05 -1.33512e-06
-1.33512e-06  2.41006e-05
 1.56484e-05 -1.41082e-06
-1.41082e-06  2.62048e-05
  1.5892e-05 -7.91873e-07
-7.91873e-07  2.83973e-05
1.64186e-05 5.39889e-07
5.39889e-07 2.66128e-05
1.78493e-05 1.55121e-06
1.55121e-06 2.49428e-05
2.03858e-05 2.83282e-06
2.83282e-06 2.37449e-05
2.29722e-05 3.43566e-06
3.43566e-06  2.2242e-05
2.50678e-05  3.9012e-06
 3.9012e-06 2.15141e-05
2.55948e-05 4.08078e-06
4.08078e-06 2.15432e-05
2.41699e-05 3.61111e-06
3.61111e-06 2.23017e-05
2.17883e-05 1.91947e-06
1.91947e-06  2.2374e-05
 2.05214e-05 -4.41705e-07
-4.41705e-07  2.46626e-05
 2.12083e-05 -4.19713e-06
-4.19713e-06    2.712e-05
2.39168e-05  -8.353e-06
 -8.353e-06 3.04433e-05
 2.61169e-05 -1.11758e-05
-1.11758e-05  3.40831e-05
 2.37368e-05 -7.65259e-06
-7.65259e-06  3.11907e-05
 2.18681e-05 -4.26382e-06
-4.26382e-06  3.21192e-05
2.19811e-05 3.02719e-07
3.02719e-07 3.46152e-05
2.40787e-05 4.09462e-06
4.09462e-06 3.50783e-05
2.71569e-05 7.00723e-06
7.00723e-06 3.22758e-05
3.03811e-05 7.95804e-06
7.95804e-06 3.21379e-05
3.30005e-05 7.87278e-06
7.87278e-06 2.74268e-05
3.63483e-05 7.96457e-06
7.96457e-06 2.97263e-05
3.81539e-05 6.06709e-06
6.06709e-06 2.81892e-05
  3.908e-05 3.99808e-06
3.99808e-06 2.71317e-05
3.83796e-05 2.06441e-06
2.06441e-06 2.67443e-05
3.53948e-05 3.01297e-07
3.01297e-07 2.62189e-05
 3.14119e-05 -2.23016e-08
-2.23016e-08  2.66311e-05
2.79159e-05 1.41064e-06
1.41064e-06 2.86297e-05
2.64112e-05 4.52609e-06
4.52609e-06 3.14181e-05
2.78649e-05 8.89491e-06
8.89491e-06 3.63402e-05
3.12593e-05 1.34331e-05
1.34331e-05 3.99426e-05
3.31538e-05 1.36443e-05
1.36443e-05 3.71149e-05
3.28078e-05 1.13149e-05
1.13149e-05 3.34646e-05
 3.1299e-05 8.33621e-06
8.33621e-06 3.06444e-05
2.92658e-05  5.2213e-06
 5.2213e-06 2.79104e-05
2.70945e-05 1.83809e-06
1.83809e-06 2.83039e-05
 2.47416e-05 -5.71559e-07
-5.71559e-07  2.76761e-05
 2.38258e-05 -3.85382e-06
-3.85382e-06  3.15579e-05
 2.31402e-05 -6.52207e-06
-6.52207e-06  3.33678e-05
 2.43532e-05 -1.15671e-05
-1.15671e-05  4.07049e-05
 2.65232e-05 -1.56371e-05
-1.56371e-05  4.19119e-05
 2.89769e-05 -1.80232e-05
-1.80232e-05  4.12427e-05
 2.92236e-05 -1.69145e-05
-1.69145e-05  3.70907e-05
 2.72826e-05 -1.32699e-05
-1.32699e-05  3.10081e-05
 2.50922e-05 -9.64617e-06
-9.64617e-06  2.63498e-05
 2.35525e-05 -6.86685e-06
-6.86685e-06  2.30774e-05
 2.25655e-05 -5.02353e-06
-5.02353e-06  2.10214e-05
 2.12816e-05 -3.44571e-06
-3.44571e-06  1.91891e-05
 1.9746e-05    -2.1e-06
   -2.1e-06 1.96208e-05
 1.83093e-05 -4.70943e-07
-4.70943e-07  1.94475e-05
1.74996e-05 1.03448e-06
1.03448e-06  1.9441e-05
1.67292e-05 1.67947e-06
1.67947e-06 1.96233e-05
1.57048e-05 1.65693e-06
1.65693e-06 2.12695e-05
1.44098e-05 9.50567e-07
9.50567e-07 2.14195e-05
1.42264e-05  3.9106e-07
 3.9106e-07 2.27481e-05
1.48253e-05 1.33859e-07
1.33859e-07   2.157e-05
 1.5981e-05 5.64962e-07
5.64962e-07 1.93048e-05
1.73682e-05 8.55522e-07
8.55522e-07 1.78475e-05
1.87346e-05 1.11693e-06
1.11693e-06 1.75012e-05
1.98952e-05 9.74292e-07
9.74292e-07 1.79993e-05
2.06071e-05 4.94551e-07
4.94551e-07 1.80525e-05
 2.1118e-05 2.69742e-07
2.69742e-07 1.81148e-05
 2.1291e-05 3.68903e-07
3.68903e-07 1.80999e-05
2.10393e-05  9.4376e-07
 9.4376e-07 1.81528e-05
2.04967e-05 2.00466e-06
2.00466e-06 1.84625e-05
2.02848e-05 3.89523e-06
3.89523e-06 1.98356e-05
2.10934e-05 6.54978e-06
6.54978e-06 2.13448e-05
2.36047e-05 1.03609e-05
1.03609e-05 2.40129e-05
2.73377e-05  1.4948e-05
 1.4948e-05 2.73715e-05
3.01951e-05 1.94911e-05
1.94911e-05 3.30392e-05
2.44036e-05 1.53819e-05
1.53819e-05 3.07868e-05
1.93317e-05 1.13848e-05
1.13848e-05 2.95919e-05
1.54861e-05 6.84954e-06
6.84954e-06 2.78893e-05
 1.3043e-05 2.28828e-06
2.28828e-06  2.4171e-05
 1.25797e-05 -4.41541e-07
-4.41541e-07  2.46345e-05
 1.28805e-05 -2.14875e-06
-2.14875e-06  2.28144e-05
 1.36295e-05 -3.72172e-06
-3.72172e-06  2.29226e-05
1.48811e-05 -4.8429e-06
-4.8429e-06 2.15438e-05
 1.66903e-05 -5.89853e-06
-5.89853e-06  2.11401e-05
 1.86718e-05 -6.21169e-06
-6.21169e-06  1.96346e-05
 2.04748e-05 -5.76181e-06
-5.76181e-06  1.83571e-05
 2.19719e-05 -4.80043e-06
-4.80043e-06  1.71265e-05
 2.31897e-05 -3.78589e-06
-3.78589e-06  1.63072e-05
 2.40731e-05 -2.95638e-06
-2.95638e-06  1.58086e-05
 2.47684e-05 -2.68715e-06
-2.68715e-06  1.58663e-05
 2.49949e-05 -2.50726e-06
-2.50726e-06  1.54605e-05
  2.5165e-05 -2.71936e-06
-2.71936e-06  1.53541e-05
1.45442e-05 2.79507e-06
2.79507e-06 2.50629e-05
1.42311e-05 1.45332e-06
1.45332e-06 2.42605e-05
1.42965e-05   4.391e-07
  4.391e-07 2.25473e-05
 1.44799e-05 -1.71186e-07
-1.71186e-07  2.17638e-05
 1.44762e-05 -5.31655e-07
-5.31655e-07  2.16225e-05
 1.41704e-05 -7.84027e-07
-7.84027e-07  2.14488e-05
 1.38004e-05 -1.42482e-06
-1.42482e-06  2.26667e-05
 1.36155e-05 -2.47528e-06
-2.47528e-06  2.45164e-05
 1.36987e-05 -3.44862e-06
-3.44862e-06   2.4175e-05
 1.48868e-05 -5.57613e-06
-5.57613e-06  2.67795e-05
 1.58802e-05 -6.88947e-06
-6.88947e-06  2.70888e-05
 1.61537e-05 -6.74438e-06
-6.74438e-06  2.67058e-05
1.64928e-05 -6.4631e-06
-6.4631e-06 2.68953e-05
 1.64412e-05 -5.22476e-06
-5.22476e-06  2.66098e-05
 1.61263e-05 -3.12665e-06
-3.12665e-06  2.52227e-05
  1.6229e-05 -1.14061e-06
-1.14061e-06  2.45982e-05
1.66526e-05 5.32239e-07
5.32239e-07 2.19489e-05
1.74959e-05 1.99338e-06
1.99338e-06 2.24932e-05
1.81907e-05 2.65682e-06
2.65682e-06 2.24353e-05
1.87524e-05 2.86079e-06
2.86079e-06 2.29257e-05
1.89697e-05 2.46511e-06
2.46511e-06 2.23892e-05
1.87959e-05 9.70424e-07
9.70424e-07 2.09797e-05
  1.8732e-05 -3.72911e-07
-3.72911e-07  1.99152e-05
 1.87597e-05 -1.07282e-06
-1.07282e-06  2.03539e-05
 1.84094e-05 -1.54563e-06
-1.54563e-06  2.03837e-05
 1.77615e-05 -1.39388e-06
-1.39388e-06  2.05287e-05
 1.70369e-05 -5.92481e-07
-5.92481e-07  2.06732e-05
1.65056e-05  7.8979e-07
 7.8979e-07 2.00618e-05
1.66742e-05 2.53606e-06
2.53606e-06  2.2776e-05
1.65144e-05 3.17366e-06
3.17366e-06   2.246e-05
 1.5758e-05 2.75696e-06
2.75696e-06  2.0791e-05
1.49187e-05 1.74611e-06
1.74611e-06 2.06505e-05
1.42577e-05 4.06992e-07
4.06992e-07 2.02215e-05
 1.40239e-05 -8.37057e-07
-8.37057e-07  2.15372e-05
  1.4144e-05 -2.07378e-06
-2.07378e-06  2.37262e-05
 1.42764e-05 -2.25572e-06
-2.25572e-06  2.32179e-05
 1.46697e-05 -2.11281e-06
-2.11281e-06  2.21739e-05
 1.53161e-05 -1.74197e-06
-1.74197e-06  2.09328e-05
1.59716e-05 -8.8748e-07
-8.8748e-07 1.86932e-05
1.67862e-05 -1.3175e-07
-1.3175e-07 1.85726e-05
1.75396e-05 7.58209e-07
7.58209e-07 1.87028e-05
1.79584e-05 1.41302e-06
1.41302e-06 1.85919e-05
1.80389e-05  1.9402e-06
 1.9402e-06 1.87308e-05
1.79068e-05  2.5468e-06
 2.5468e-06 1.96479e-05
1.73144e-05 2.60423e-06
2.60423e-06 1.99964e-05
1.66235e-05 2.32951e-06
2.32951e-06 2.02944e-05
1.58821e-05 1.98675e-06
1.98675e-06 2.04292e-05
1.52355e-05 1.45402e-06
1.45402e-06 2.12009e-05
1.46261e-05 1.16707e-06
1.16707e-06 2.15232e-05
1.41247e-05 1.37051e-06
1.37051e-06 2.25102e-05
1.39603e-05  2.5064e-06
 2.5064e-06 2.46563e-05
1.46645e-05 5.00872e-06
5.00872e-06 2.91894e-05
1.60777e-05 7.20116e-06
7.20116e-06 3.08432e-05
1.75873e-05 8.58524e-06
8.58524e-06 3.31676e-05
1.85575e-05 7.91534e-06
7.91534e-06 3.25576e-05
2.04775e-05 6.94758e-06
6.94758e-06 3.19842e-05
2.22759e-05 6.44758e-06
6.44758e-06  3.2974e-05
 2.2552e-05 2.63324e-06
2.63324e-06 2.85621e-05
2.55276e-05 7.95173e-07
7.95173e-07  2.9511e-05
 2.89845e-05 -6.74618e-07
-6.74618e-07  2.99001e-05
  3.3315e-05 -1.24878e-06
-1.24878e-06  3.02418e-05
   3.747e-05 -8.71626e-07
-8.71626e-07  3.11159e-05
 4.05327e-05 -1.13127e-07
-1.13127e-07  3.27708e-05
 4.08416e-05 -2.38689e-06
-2.38689e-06   2.9487e-05
4.23095e-05 -5.9078e-06
-5.9078e-06 2.89747e-05
   4.198e-05 -7.38946e-06
-7.38946e-06   2.7937e-05
 4.40271e-05 -9.42971e-06
-9.42971e-06  3.00573e-05
 4.1402e-05 -1.0495e-05
-1.0495e-05 3.09861e-05
  3.9416e-05 -1.12586e-05
-1.12586e-05  3.42572e-05
 3.77727e-05 -1.33024e-05
-1.33024e-05    3.622e-05
 3.86278e-05 -1.69466e-05
-1.69466e-05  4.05559e-05
 4.46974e-05 -2.64373e-05
-2.64373e-05  5.26529e-05
 5.17612e-05 -3.38073e-05
-3.38073e-05  5.85173e-05
  6.0771e-05 -4.26521e-05
-4.26521e-05  6.81757e-05
 6.66739e-05 -4.54683e-05
-4.54683e-05   7.0305e-05
 4.85968e-05 -2.51822e-05
-2.51822e-05  4.76357e-05
 4.24431e-05 -1.85806e-05
-1.85806e-05  4.04506e-05
 3.97269e-05 -1.64133e-05
-1.64133e-05  4.27184e-05
 3.59307e-05 -1.43283e-05
-1.43283e-05  4.16009e-05
   3.128e-05 -1.21857e-05
-1.21857e-05  4.22173e-05
2.63565e-05 -9.0407e-06
-9.0407e-06  4.3583e-05
 2.24288e-05 -4.78058e-06
-4.78058e-06  4.60682e-05
2.05059e-05 5.53131e-07
5.53131e-07 4.85023e-05
2.25952e-05  1.0076e-05
 1.0076e-05 5.96692e-05
2.53639e-05 1.60119e-05
1.60119e-05  6.1591e-05
2.84495e-05 2.05606e-05
2.05606e-05 5.63934e-05
 3.1031e-05 2.19402e-05
2.19402e-05  5.1786e-05
3.17783e-05 2.05799e-05
2.05799e-05 4.57794e-05
2.97171e-05 1.64504e-05
1.64504e-05 3.88593e-05
2.73175e-05 1.24457e-05
1.24457e-05 3.33217e-05
2.71707e-05 1.17576e-05
1.17576e-05 3.38776e-05
2.53422e-05 8.30779e-06
8.30779e-06 3.06324e-05
2.40137e-05 4.96094e-06
4.96094e-06 2.73583e-05
2.37858e-05 2.64451e-06
2.64451e-06 2.66183e-05
 2.4183e-05 5.08326e-07
5.08326e-07 2.49069e-05
 2.51069e-05 -1.31528e-06
-1.31528e-06  2.34658e-05
  2.6352e-05 -2.90854e-06
-2.90854e-06   2.2212e-05
 2.76898e-05 -4.34924e-06
-4.34924e-06  2.11047e-05
 2.89021e-05 -5.70341e-06
-5.70341e-06  2.01284e-05
   3.079e-05 -7.72988e-06
-7.72988e-06  2.00554e-05
1.91818e-05 8.79324e-06
8.79324e-06 3.10045e-05
1.58862e-05 4.44712e-06
4.44712e-06 2.75864e-05
1.47976e-05 1.73895e-06
1.73895e-06 2.52709e-05
 1.43405e-05 -3.91016e-08
-3.91016e-08  2.31592e-05
 1.45776e-05 -1.13729e-06
-1.13729e-06  2.20229e-05
 1.49973e-05 -1.88894e-06
-1.88894e-06  2.11729e-05
 1.52713e-05 -1.96924e-06
-1.96924e-06  1.95175e-05
 1.54348e-05 -2.14791e-06
-2.14791e-06  1.86683e-05
 1.53902e-05 -2.25702e-06
-2.25702e-06  1.84985e-05
  1.5582e-05 -3.24478e-06
-3.24478e-06  2.01661e-05
 1.56945e-05 -4.14257e-06
-4.14257e-06  2.14333e-05
 1.70698e-05 -5.85255e-06
-5.85255e-06  2.34369e-05
 1.80314e-05 -6.59663e-06
-6.59663e-06  2.32281e-05
 1.82729e-05 -6.82461e-06
-6.82461e-06  2.31442e-05
1.73232e-05 -5.6918e-06
-5.6918e-06 2.17159e-05
 1.64685e-05 -4.75952e-06
-4.75952e-06  2.06682e-05
 1.55567e-05 -4.09262e-06
-4.09262e-06  1.98764e-05
 1.48558e-05 -3.84263e-06
-3.84263e-06  2.05725e-05
 1.3747e-05 -2.8533e-06
-2.8533e-06 2.09322e-05
 1.30209e-05 -1.76699e-06
-1.76699e-06  2.13406e-05
 1.26584e-05 -6.33357e-07
-6.33357e-07  2.06244e-05
1.25088e-05 1.65338e-07
1.65338e-07 2.04997e-05
1.25957e-05 1.11118e-06
1.11118e-06 2.24406e-05
1.31827e-05 2.48165e-06
2.48165e-06 2.43074e-05
1.42975e-05 3.64458e-06
3.64458e-06 2.51877e-05
1.55718e-05 3.89576e-06
3.89576e-06 2.45046e-05
1.69048e-05 3.58176e-06
3.58176e-06  2.2321e-05
1.83147e-05 3.28651e-06
3.28651e-06 2.09182e-05
1.97643e-05 2.96623e-06
2.96623e-06 2.08172e-05
2.11826e-05 2.75508e-06
2.75508e-06 2.13006e-05
2.20938e-05 1.94361e-06
1.94361e-06 2.01963e-05
2.28798e-05 1.68698e-06
1.68698e-06 2.04861e-05
 2.3371e-05 1.76985e-06
1.76985e-06 2.13353e-05
 2.3456e-05 1.68909e-06
1.68909e-06 2.24574e-05
2.25969e-05 1.40713e-06
1.40713e-06  2.2126e-05
2.16964e-05 1.73101e-06
1.73101e-06 2.32357e-05
2.06936e-05 2.12723e-06
2.12723e-06  2.4796e-05
1.99578e-05 2.82693e-06
2.82693e-06 2.75055e-05
1.96331e-05 3.13277e-06
3.13277e-06 3.00743e-05
1.94649e-05 2.58601e-06
2.58601e-06 2.78019e-05
 1.9789e-05 2.55169e-06
2.55169e-06 2.69727e-05
 2.0134e-05 1.91817e-06
1.91817e-06  2.4591e-05
2.03752e-05 1.14392e-06
1.14392e-06 2.36988e-05
 2.04237e-05 -9.70067e-07
-9.70067e-07  2.34728e-05
2.07563e-05 -2.9088e-06
-2.9088e-06 2.46418e-05
 2.20449e-05 -6.01322e-06
-6.01322e-06  2.69681e-05
 2.29228e-05 -7.73029e-06
-7.73029e-06  2.74066e-05
 2.29064e-05 -8.03315e-06
-8.03315e-06  2.71908e-05
2.15085e-05 -6.1005e-06
-6.1005e-06 2.48441e-05
  2.0306e-05 -3.70651e-06
-3.70651e-06  2.39575e-05
 1.99195e-05 -1.49165e-06
-1.49165e-06  2.14968e-05
2.05433e-05  3.1543e-08
 3.1543e-08  2.0377e-05
2.12892e-05 9.74795e-07
9.74795e-07 1.90292e-05
2.12295e-05  9.5504e-07
 9.5504e-07 1.77711e-05
2.00317e-05 5.76626e-07
5.76626e-07 1.68151e-05
 1.8116e-05 1.63653e-07
1.63653e-07 1.65578e-05
 1.59726e-05 -5.74181e-08
-5.74181e-08  1.70524e-05
1.41268e-05 4.02573e-07
4.02573e-07  1.8859e-05
1.29656e-05 1.27013e-06
1.27013e-06 2.29121e-05
1.23941e-05 1.77829e-06
1.77829e-06  2.2317e-05
1.21893e-05 1.43513e-06
1.43513e-06  2.0432e-05
1.23828e-05 8.66837e-07
8.66837e-07 1.82466e-05
1.30298e-05 6.78778e-07
6.78778e-07  1.6432e-05
1.39767e-05 9.80114e-07
9.80114e-07 1.56541e-05
1.45966e-05 1.10477e-06
1.10477e-06 1.49407e-05
1.48455e-05 1.42082e-06
1.42082e-06 1.43644e-05
 1.4499e-05 1.61634e-06
1.61634e-06 1.44792e-05
1.36695e-05 1.66862e-06
1.66862e-06 1.47282e-05
 1.2671e-05 1.55485e-06
1.55485e-06 1.53407e-05
1.18015e-05 1.13839e-06
1.13839e-06 1.63473e-05
1.12473e-05 5.51076e-07
5.51076e-07 1.67014e-05
1.09428e-05 3.88328e-07
3.88328e-07 1.58935e-05
1.07508e-05 4.05466e-07
4.05466e-07 1.51225e-05
1.06037e-05 3.28808e-07
3.28808e-07  1.4163e-05
 1.0724e-05 2.91347e-07
2.91347e-07  1.3633e-05
 1.09759e-05 -4.34367e-08
-4.34367e-08  1.28769e-05
 1.14502e-05 -5.89344e-07
-5.89344e-07  1.23455e-05
 1.20598e-05 -1.00315e-06
-1.00315e-06  1.17077e-05
1.25918e-05  -1.404e-06
 -1.404e-06  1.1869e-05
 1.24297e-05 -1.25992e-06
-1.25992e-06  1.16189e-05
 1.17527e-05 -9.72991e-07
-9.72991e-07    1.188e-05
  1.0934e-05 -6.12087e-07
-6.12087e-07   1.2545e-05
1.01549e-05 4.53986e-08
4.53986e-08 1.29223e-05
9.70605e-06 6.85929e-07
6.85929e-07 1.30537e-05
9.53682e-06 1.15544e-06
1.15544e-06  1.2879e-05
 9.4427e-06 1.37222e-06
1.37222e-06 1.25262e-05
9.02304e-06 1.11853e-06
1.11853e-06 1.26006e-05
8.61628e-06 8.33581e-07
8.33581e-07 1.25968e-05
8.13239e-06 2.05456e-07
2.05456e-07 1.28739e-05
7.95333e-06 -5.2653e-07
-5.2653e-07 1.34251e-05
 8.16289e-06 -1.33224e-06
-1.33224e-06  1.41355e-05
 8.46468e-06 -1.66445e-06
-1.66445e-06  1.37251e-05
8.91141e-06 -1.5344e-06
-1.5344e-06 1.35887e-05
  9.3023e-06 -1.17346e-06
-1.17346e-06  1.29807e-05
 9.85956e-06 -8.58817e-07
-8.58817e-07  1.27751e-05
 1.05504e-05 -9.07629e-07
-9.07629e-07  1.29311e-05
1.12599e-05 -1.4551e-06
-1.4551e-06 1.26238e-05
 1.22901e-05 -2.00253e-06
-2.00253e-06  1.25003e-05
 1.33468e-05 -2.54771e-06
-2.54771e-06  1.23941e-05
 1.41817e-05 -3.03635e-06
-3.03635e-06  1.23106e-05
