      0.0004 -2.66905e-14
-2.66905e-14       0.0004
0.000418399 8.24847e-06
8.24847e-06 0.000442753
0.000419425 6.59768e-06
6.59768e-06 0.000444241
0.000421051 5.60772e-06
5.60772e-06 0.000448061
0.000423274 5.09462e-06
5.09462e-06 0.000454754
0.000425587 4.70973e-06
4.70973e-06 0.000463664
0.000427807 4.59389e-06
4.59389e-06 0.000473983
0.000429704 4.44732e-06
4.44732e-06  0.00048696
0.000431326  4.2483e-06
 4.2483e-06 0.000502627
0.000432979 3.20553e-06
3.20553e-06 0.000522496
  0.0004346 2.13735e-06
2.13735e-06   0.0005441
0.000437402 5.54599e-07
5.54599e-07 0.000568587
 0.000440199 -6.10934e-07
-6.10934e-07  0.000592731
 0.000441907 -9.43361e-07
-9.43361e-07   0.00061886
0.000442567 2.42751e-08
2.42751e-08 0.000645831
0.000443415 7.81426e-07
7.81426e-07 0.000675385
0.000444309 1.27405e-06
1.27405e-06 0.000707706
0.000445403 1.46895e-06
1.46895e-06 0.000743446
0.000446165 2.31916e-06
2.31916e-06 0.000781464
0.000447406 3.33693e-06
3.33693e-06 0.000821782
0.000449298  4.3188e-06
 4.3188e-06 0.000863357
0.000451411 4.83702e-06
4.83702e-06 0.000908056
0.000453809 5.58126e-06
5.58126e-06 0.000956742
 0.00045676 6.69825e-06
6.69825e-06  0.00100788
0.000460345 7.58319e-06
7.58319e-06  0.00106012
0.000464109 7.51823e-06
7.51823e-06  0.00111343
0.000468035 6.75331e-06
6.75331e-06  0.00116787
0.000472149 5.95045e-06
5.95045e-06  0.00122548
 0.00047633 5.19246e-06
5.19246e-06  0.00128661
0.000480631 4.47074e-06
4.47074e-06  0.00135046
0.000484527 3.35222e-06
3.35222e-06  0.00141571
0.000488168 2.60213e-06
2.60213e-06  0.00148459
0.000491645 2.16456e-06
2.16456e-06  0.00155628
0.000494714 1.80916e-06
1.80916e-06  0.00163044
0.000496989 1.39229e-06
1.39229e-06  0.00170638
0.000498993 1.36594e-06
1.36594e-06  0.00178604
0.000500923 1.41167e-06
1.41167e-06  0.00186873
0.000503273 1.69353e-06
1.69353e-06  0.00195489
0.000506171 1.71419e-06
1.71419e-06   0.0020435
0.000509441 6.58776e-07
6.58776e-07  0.00212959
 0.00051314 1.36493e-07
1.36493e-07  0.00221963
 0.000516937 -1.29675e-06
-1.29675e-06   0.00231052
 0.000520846 -3.07297e-06
-3.07297e-06   0.00240527
  0.00052464 -5.86566e-06
-5.86566e-06   0.00250277
  0.00052875 -8.84301e-06
-8.84301e-06   0.00260442
 0.000533856 -1.29582e-05
-1.29582e-05   0.00270995
0.000538548 -1.5936e-05
-1.5936e-05  0.00281646
 0.000542059 -1.74376e-05
-1.74376e-05   0.00292498
 0.000543983 -1.66909e-05
-1.66909e-05   0.00303392
 0.000545881 -1.51704e-05
-1.51704e-05   0.00314668
 0.000548776 -1.37092e-05
-1.37092e-05   0.00326048
 0.000552997 -1.30157e-05
-1.30157e-05   0.00337826
 0.000557381 -1.30635e-05
-1.30635e-05    0.0034983
 0.000561001 -1.40935e-05
-1.40935e-05   0.00362094
 0.000563328 -1.56019e-05
-1.56019e-05   0.00374638
 0.000564557 -1.71897e-05
-1.71897e-05   0.00387515
 0.000565316 -1.86196e-05
-1.86196e-05   0.00400725
 0.000566446 -1.95658e-05
-1.95658e-05   0.00414309
 0.000568337 -1.99957e-05
-1.99957e-05    0.0042841
 0.000570778 -2.09484e-05
-2.09484e-05   0.00442302
 0.000573631 -2.26794e-05
-2.26794e-05   0.00456352
 0.000576993 -2.45664e-05
-2.45664e-05   0.00470636
  0.00058086 -2.60321e-05
-2.60321e-05    0.0048521
 0.000585033 -2.70951e-05
-2.70951e-05   0.00500166
 0.000589028 -2.83791e-05
-2.83791e-05   0.00515315
 0.000592261 -2.95346e-05
-2.95346e-05   0.00530714
0.000594591 -3.0777e-05
-3.0777e-05  0.00546465
   0.0005963 -3.22166e-05
-3.22166e-05   0.00562468
 0.000597758 -3.37639e-05
-3.37639e-05   0.00578775
 0.00059936 -3.5484e-05
-3.5484e-05  0.00595391
 0.000601219 -3.73697e-05
-3.73697e-05   0.00612198
 0.000603407 -3.89875e-05
-3.89875e-05   0.00629127
0.000605851 -4.0392e-05
-4.0392e-05   0.0064635
 0.000608417 -4.19673e-05
-4.19673e-05    0.0066379
 0.000611129 -4.34335e-05
-4.34335e-05   0.00681584
  0.00061399 -4.52389e-05
-4.52389e-05   0.00699615
 0.000617142 -4.74054e-05
-4.74054e-05   0.00717954
 0.000620329 -4.93364e-05
-4.93364e-05   0.00736523
0.000623279 -5.1472e-05
-5.1472e-05  0.00755479
 0.000625185 -5.30157e-05
-5.30157e-05   0.00774568
 0.000626332 -5.46428e-05
-5.46428e-05   0.00793967
 0.000626967 -5.60875e-05
-5.60875e-05   0.00813668
 0.000627697 -5.73314e-05
-5.73314e-05   0.00833559
  0.00062883 -5.86664e-05
-5.86664e-05   0.00853689
 0.000630311 -6.01761e-05
-6.01761e-05   0.00874072
 0.000631913 -6.19194e-05
-6.19194e-05   0.00894704
 0.000633236 -6.43611e-05
-6.43611e-05   0.00915658
 0.000634485 -6.65242e-05
-6.65242e-05   0.00936819
 0.000635642 -6.90111e-05
-6.90111e-05   0.00958243
 0.000637135 -7.14522e-05
-7.14522e-05   0.00979998
 0.000638967 -7.40622e-05
-7.40622e-05    0.0100213
 0.000641008 -7.64778e-05
-7.64778e-05    0.0102434
  0.00064307 -7.84429e-05
-7.84429e-05    0.0104691
   0.0006452 -8.03079e-05
-8.03079e-05     0.010696
 0.000647475 -8.20868e-05
-8.20868e-05    0.0109259
0.000649976 -8.4268e-05
-8.4268e-05   0.0111593
 0.000652474 -8.69664e-05
-8.69664e-05    0.0113943
 0.000655325 -8.95175e-05
-8.95175e-05    0.0116324
 0.000658212 -9.20228e-05
-9.20228e-05    0.0118733
 0.000660874 -9.43901e-05
-9.43901e-05    0.0121168
  0.0123631 9.65771e-05
9.65771e-05 0.000663136
   0.0123627 -2.64741e-05
-2.64741e-05  0.000661606
   0.0123624 -0.000149074
-0.000149074  0.000662368
   0.0123627 -0.000271978
-0.000271978  0.000666281
   0.0123632 -0.000394602
-0.000394602  0.000672797
   0.0123644 -0.000516937
-0.000516937  0.000682302
   0.0123655 -0.000638096
-0.000638096  0.000693934
   0.0123666 -0.000759524
-0.000759524  0.000709526
   0.0123677 -0.000880328
-0.000880328  0.000727346
  0.0123684 -0.00100201
-0.00100201 0.000748565
  0.0123696 -0.00112349
-0.00112349 0.000770515
  0.0123704 -0.00124492
-0.00124492 0.000793894
  0.0123723 -0.00136648
-0.00136648  0.00081946
  0.0123744 -0.00148904
-0.00148904 0.000849876
  0.0123759 -0.00161056
-0.00161056 0.000882474
  0.0123783 -0.00173204
-0.00173204 0.000918021
   0.012383 -0.00185416
-0.00185416  0.00095712
  0.0123854 -0.00197422
-0.00197422 0.000997136
   0.012388 -0.00209451
-0.00209451  0.00104056
  0.0123911 -0.00221447
-0.00221447  0.00108497
  0.0123942 -0.00233572
-0.00233572   0.0011326
  0.0123963 -0.00245728
-0.00245728  0.00118312
  0.0123979 -0.00257926
-0.00257926  0.00123535
  0.0123986 -0.00270104
-0.00270104  0.00129097
  0.0123998 -0.00282362
-0.00282362  0.00135054
  0.0124003 -0.00294485
-0.00294485  0.00141161
  0.0124019 -0.00306671
-0.00306671  0.00147628
  0.0124036 -0.00318851
-0.00318851    0.001544
  0.0124046 -0.00330971
-0.00330971   0.0016142
  0.0124061 -0.00343162
-0.00343162  0.00168743
  0.0124077 -0.00355296
-0.00355296  0.00176128
    0.01241 -0.00367392
-0.00367392   0.0018358
  0.0124129 -0.00379497
-0.00379497  0.00191349
  0.0124156 -0.00391562
-0.00391562   0.0019945
  0.0124185 -0.00403578
-0.00403578  0.00207724
  0.0124209 -0.00415582
-0.00415582  0.00216314
  0.0124229 -0.00427582
-0.00427582  0.00225189
  0.0124247 -0.00439593
-0.00439593  0.00234345
 0.0124264 -0.0045169
-0.0045169 0.00244024
  0.0124286 -0.00463745
-0.00463745  0.00253651
  0.0124312 -0.00475789
-0.00475789  0.00263503
  0.0124341 -0.00487807
-0.00487807  0.00273605
   0.012437 -0.00499807
-0.00499807  0.00284035
  0.0124395 -0.00511686
-0.00511686  0.00294466
 0.0124421 -0.0052354
-0.0052354 0.00305239
  0.0124452 -0.00535379
-0.00535379  0.00316418
   0.012449 -0.00547159
-0.00547159  0.00327872
  0.0124534 -0.00558933
-0.00558933  0.00339629
  0.0124577 -0.00570757
-0.00570757  0.00351655
  0.0124614 -0.00582742
-0.00582742  0.00363144
  0.0124644 -0.00594788
-0.00594788  0.00375105
  0.0124672 -0.00606803
-0.00606803  0.00387621
 0.0124707 -0.0061885
-0.0061885 0.00400432
  0.0124747 -0.00630877
-0.00630877  0.00413455
  0.0124792 -0.00642762
-0.00642762  0.00425784
  0.0124846 -0.00654718
-0.00654718  0.00439152
  0.0124892 -0.00666656
-0.00666656  0.00452871
 0.0124935 -0.0067865
-0.0067865 0.00466897
  0.0124963 -0.00690612
-0.00690612   0.0048112
  0.0124969 -0.00702468
-0.00702468  0.00495385
  0.0124974 -0.00714404
-0.00714404  0.00510157
 0.0124985 -0.0072643
-0.0072643 0.00525083
  0.0124998 -0.00738378
-0.00738378  0.00540186
  0.0125016 -0.00750337
-0.00750337  0.00555551
  0.0125036 -0.00762248
-0.00762248  0.00571035
  0.0125062 -0.00774224
-0.00774224  0.00587114
  0.0125089 -0.00786129
-0.00786129   0.0060366
  0.0125119 -0.00797918
-0.00797918  0.00620167
  0.0125153 -0.00809669
-0.00809669  0.00637128
  0.0125189 -0.00821466
-0.00821466  0.00654332
  0.0125217 -0.00833394
-0.00833394  0.00671076
  0.0125237 -0.00845273
-0.00845273  0.00688911
  0.0125249 -0.00857431
-0.00857431  0.00706144
  0.0125268 -0.00869587
-0.00869587  0.00723594
  0.0125298 -0.00881662
-0.00881662  0.00741333
   0.012533 -0.00893688
-0.00893688  0.00759246
  0.0125362 -0.00905689
-0.00905689  0.00777454
  0.0125395 -0.00917667
-0.00917667  0.00796043
  0.0125435 -0.00929667
-0.00929667  0.00814564
  0.0125476 -0.00941564
-0.00941564  0.00833559
  0.0125529 -0.00953473
-0.00953473  0.00852582
  0.0125578 -0.00965341
-0.00965341    0.008722
  0.0125626 -0.00977337
-0.00977337  0.00891894
  0.0125661 -0.00989315
-0.00989315  0.00911666
 0.0125691 -0.0100119
-0.0100119  0.0093185
  0.012571 -0.0101303
-0.0101303 0.00952376
 0.0125721  -0.010249
 -0.010249 0.00973243
 0.0125724 -0.0103682
-0.0103682 0.00994368
0.0125727 -0.010487
-0.010487 0.0101571
 0.0125733 -0.0106059
-0.0106059  0.0103729
 0.0125736 -0.0107257
-0.0107257  0.0105915
 0.0125742 -0.0108442
-0.0108442  0.0108108
0.0125746 -0.010962
-0.010962 0.0110332
 0.0125743 -0.0110804
-0.0110804  0.0112605
 0.0125746 -0.0111981
-0.0111981   0.011488
  0.012575 -0.0113158
-0.0113158  0.0117182
 0.0125756 -0.0114335
-0.0114335  0.0119522
 0.0125763 -0.0115512
-0.0115512  0.0121891
 0.0125767 -0.0116687
-0.0116687  0.0124279
 0.0125778 -0.0117871
-0.0117871  0.0126692
0.0129133  0.011906
 0.011906 0.0125792
0.0129126 0.0117845
0.0117845 0.0123417
 0.012912 0.0116623
0.0116623 0.0121067
0.0129094 0.0115401
0.0115401 0.0118743
0.0129061 0.0114182
0.0114182 0.0116433
0.0129019 0.0112961
0.0112961 0.0114162
0.0128976 0.0111743
0.0111743 0.0111921
0.0128937 0.0110539
0.0110539   0.01097
 0.012891 0.0109335
0.0109335 0.0107509
0.0128894 0.0108138
0.0108138 0.0105317
0.0128886 0.0106925
0.0106925 0.0103162
0.0128877 0.0105702
0.0105702 0.0101051
0.0128869 0.0104473
0.0104473 0.0098981
 0.0128856  0.0103261
 0.0103261 0.00969241
 0.0128847  0.0102052
 0.0102052 0.00948935
 0.0128847  0.0100852
 0.0100852 0.00928371
 0.0128857 0.00996455
0.00996455 0.00908232
  0.012887 0.00984408
0.00984408  0.0088844
 0.0128888 0.00972354
0.00972354 0.00868809
 0.0128897 0.00960304
0.00960304 0.00849472
 0.0128881 0.00948231
0.00948231 0.00830426
 0.0128836 0.00936094
0.00936094 0.00811664
 0.0128775 0.00923878
0.00923878 0.00792839
  0.012872 0.00911585
0.00911585 0.00774658
 0.0128692 0.00899221
0.00899221 0.00756691
 0.0128687 0.00886836
0.00886836 0.00739033
 0.0128678 0.00874565
0.00874565 0.00721653
 0.0128621 0.00862967
0.00862967 0.00703614
 0.0128576 0.00851176
0.00851176 0.00686519
 0.0128549 0.00839455
0.00839455 0.00670021
 0.0128548 0.00827694
0.00827694 0.00653324
 0.0128554 0.00815869
0.00815869 0.00636373
 0.0128561 0.00803884
0.00803884 0.00620144
 0.0128557 0.00791804
0.00791804 0.00603339
 0.0128558 0.00779852
0.00779852 0.00588311
 0.0128553 0.00767685
0.00767685 0.00572686
 0.0128538 0.00755501
0.00755501 0.00557311
 0.0128505 0.00743305
0.00743305 0.00542191
 0.0128442 0.00731056
0.00731056 0.00527099
 0.0128364 0.00718921
0.00718921 0.00512283
 0.0128291 0.00706935
0.00706935 0.00497921
 0.0128238 0.00695076
0.00695076 0.00483813
 0.0128219 0.00683375
0.00683375 0.00470301
 0.0128217 0.00671646
0.00671646 0.00456938
 0.0128214 0.00659709
0.00659709 0.00443332
 0.0128194  0.0064763
 0.0064763 0.00429956
 0.0128163 0.00635516
0.00635516 0.00416839
 0.0128119 0.00623268
0.00623268 0.00403706
 0.0128069 0.00610984
0.00610984 0.00391341
 0.0128023 0.00598811
0.00598811 0.00378851
 0.0127989 0.00586626
0.00586626 0.00367345
 0.0127968 0.00574448
0.00574448  0.0035551
 0.0127965  0.0056203
 0.0056203 0.00344798
 0.0127974 0.00549658
0.00549658  0.0033326
 0.0127978 0.00537488
0.00537488 0.00322021
 0.0127941 0.00525632
0.00525632 0.00310873
  0.012787 0.00513967
0.00513967  0.0029978
 0.0127799 0.00502245
0.00502245 0.00289069
 0.0127739 0.00490407
0.00490407 0.00278659
  0.012769  0.0047846
 0.0047846 0.00268549
 0.0127642 0.00466461
0.00466461 0.00258539
 0.0127592 0.00454545
0.00454545 0.00249253
 0.0127542 0.00442549
0.00442549  0.0023994
 0.0127499  0.0043054
 0.0043054 0.00230889
 0.0127459 0.00418463
0.00418463 0.00222114
 0.0127423 0.00406385
0.00406385 0.00213812
 0.0127389 0.00394066
0.00394066 0.00205338
 0.0127365 0.00381858
0.00381858 0.00197419
 0.0127347 0.00369691
0.00369691 0.00189526
 0.0127336 0.00357565
0.00357565 0.00181755
 0.0127331 0.00345401
0.00345401 0.00174292
 0.0127332 0.00333256
0.00333256 0.00167219
 0.0127331 0.00321111
0.00321111 0.00160528
  0.012732 0.00308863
0.00308863  0.0015398
 0.0127304 0.00296632
0.00296632 0.00147698
 0.0127277 0.00284416
0.00284416 0.00141614
 0.0127242 0.00272236
0.00272236 0.00135849
 0.0127198  0.0026008
 0.0026008 0.00130355
 0.0127156 0.00248038
0.00248038 0.00125258
 0.0127121 0.00235975
0.00235975 0.00120349
 0.0127101  0.0022398
 0.0022398 0.00115772
 0.0127091 0.00211936
0.00211936 0.00111451
 0.0127094  0.0020005
 0.0020005 0.00107692
 0.0127029 0.00187281
0.00187281 0.00103321
  0.0127005  0.00174759
 0.00174759 0.000995654
  0.0126999  0.00162256
 0.00162256 0.000960757
   0.012699  0.00149583
 0.00149583 0.000926107
  0.0126988  0.00137217
 0.00137217 0.000898181
    0.0127 0.00124648
0.00124648 0.00086993
 0.0127022 0.00112116
0.00112116 0.00084618
  0.0127054 0.000996426
0.000996426 0.000823664
  0.0127079 0.000873177
0.000873177 0.000805101
  0.0127097  0.00075023
 0.00075023 0.000787529
   0.012709 0.000629271
0.000629271  0.00077264
  0.0127087 0.000507555
0.000507555 0.000760678
  0.0127079 0.000385547
0.000385547 0.000751924
   0.012707 0.000263057
0.000263057 0.000746312
  0.0127055 0.000140497
0.000140497 0.000743765
   0.012705 1.70376e-05
1.70376e-05 0.000743878
   0.0127044 -0.000106043
-0.000106043   0.00074677
0.000752038 0.000229788
0.000229788   0.0127044
0.000748991  0.00022501
 0.00022501   0.0124527
0.000746379  0.00022045
 0.00022045   0.0122014
0.000744042   0.0002164
  0.0002164   0.0119556
0.000741512 0.000212466
0.000212466    0.011713
0.000738604 0.000208441
0.000208441   0.0114712
0.000735645 0.000204028
0.000204028   0.0112343
0.000732911 0.000199219
0.000199219   0.0110001
0.000730502 0.000194714
0.000194714   0.0107621
 0.00072915 0.000188461
0.000188461   0.0105355
0.000727634  0.00018295
 0.00018295   0.0103086
0.000725574 0.000178901
0.000178901   0.0100841
0.000723421 0.000174235
0.000174235  0.00986468
0.000720759 0.000170278
0.000170278  0.00964783
0.000718139 0.000167501
0.000167501  0.00943049
0.000716028 0.000164583
0.000164583  0.00921613
0.000714222 0.000161539
0.000161539  0.00899948
0.000712788 0.000158223
0.000158223  0.00879146
0.000711089 0.000154295
0.000154295  0.00858482
 0.00070883 0.000150211
0.000150211  0.00838228
0.000705901 0.000145692
0.000145692  0.00818096
0.000702787 0.000140358
0.000140358  0.00798056
0.000699709 0.000135367
0.000135367  0.00778301
0.000696567 0.000130953
0.000130953  0.00759036
0.000693205 0.000126821
0.000126821  0.00739926
0.000689507 0.000123219
0.000123219  0.00721087
0.000685728 0.000120178
0.000120178   0.0070252
0.000682013 0.000117696
0.000117696  0.00684119
0.000678802 0.000115437
0.000115437  0.00666632
0.000675656 0.000112576
0.000112576  0.00648812
0.000671637 0.000108628
0.000108628   0.0063099
 0.00066752 0.000104276
0.000104276  0.00613687
0.00066353 9.9787e-05
9.9787e-05 0.00596578
0.000659893 9.53071e-05
9.53071e-05  0.00579992
0.000656366 9.09549e-05
9.09549e-05  0.00563791
0.000653242 8.74715e-05
8.74715e-05   0.0054748
0.000650486 8.42516e-05
8.42516e-05  0.00531405
0.000648081 8.12257e-05
8.12257e-05   0.0051559
0.000645641 7.86195e-05
7.86195e-05   0.0049988
 0.00064338 7.59532e-05
7.59532e-05  0.00484742
0.000640966 7.34487e-05
7.34487e-05  0.00469872
0.000638309 7.08032e-05
7.08032e-05  0.00455211
0.000635229 6.80462e-05
6.80462e-05  0.00440835
0.000631653 6.52712e-05
6.52712e-05  0.00426814
0.000627766 6.20927e-05
6.20927e-05  0.00412979
0.000623575 5.84956e-05
5.84956e-05  0.00399381
0.000619577 5.49648e-05
5.49648e-05  0.00386054
0.000615655 5.12501e-05
5.12501e-05  0.00373104
0.000611838 4.77703e-05
4.77703e-05  0.00360333
0.000608091 4.47704e-05
4.47704e-05  0.00347895
0.000604633 4.27255e-05
4.27255e-05  0.00335841
0.000602076  4.2069e-05
 4.2069e-05  0.00324317
0.000600854  4.1823e-05
 4.1823e-05  0.00312671
0.00060021 4.1004e-05
4.1004e-05 0.00301404
0.000598975 3.82143e-05
3.82143e-05  0.00290126
0.000598243 3.46849e-05
3.46849e-05  0.00279113
0.000597497 3.19591e-05
3.19591e-05  0.00268494
0.000595787  2.6821e-05
 2.6821e-05  0.00257425
0.000595395 2.28628e-05
2.28628e-05  0.00247311
 0.00059512 1.96079e-05
1.96079e-05   0.0023741
 0.00059535 1.74164e-05
1.74164e-05  0.00227772
0.000594768 1.63284e-05
1.63284e-05  0.00218446
0.000592269 1.56996e-05
1.56996e-05  0.00209455
0.000586205 1.28184e-05
1.28184e-05   0.0020034
0.000579052 7.87357e-06
7.87357e-06  0.00191684
 0.00057145 5.74511e-06
5.74511e-06  0.00183291
0.000564858 3.26222e-06
3.26222e-06  0.00175367
0.000554512 1.39571e-06
1.39571e-06  0.00167643
 0.000545473 -4.31381e-07
-4.31381e-07   0.00160399
 0.000536883 -3.09219e-06
-3.09219e-06   0.00153386
 0.000531313 -7.84989e-06
-7.84989e-06    0.0014681
 0.000529517 -1.65776e-05
-1.65776e-05   0.00141137
 0.000530725 -2.44542e-05
-2.44542e-05   0.00135094
 0.000533831 -3.24987e-05
-3.24987e-05   0.00129463
 0.000535177 -3.50762e-05
-3.50762e-05   0.00123307
 0.000511428 -1.47312e-05
-1.47312e-05   0.00115183
 0.000502126 -9.13068e-06
-9.13068e-06   0.00108898
 0.000496801 -7.79852e-06
-7.79852e-06   0.00103683
  0.00049059 -6.59423e-06
-6.59423e-06  0.000985174
 0.000483554 -5.22697e-06
-5.22697e-06  0.000937922
 0.000476212 -2.65007e-06
-2.65007e-06  0.000894598
0.000470192 1.33063e-06
1.33063e-06 0.000854388
0.000466449 6.57727e-06
6.57727e-06 0.000816317
 0.00046647  1.5232e-05
 1.5232e-05 0.000787799
0.000467539 2.07289e-05
2.07289e-05 0.000753267
0.000468754 2.56161e-05
2.56161e-05 0.000714169
 0.00046994 2.65775e-05
2.65775e-05 0.000677056
0.000468907 2.41912e-05
2.41912e-05 0.000640484
0.000464363 1.86485e-05
1.86485e-05 0.000605378
0.000459362 1.32991e-05
1.32991e-05 0.000573841
0.000455886 1.04154e-05
1.04154e-05 0.000549641
0.000451795 6.09322e-06
6.09322e-06 0.000525258
 0.00044828 2.08279e-06
2.08279e-06 0.000503278
 0.000446067 -8.56758e-07
-8.56758e-07  0.000485606
 0.000444713 -3.28523e-06
-3.28523e-06  0.000469474
  0.00044407 -5.25467e-06
-5.25467e-06   0.00045571
 0.000443924 -6.85841e-06
-6.85841e-06   0.00044419
 0.000444033 -8.18295e-06
-8.18295e-06  0.000434835
 0.000444175 -9.30092e-06
-9.30092e-06   0.00042759
 0.000445096 -1.09567e-05
-1.09567e-05  0.000423125
