      0.0004 -2.32743e-14
-2.32743e-14       0.0004
0.000421195 9.42637e-06
9.42637e-06 0.000448891
0.000422294 7.52502e-06
7.52502e-06 0.000450656
0.000424056 6.37163e-06
6.37163e-06 0.000455081
0.000426485  5.7626e-06
 5.7626e-06 0.000462799
0.000429001  5.3015e-06
 5.3015e-06 0.000473061
0.000431389 5.15381e-06
5.15381e-06  0.00048494
0.000433404 4.96499e-06
4.96499e-06 0.000499866
0.000435101 4.71553e-06
4.71553e-06 0.000517859
0.000436842 3.48458e-06
3.48458e-06 0.000540663
0.000438528 2.22904e-06
2.22904e-06 0.000565442
0.000441546 3.30615e-07
3.30615e-07  0.00059349
 0.000444537 -1.04102e-06
-1.04102e-06  0.000621153
0.000446316 -1.4979e-06
-1.4979e-06 0.000651089
 0.000446887 -4.46245e-07
-4.46245e-07   0.00068202
0.000447658 3.78484e-07
3.78484e-07 0.000715916
0.000448469 9.22758e-07
9.22758e-07 0.000752994
0.000449514 1.09056e-06
1.09056e-06 0.000793978
0.000450164 2.04061e-06
2.04061e-06 0.000837594
0.000451348 3.18815e-06
3.18815e-06 0.000883868
 0.00045326 4.29275e-06
4.29275e-06 0.000931645
0.000455412 4.90161e-06
4.90161e-06 0.000982971
0.000457891 5.75615e-06
5.75615e-06   0.0010389
0.000460992  7.0727e-06
 7.0727e-06  0.00109763
0.000464801 8.13219e-06
8.13219e-06  0.00115764
0.000468799 8.12601e-06
8.12601e-06  0.00121885
0.000472969 7.32903e-06
7.32903e-06  0.00128134
0.000477336 6.48303e-06
6.48303e-06  0.00134747
0.000481767 5.67597e-06
5.67597e-06  0.00141755
0.000486333 4.91288e-06
4.91288e-06  0.00149079
 0.00049041 3.65864e-06
3.65864e-06  0.00156559
0.000494206 2.84342e-06
2.84342e-06  0.00164449
0.000497825 2.40194e-06
2.40194e-06  0.00172666
0.000500987 2.05654e-06
2.05654e-06  0.00181169
0.000503206 1.58895e-06
1.58895e-06  0.00189873
 0.00050514 1.59498e-06
1.59498e-06  0.00198999
0.000506985 1.68736e-06
1.68736e-06  0.00208473
0.000509307 2.10415e-06
2.10415e-06  0.00218353
0.000512245  2.1991e-06
 2.1991e-06  0.00228518
0.000515596 1.14661e-06
1.14661e-06  0.00238408
0.000519408 5.93039e-07
5.93039e-07  0.00248732
 0.000523327 -9.34465e-07
-9.34465e-07   0.00259159
 0.000527367 -2.78084e-06
-2.78084e-06   0.00270032
 0.000531272 -5.88296e-06
-5.88296e-06   0.00281225
 0.000535524 -9.13262e-06
-9.13262e-06   0.00292886
  0.00054091 -1.38298e-05
-1.38298e-05   0.00304989
0.000545798 -1.7222e-05
-1.7222e-05  0.00317192
 0.000549393 -1.89292e-05
-1.89292e-05   0.00329624
 0.000551232 -1.79616e-05
-1.79616e-05   0.00342115
 0.000553084 -1.60759e-05
-1.60759e-05   0.00355059
  0.00055602 -1.41923e-05
-1.41923e-05    0.0036812
0.000560465 -1.3216e-05
-1.3216e-05  0.00381641
 0.000565053 -1.30044e-05
-1.30044e-05   0.00395403
 0.000568772 -1.38955e-05
-1.38955e-05   0.00409464
 0.000571039 -1.53396e-05
-1.53396e-05   0.00423853
 0.000572091 -1.69145e-05
-1.69145e-05   0.00438615
 0.000572629 -1.83369e-05
-1.83369e-05   0.00453759
 0.000573595 -1.90805e-05
-1.90805e-05    0.0046935
 0.000575428 -1.92012e-05
-1.92012e-05   0.00485545
 0.000577867 -1.99408e-05
-1.99408e-05   0.00501487
 0.000580768 -2.14712e-05
-2.14712e-05   0.00517604
 0.000584242 -2.32693e-05
-2.32693e-05   0.00533989
 0.000588288 -2.46565e-05
-2.46565e-05   0.00550705
 0.000592695 -2.54904e-05
-2.54904e-05   0.00567862
 0.000596882 -2.65163e-05
-2.65163e-05   0.00585249
0.000600225 -2.7617e-05
-2.7617e-05  0.00602913
 0.000602563 -2.88135e-05
-2.88135e-05   0.00620961
0.000604203  -3.024e-05
 -3.024e-05  0.00639305
  0.00060556 -3.17893e-05
-3.17893e-05   0.00657993
  0.00060709 -3.34929e-05
-3.34929e-05   0.00677054
 0.000608919 -3.54693e-05
-3.54693e-05   0.00696339
0.000611101 -3.7131e-05
-3.7131e-05  0.00715756
 0.000613555 -3.85413e-05
-3.85413e-05   0.00735501
0.000616141 -4.0221e-05
-4.0221e-05  0.00755493
 0.000618901 -4.17689e-05
-4.17689e-05   0.00775883
0.000621829 -4.3715e-05
-4.3715e-05  0.00796546
 0.000625087 -4.59611e-05
-4.59611e-05   0.00817568
 0.000628385 -4.81931e-05
-4.81931e-05   0.00838833
 0.000631454 -5.05475e-05
-5.05475e-05    0.0086055
 0.000633352 -5.24626e-05
-5.24626e-05   0.00882398
 0.000634423 -5.42637e-05
-5.42637e-05   0.00904616
 0.000634949 -5.61275e-05
-5.61275e-05   0.00927173
 0.000635562 -5.75844e-05
-5.75844e-05   0.00949945
 0.000636626 -5.92763e-05
-5.92763e-05   0.00972997
 0.000638078 -6.11684e-05
-6.11684e-05   0.00996334
 0.000639662 -6.34112e-05
-6.34112e-05    0.0101996
 0.000640939 -6.66797e-05
-6.66797e-05    0.0104395
 0.000642119 -6.94904e-05
-6.94904e-05    0.0106818
0.000643191 -7.2701e-05
-7.2701e-05   0.0109271
 0.000644637 -7.58873e-05
-7.58873e-05    0.0111762
 0.000646486 -7.94733e-05
-7.94733e-05    0.0114297
 0.000648553 -8.26218e-05
-8.26218e-05    0.0116841
 0.000650669 -8.55207e-05
-8.55207e-05    0.0119425
 0.000652839 -8.80218e-05
-8.80218e-05    0.0122023
 0.000655165 -9.03229e-05
-9.03229e-05    0.0124654
0.000657745 -9.3035e-05
-9.3035e-05   0.0127327
 0.000660309 -9.63729e-05
-9.63729e-05    0.0130016
 0.000663262 -9.94206e-05
-9.94206e-05    0.0132741
 0.000666249 -0.000102389
-0.000102389    0.0135495
 0.000668974 -0.000105156
-0.000105156     0.013828
  0.0141096 0.000107644
0.000107644  0.00067124
  0.0141088  -3.305e-05
 -3.305e-05 0.000669738
   0.0141082 -0.000173093
-0.000173093  0.000670852
   0.0141083 -0.000313579
-0.000313579  0.000675547
   0.0141086 -0.000453635
-0.000453635  0.000683187
   0.0141101 -0.000593548
-0.000593548  0.000694236
   0.0141112 -0.000732036
-0.000732036  0.000707701
   0.0141122 -0.000870525
-0.000870525  0.000725606
  0.0141133 -0.00100841
-0.00100841 0.000746067
  0.0141138 -0.00114694
-0.00114694 0.000770308
  0.0141148 -0.00128494
-0.00128494 0.000795272
  0.0141156  -0.0014237
 -0.0014237 0.000822058
  0.0141179 -0.00156244
-0.00156244 0.000851249
  0.0141205 -0.00170226
-0.00170226 0.000885946
  0.0141222  -0.0018406
 -0.0018406 0.000923011
  0.0141249 -0.00197875
-0.00197875 0.000963376
  0.0141311 -0.00211685
-0.00211685  0.00100747
  0.0141339 -0.00225338
-0.00225338  0.00105281
   0.014137 -0.00239037
-0.00239037  0.00110207
  0.0141406 -0.00252765
-0.00252765  0.00115272
  0.0141441 -0.00266606
-0.00266606  0.00120689
  0.0141465 -0.00280467
-0.00280467  0.00126428
  0.0141479 -0.00294499
-0.00294499  0.00132421
  0.0141488 -0.00308395
-0.00308395  0.00138746
  0.0141507 -0.00322361
-0.00322361  0.00145507
  0.0141513 -0.00336212
-0.00336212  0.00152458
  0.0141536 -0.00350138
-0.00350138  0.00159815
   0.014156 -0.00364065
-0.00364065  0.00167522
 0.0141568 -0.0037797
-0.0037797 0.00175546
  0.0141584 -0.00391951
-0.00391951  0.00183915
  0.0141598 -0.00405935
-0.00405935    0.001924
  0.0141619 -0.00419848
-0.00419848  0.00200945
  0.0141646 -0.00433759
-0.00433759   0.0020985
  0.0141668 -0.00447649
-0.00447649  0.00219156
  0.0141691 -0.00461487
-0.00461487  0.00228668
  0.0141711 -0.00475286
-0.00475286  0.00238526
  0.0141726 -0.00489081
-0.00489081  0.00248715
 0.0141739 -0.0050289
-0.0050289 0.00259229
  0.0141749 -0.00516822
-0.00516822  0.00270365
  0.0141765 -0.00530687
-0.00530687  0.00281431
  0.0141785 -0.00544535
-0.00544535  0.00292755
   0.014181 -0.00558347
-0.00558347  0.00304363
  0.0141832 -0.00572137
-0.00572137  0.00316349
  0.0141854 -0.00585772
-0.00585772  0.00328321
  0.0141879 -0.00599345
-0.00599345  0.00340653
  0.0141907 -0.00612926
-0.00612926  0.00353474
  0.0141943 -0.00626418
-0.00626418  0.00366592
  0.0141987 -0.00639898
-0.00639898  0.00380054
  0.0142029 -0.00653417
-0.00653417  0.00393806
  0.0142075 -0.00667021
-0.00667021  0.00406819
  0.0142109 -0.00680731
-0.00680731  0.00420408
  0.0142142 -0.00694427
-0.00694427  0.00434645
  0.0142183 -0.00708202
-0.00708202  0.00449268
  0.0142228 -0.00721938
-0.00721938   0.0046411
 0.0142261  -0.007357
 -0.007357 0.00478425
  0.0142315 -0.00749433
-0.00749433  0.00493775
  0.0142366 -0.00763057
-0.00763057  0.00509407
  0.0142417 -0.00776741
-0.00776741  0.00525376
  0.0142446 -0.00790438
-0.00790438  0.00541645
  0.0142449 -0.00804006
-0.00804006   0.0055796
  0.0142449 -0.00817661
-0.00817661  0.00574858
  0.0142465 -0.00831405
-0.00831405  0.00591882
 0.0142474 -0.0084508
-0.0084508  0.0060916
  0.0142487 -0.00858776
-0.00858776  0.00626762
  0.0142503 -0.00872428
-0.00872428  0.00644518
  0.0142529 -0.00886139
-0.00886139  0.00662908
 0.0142551 -0.0089979
-0.0089979 0.00681894
  0.0142565 -0.00913329
-0.00913329  0.00700916
  0.0142577 -0.00926826
-0.00926826  0.00720506
  0.0142603 -0.00940354
-0.00940354  0.00740279
   0.014263 -0.00953994
-0.00953994  0.00759435
  0.0142621 -0.00967602
-0.00967602  0.00780009
  0.0142627 -0.00981484
-0.00981484  0.00799715
  0.0142649 -0.00995368
-0.00995368  0.00819632
 0.0142685 -0.0100916
-0.0100916 0.00839862
 0.0142726  -0.010229
 -0.010229 0.00860282
 0.0142767 -0.0103661
-0.0103661 0.00881038
 0.0142807 -0.0105029
-0.0105029 0.00902224
 0.0142853 -0.0106402
-0.0106402 0.00923372
 0.0142905 -0.0107762
-0.0107762 0.00945027
 0.0142972 -0.0109123
-0.0109123  0.0096667
 0.0143032 -0.0110479
-0.0110479 0.00989018
 0.0143095 -0.0111849
-0.0111849   0.010114
 0.0143147 -0.0113216
-0.0113216  0.0103383
 0.0143194 -0.0114572
-0.0114572  0.0105673
 0.0143228 -0.0115923
-0.0115923  0.0107999
 0.0143259 -0.0117279
-0.0117279  0.0110362
 0.0143279 -0.0118641
-0.0118641  0.0112758
 0.0143296 -0.0119999
-0.0119999  0.0115177
 0.0143318 -0.0121359
-0.0121359  0.0117625
 0.0143336 -0.0122732
-0.0122732  0.0120111
 0.0143355 -0.0124089
-0.0124089  0.0122602
 0.0143378 -0.0125438
-0.0125438  0.0125121
 0.0143381 -0.0126794
-0.0126794  0.0127711
   0.01434 -0.0128141
-0.0128141  0.0130291
 0.0143417 -0.0129489
-0.0129489  0.0132903
 0.0143433 -0.0130837
-0.0130837  0.0135562
 0.0143452 -0.0132185
-0.0132185  0.0138255
 0.0143478 -0.0133533
-0.0133533   0.014096
0.0143495 -0.013489
-0.013489 0.0143705
0.0146484 0.0136251
0.0136251 0.0143514
0.0146483 0.0134866
0.0134866 0.0140795
0.0146483 0.0133474
0.0133474 0.0138107
0.0146461 0.0132082
0.0132082 0.0135448
 0.014644 0.0130693
0.0130693 0.0132796
0.0146401 0.0129302
0.0129302 0.0130197
0.0146361 0.0127914
0.0127914 0.0127628
0.0146325 0.0126538
0.0126538 0.0125081
0.0146303 0.0125164
0.0125164 0.0122568
0.0146293 0.0123797
0.0123797  0.012005
0.0146291 0.0122412
0.0122412 0.0117579
0.0146288 0.0121016
0.0121016 0.0115158
0.0146289 0.0119614
0.0119614 0.0112783
0.0146286 0.0118228
0.0118228 0.0110415
 0.014629 0.0116846
0.0116846 0.0108078
0.0146313 0.0115475
0.0115475 0.0105705
0.0146337 0.0114095
0.0114095 0.0103386
0.0146357 0.0112717
0.0112717 0.0101114
 0.0146386  0.0111338
 0.0111338 0.00988563
0.0146404 0.0109961
0.0109961 0.0096635
 0.0146394  0.0108581
 0.0108581 0.00944489
 0.0146349  0.0107195
 0.0107195 0.00922974
0.0146293 0.0105797
0.0105797 0.0090131
 0.0146237  0.0104392
 0.0104392 0.00880435
 0.0146212  0.0102979
 0.0102979 0.00859818
0.0146222 0.0101564
0.0101564 0.0083951
 0.0146239  0.0100159
 0.0100159 0.00819437
 0.0146219 0.00988263
0.00988263 0.00798442
 0.0146188 0.00974729
0.00974729 0.00778683
 0.0146174 0.00961245
0.00961245 0.00759597
 0.0146185 0.00947742
0.00947742 0.00740341
 0.0146214 0.00934147
0.00934147 0.00720722
0.0146229 0.0092041
0.0092041 0.0070206
 0.0146234 0.00906563
0.00906563 0.00682734
 0.0146254 0.00892791
0.00892791  0.0066531
 0.0146252 0.00878864
0.00878864 0.00647387
 0.0146239 0.00864934
0.00864934 0.00629779
 0.0146205 0.00851002
0.00851002 0.00612478
  0.014612 0.00837053
0.00837053 0.00595326
 0.0146024 0.00823218
0.00823218 0.00578453
 0.0145944 0.00809513
0.00809513  0.0056201
 0.0145884 0.00795944
0.00795944 0.00545858
  0.014586 0.00782561
0.00782561 0.00530405
 0.0145851  0.0076912
 0.0076912 0.00515094
 0.0145836 0.00755546
0.00755546 0.00499632
 0.0145802 0.00741831
0.00741831 0.00484454
 0.0145757 0.00728069
0.00728069 0.00469553
 0.0145707 0.00714091
0.00714091 0.00454536
  0.014565  0.0070005
 0.0070005 0.00440379
 0.0145591 0.00686161
0.00686161 0.00426116
 0.0145546 0.00672297
0.00672297 0.00413022
 0.0145517 0.00658418
0.00658418 0.00399513
 0.0145508 0.00644265
0.00644265 0.00387276
 0.0145519 0.00630125
0.00630125 0.00374035
 0.0145518 0.00616385
0.00616385 0.00361305
 0.0145479  0.0060297
 0.0060297 0.00348631
 0.0145407 0.00589648
0.00589648 0.00335896
 0.0145337  0.0057625
 0.0057625 0.00323585
 0.0145279 0.00562683
0.00562683 0.00311587
 0.0145233 0.00548977
0.00548977 0.00299921
 0.0145187 0.00535184
0.00535184 0.00288354
 0.0145136 0.00521562
0.00521562  0.0027768
 0.0145088 0.00507796
0.00507796 0.00266933
 0.0145047  0.0049401
 0.0049401 0.00256485
 0.0145009 0.00480136
0.00480136  0.0024635
 0.0144976 0.00466276
0.00466276 0.00236768
 0.0144953 0.00452068
0.00452068 0.00226933
 0.0144936 0.00438015
0.00438015 0.00217763
 0.0144924 0.00424018
0.00424018 0.00208635
 0.0144921 0.00410057
0.00410057  0.0019964
  0.014492 0.00396085
0.00396085 0.00191026
 0.0144927 0.00382135
0.00382135  0.0018286
 0.0144932 0.00368173
0.00368173 0.00175127
 0.0144925 0.00354119
0.00354119 0.00167576
 0.0144912 0.00340086
0.00340086 0.00160332
 0.0144883 0.00326087
0.00326087 0.00153331
 0.0144847 0.00312116
0.00312116 0.00146684
 0.0144801 0.00298175
0.00298175 0.00140351
 0.0144757 0.00284359
0.00284359 0.00134473
 0.0144718 0.00270529
0.00270529 0.00128818
 0.0144693 0.00256793
0.00256793 0.00123555
  0.014467 0.00243157
0.00243157 0.00118646
  0.014466 0.00229653
0.00229653 0.00114356
 0.0144569 0.00215236
0.00215236 0.00109398
 0.0144529 0.00201122
0.00201122 0.00105122
 0.0144518 0.00186959
0.00186959 0.00101119
  0.0144505  0.00172507
 0.00172507 0.000971098
    0.01445   0.0015853
  0.0015853 0.000939032
  0.0144509  0.00144319
 0.00144319 0.000906503
  0.0144529  0.00130161
 0.00130161 0.000879071
  0.0144563  0.00116056
 0.00116056 0.000852905
  0.0144594  0.00102112
 0.00102112 0.000831151
  0.0144619 0.000881826
0.000881826 0.000810524
  0.0144618 0.000745701
0.000745701 0.000793063
  0.0144622 0.000607458
0.000607458 0.000778717
   0.014462 0.000468588
0.000468588 0.000767956
  0.0144615 0.000328945
0.000328945 0.000760721
  0.0144604 0.000189822
0.000189822 0.000756998
  0.0144603  4.8775e-05
 4.8775e-05 0.000756206
   0.0144601 -9.10732e-05
-9.10732e-05  0.000758592
0.000763644 0.000232738
0.000232738   0.0144604
0.000760634 0.000228066
0.000228066   0.0141728
0.000758105 0.000223973
0.000223973   0.0138856
0.000755851 0.000219898
0.000219898   0.0136047
0.000753359 0.000215827
0.000215827   0.0133275
0.000750434 0.000211944
0.000211944   0.0130513
0.000747436 0.000207152
0.000207152   0.0127806
0.000744683 0.000201867
0.000201867   0.0125131
0.000742274 0.000197079
0.000197079   0.0122411
0.000741079 0.000190431
0.000190431   0.0119823
0.000739669  0.00018446
 0.00018446   0.0117233
0.000737659 0.000180549
0.000180549   0.0114672
0.000735553 0.000176105
0.000176105   0.0112167
0.000732856 0.000172301
0.000172301   0.0109687
0.000730204 0.000170047
0.000170047   0.0107204
0.000728115 0.000167607
0.000167607   0.0104755
0.000726326 0.000164888
0.000164888   0.0102279
0.000724984  0.00016167
 0.00016167  0.00999013
0.000723359  0.00015783
 0.00015783  0.00975421
0.000721141 0.000153767
0.000153767  0.00952291
0.000718192  0.00014956
 0.00014956   0.0092929
0.000714996 0.000143783
0.000143783  0.00906414
0.000711858 0.000138463
0.000138463  0.00883861
0.000708696 0.000134122
0.000134122  0.00861866
0.000705269 0.000130037
0.000130037  0.00840054
0.000701467 0.000126575
0.000126575  0.00818544
0.000697571  0.00012373
 0.00012373  0.00797337
0.000693723 0.000121636
0.000121636  0.00776288
 0.00069051 0.000119835
0.000119835  0.00756285
0.000687323 0.000116987
0.000116987  0.00735924
0.000683143 0.000113201
0.000113201  0.00715536
0.000678894  0.00010862
 0.00010862  0.00695762
0.000674781 0.000103805
0.000103805    0.006762
0.000671097 9.91254e-05
9.91254e-05  0.00657231
0.000667567 9.47693e-05
9.47693e-05  0.00638685
0.000664463 9.12841e-05
9.12841e-05  0.00620037
0.000661766  8.8127e-05
 8.8127e-05  0.00601657
0.000659457  8.5192e-05
 8.5192e-05  0.00583575
0.000657091 8.28412e-05
8.28412e-05  0.00565601
0.000654937 8.02445e-05
8.02445e-05   0.0054829
0.000652613 7.77831e-05
7.77831e-05  0.00531285
0.000649999  7.5152e-05
 7.5152e-05  0.00514527
0.000646907 7.23581e-05
7.23581e-05  0.00498094
0.000643273 6.95328e-05
6.95328e-05  0.00482059
0.000639262 6.61983e-05
6.61983e-05  0.00466239
0.000634896 6.23673e-05
6.23673e-05  0.00450666
0.000630745 5.86087e-05
5.86087e-05   0.0043542
0.000626672 5.46887e-05
5.46887e-05  0.00420593
0.000622704 5.10023e-05
5.10023e-05  0.00405975
0.000618805 4.78713e-05
4.78713e-05  0.00391737
0.000615226 4.58063e-05
4.58063e-05  0.00377935
0.000612658  4.5256e-05
 4.5256e-05   0.0036474
0.000611491 4.47203e-05
4.47203e-05   0.0035141
0.000610977 4.35291e-05
4.35291e-05  0.00338525
0.000609815 4.02424e-05
4.02424e-05   0.0032562
0.000609266 3.66685e-05
3.66685e-05  0.00312987
0.000608683  3.3606e-05
 3.3606e-05  0.00300825
0.000606812 2.78773e-05
2.78773e-05  0.00288155
0.000606698 2.36237e-05
2.36237e-05  0.00276565
0.000606761 2.00744e-05
2.00744e-05  0.00265231
0.000607414  1.7715e-05
 1.7715e-05  0.00254209
0.000607188 1.65283e-05
1.65283e-05  0.00243557
0.000604861 1.57776e-05
1.57776e-05  0.00233297
0.000598467 1.25219e-05
1.25219e-05   0.0022288
0.000591039 6.89423e-06
6.89423e-06  0.00212974
0.000583039 4.55228e-06
4.55228e-06  0.00203385
0.000576397 1.67216e-06
1.67216e-06  0.00194353
 0.000565375 -4.38634e-07
-4.38634e-07   0.00185527
 0.000555857 -2.55507e-06
-2.55507e-06   0.00177263
 0.000546784 -5.49661e-06
-5.49661e-06    0.0016925
 0.000541118 -1.08342e-05
-1.08342e-05   0.00161748
   0.0005398 -2.07224e-05
-2.07224e-05   0.00155279
 0.000541698 -2.93775e-05
-2.93775e-05   0.00148396
 0.000545851 -3.83968e-05
-3.83968e-05   0.00141997
 0.000548052 -4.13729e-05
-4.13729e-05   0.00135007
 0.000521757 -1.82826e-05
-1.82826e-05    0.0012583
 0.000511551 -1.17425e-05
-1.17425e-05   0.00118674
 0.000505833 -1.01169e-05
-1.01169e-05   0.00112721
 0.000499079 -8.54277e-06
-8.54277e-06   0.00106825
 0.000491392 -6.78036e-06
-6.78036e-06   0.00101423
  0.00048334 -3.67865e-06
-3.67865e-06  0.000964519
 0.00047679 9.71816e-07
9.71816e-07 0.000918394
0.000472788 7.01202e-06
7.01202e-06 0.000874718
0.000473044 1.69152e-05
1.69152e-05 0.000841973
0.000474447 2.32072e-05
2.32072e-05 0.000802486
 0.00047597 2.87279e-05
2.87279e-05 0.000757703
0.000477407 2.97232e-05
2.97232e-05 0.000715329
0.000476355 2.69416e-05
2.69416e-05 0.000673707
0.000471432 2.06302e-05
2.06302e-05 0.000633891
 0.00046604  1.4623e-05
 1.4623e-05 0.000598097
0.000462445 1.14729e-05
1.14729e-05  0.00057067
0.000458056 6.65102e-06
6.65102e-06 0.000542945
0.000454283 2.15491e-06
2.15491e-06 0.000517915
 0.000451963 -1.12673e-06
-1.12673e-06  0.000497778
 0.000450583 -3.84437e-06
-3.84437e-06  0.000479397
 0.000449981 -6.05004e-06
-6.05004e-06  0.000463712
 0.000449918 -7.84835e-06
-7.84835e-06  0.000450587
0.000450124 -9.3371e-06
-9.3371e-06 0.000439932
 0.000450348 -1.05994e-05
-1.05994e-05  0.000431681
  0.00045145 -1.24882e-05
-1.24882e-05  0.000426602
