  0.00061911 -0.000241416
-0.000241416   0.00438156
0.00993333 -0.0111665
-0.0111665  0.0146255
0.000480716 3.49388e-05
3.49388e-05 0.000456157
 0.00762989 -0.00960119
-0.00960119   0.0144731
  0.00303253 -0.000457412
-0.000457412  0.000603114
  0.0140783 -0.00298635
-0.00298635  0.00139782
  0.0143204 -0.00741988
-0.00741988  0.00486848
   0.010436   0.0011909
  0.0011909 0.000903677
 0.00615513 0.000490777
0.000490777 0.000676638
 0.0118222 -0.0118993
-0.0118993  0.0137586
 0.000730638 -0.000379354
-0.000379354   0.00903926
0.000491494 7.58643e-05
7.58643e-05 0.000591834
  0.0107508 -0.00758365
-0.00758365  0.00660268
 0.0105193 -0.0019827
-0.0019827 0.00110504
   0.0087135 -0.000500957
-0.000500957   0.00071109
0.000466539 5.20638e-05
5.20638e-05 0.000562189
 0.000813764 -0.000647752
-0.000647752    0.0141613
 0.00379225 -0.00627679
-0.00627679   0.0141212
 0.000527898 -0.000143822
-0.000143822   0.00199634
 0.0117521 -0.0120222
-0.0120222   0.014135
0.000717284 7.94936e-05
7.94936e-05 0.000698086
 0.00169469 -0.00294837
-0.00294837   0.0104665
   0.014225 -0.00709749
-0.00709749  0.00454156
0.000457351 3.78139e-06
3.78139e-06 0.000470277
 0.0136183 -0.0116293
-0.0116293  0.0114043
 0.000805062 -0.000533321
-0.000533321     0.014139
 0.0108344 -0.0014369
-0.0014369 0.00089989
 0.00516191 -0.00666804
-0.00666804   0.0110971
 0.00393718 -0.00647693
-0.00647693   0.0143614
  0.0135276 -0.00845859
-0.00845859  0.00641685
 0.00345888 -0.00588667
-0.00588667   0.0139518
0.000846218 0.000347383
0.000347383   0.0146604
 0.0139767 -0.0103131
-0.0103131 0.00890168
0.000468303  5.9511e-05
 5.9511e-05 0.000656098
  0.00069739 -0.000503945
-0.000503945   0.00603099
   0.010709 -0.00269902
-0.00269902   0.0014464
 0.00053316 7.44474e-05
7.44474e-05 0.000506235
  0.0145951 -0.00562094
-0.00562094  0.00307406
 0.000673313 -0.000254176
-0.000254176   0.00641375
 0.00662974 -0.00888929
-0.00888929   0.0145309
 0.00110207 -0.00208928
-0.00208928   0.0141141
   0.0143604 -0.000419747
-0.000419747  0.000774251
0.000825864 0.000336443
0.000336443   0.0142349
  0.00200967 -0.000412594
-0.000412594  0.000602443
 0.000570647 -0.000288297
-0.000288297   0.00168643
 0.00418462 0.000326521
0.000326521 0.000594106
 0.00198414 0.000371733
0.000371733 0.000593581
 0.00605658 -0.00716067
-0.00716067   0.0106845
 0.0137772 -0.0126439
-0.0126439  0.0132712
 0.0112126 -0.0101381
-0.0101381  0.0107138
  0.00179031 -0.000228634
-0.000228634  0.000518384
0.000869788 0.000147451
0.000147451 0.000503354
 0.0143552 -0.0110085
-0.0110085 0.00978876
  0.0103068 -0.00345448
-0.00345448  0.00199723
 0.000758772 -0.000730289
-0.000730289   0.00718344
  0.0103783   0.0011945
  0.0011945 0.000905047
0.000676052 0.000493671
0.000493671  0.00381982
  0.00217793 -0.000339438
-0.000339438  0.000560828
  0.0113159 -0.00245377
-0.00245377  0.00127266
 0.00403293 -0.00662582
-0.00662582   0.0146058
 0.000739374 -0.000277224
-0.000277224    0.0103279
  0.0105103 -0.00713183
-0.00713183  0.00606461
0.000891343 -0.00126466
-0.00126466     0.01376
 0.00169205 -0.00350363
-0.00350363   0.0145105
  0.0105025 -0.00955374
-0.00955374   0.0102633
 0.0143356 -0.0105808
-0.0105808 0.00911113
 0.000481883 -0.000103607
-0.000103607  0.000895707
 0.00367265 0.000270595
0.000270595 0.000568756
0.000544521 6.34142e-06
6.34142e-06  0.00054152
0.000989392  0.00136133
 0.00136133   0.0125053
 0.000514013 -7.47447e-05
-7.47447e-05  0.000489063
 0.000744796 -0.000534044
-0.000534044   0.00900485
0.000602142 0.000310565
0.000310565  0.00299921
 0.000523599 -0.000185444
-0.000185444   0.00114707
 0.0143837 -0.0104369
-0.0104369 0.00885802
0.00828782 -0.0100719
-0.0100719   0.014525
  0.0142144 -0.00485474
-0.00485474  0.00251386
 0.000788691 -0.000797235
-0.000797235   0.00980964
 0.00677395 -0.00768981
-0.00768981   0.0108155
  0.0141858 -0.00475107
-0.00475107  0.00243997
 0.0137215 -0.0054302
-0.0054302 0.00303886
  0.0023908 -0.00396017
-0.00396017   0.0106922
0.000945648 0.000214217
0.000214217 0.000557558
 0.00692399 -0.00070034
-0.00070034 0.000715976
0.00483981 -0.0064685
-0.0064685   0.011248
  0.0112222 -0.00203051
-0.00203051  0.00109252
  0.0143902 -0.00903269
-0.00903269  0.00682396
  0.0135711 -0.00917539
-0.00917539   0.0074005
  0.0111931 -0.00540595
-0.00540595  0.00357846
  0.0013396 -0.00274127
-0.00274127   0.0142875
 0.00511158 0.000524319
0.000524319 0.000659404
0.000559428 -0.00023311
-0.00023311  0.00241007
  0.0140068 -0.00902731
-0.00902731  0.00698305
0.000489656 3.89862e-06
3.89862e-06 0.000512471
 0.0138481 -0.0110143
-0.0110143   0.010139
  0.00924079 -0.000899062
-0.000899062  0.000774622
 0.000591525 -0.000330602
-0.000330602   0.00258672
0.000463987 4.59221e-05
4.59221e-05 0.000530143
 0.0134148 -0.0107448
-0.0107448 0.00998388
  0.0147388 -0.00951075
-0.00951075  0.00732498
  0.00335998 -0.000235414
-0.000235414  0.000545916
 0.00158099 -0.00319424
-0.00319424   0.0133942
 0.00112499 0.000240408
0.000240408 0.000556979
 0.0145531 -0.0108633
-0.0108633 0.00942996
0.000473618  6.5947e-05
 6.5947e-05 0.000645388
 0.000590778 -0.000310516
-0.000310516   0.00147347
0.00929891 -0.0107795
-0.0107795  0.0146514
 0.000512489 -0.000136115
-0.000136115    0.0016094
 0.00560889 -0.00690318
-0.00690318   0.0108317
  0.0110147 -0.00901498
-0.00901498  0.00879541
  0.014545 -0.0116829
-0.0116829  0.0107992
  0.0010363 -0.00186298
-0.00186298   0.0145989
 0.00242473 -0.00461538
-0.00461538   0.0138847
0.000530419  0.00016815
 0.00016815  0.00167159
 0.00176493 0.000206595
0.000206595 0.000518062
  0.0140273 -0.00146148
-0.00146148 0.000889429
0.000857195 0.000373317
0.000373317    0.014857
  0.0143669 -0.00285904
-0.00285904  0.00133507
  0.0111966 -0.00674018
-0.00674018  0.00515771
  0.0143308 -0.00370319
-0.00370319  0.00175193
 0.00518004 -0.00743211
-0.00743211   0.0135053
0.000736627 0.000480404
0.000480404  0.00727671
 0.00050477 5.03283e-05
5.03283e-05 0.000472052
 0.0104399 -0.0114001
-0.0114001   0.014439
 0.00123973 -0.00216588
-0.00216588   0.0107536
  0.0141142 -0.00826839
-0.00826839  0.00593764
 0.00120851 -0.00027771
-0.00027771 0.000566312
 0.00486159 -0.00728028
-0.00728028   0.0139796
  0.0147338 -0.00970444
-0.00970444  0.00759676
 0.00511744 -0.00635232
-0.00635232   0.0103084
 0.00645249 -0.00852317
-0.00852317   0.0137644
0.000775395 0.000733603
0.000733603  0.00564315
 0.00356875 -0.00505448
-0.00505448   0.0101946
 0.0148497 -0.0127324
-0.0127324  0.0124919
0.000823028 0.000808334
0.000808334  0.00902424
 0.000660545 -0.000120212
-0.000120212  0.000500184
0.000950172  0.00125727
 0.00125727   0.0110839
 0.0039564 0.00051721
0.00051721 0.00064133
  0.0127694  0.00125161
 0.00125161 0.000936354
0.000898723 0.000900575
0.000900575    0.013665
0.000548448 0.000214605
0.000214605  0.00130366
  0.0132807  9.3611e-05
 9.3611e-05 0.000747254
  0.0110324 -0.00791543
-0.00791543  0.00693929
 0.0141627 -0.0122601
-0.0122601  0.0121418
 0.00312242 0.000380417
0.000380417 0.000586768
 0.00861603 -0.00894267
-0.00894267   0.0111157
0.000526342 -0.00017756
-0.00017756  0.00095052
 0.00199751 -0.00348495
-0.00348495   0.0108819
0.000684242  0.00052473
 0.00052473  0.00344881
0.000442729 2.54494e-06
2.54494e-06 0.000444807
  0.0104283 -0.00946157
-0.00946157    0.010156
 0.00198814 -0.00337077
-0.00337077   0.0104217
  0.0114589 -0.00645678
-0.00645678  0.00468576
0.000482155 4.13908e-05
4.13908e-05 0.000517627
0.000637808 0.000414649
0.000414649  0.00310276
0.000846445  0.00088431
 0.00088431   0.0100686
  0.0111682 -0.00906516
-0.00906516   0.0087604
 0.0125378 -0.0122351
-0.0122351  0.0136789
 0.00416107 -0.00588132
-0.00588132   0.0111751
  0.0042798 -0.00603627
-0.00603627   0.0113455
  0.00274626 -0.000406667
-0.000406667   0.00058424
0.000478787 7.22526e-06
7.22526e-06  0.00044452
 0.00726338 -0.00942622
-0.00942622   0.0147494
 0.00864785 -0.00088647
-0.00088647 0.000771015
 0.0109064 -0.0041338
-0.0041338 0.00243149
  0.0105168 -0.00545198
-0.00545198  0.00385549
   0.0135103 -0.000159368
-0.000159368  0.000745059
  0.00062538 -0.000102831
-0.000102831  0.000487022
   0.0012252 -0.000161795
-0.000161795  0.000491976
 0.00155143 -0.00319883
-0.00319883   0.0141331
 0.0137655 -0.0110656
-0.0110656  0.0102857
 0.00152037 0.000166689
0.000166689 0.000501597
0.0103453 -0.011044
-0.011044 0.0136876
  0.00817478 -0.000808883
-0.000808883  0.000753042
  0.0027467 0.000398105
0.000398105 0.000592408
  0.0134348 -0.00729442
-0.00729442    0.004989
 0.00301642 0.000419384
0.000419384 0.000600324
0.000690672 -0.00013265
-0.00013265 0.000508209
   0.0136229 -0.000459329
-0.000459329  0.000753551
  0.0106703  0.00115693
 0.00115693 0.000892526
  0.0136043   -0.001073
  -0.001073 0.000813896
 0.00658965 -0.00748398
-0.00748398   0.0106048
  0.00827196 -0.000369401
-0.000369401  0.000694536
 0.00131992 -0.00264085
-0.00264085   0.0133657
0.000827518 0.000356362
0.000356362   0.0142253
  0.0142746 -0.00224155
-0.00224155  0.00110185
0.000876483  -0.0011878
 -0.0011878   0.0136945
