1.76151e-05 4.64639e-07
4.64639e-07 1.14641e-05
1.92189e-05 4.70927e-07
4.70927e-07 1.22039e-05
1.94279e-05 2.68387e-07
2.68387e-07 1.25349e-05
 1.89639e-05 -7.09288e-08
-7.09288e-08  1.27731e-05
 1.80406e-05 -5.32899e-07
-5.32899e-07  1.31023e-05
 1.68692e-05 -1.05686e-06
-1.05686e-06  1.34231e-05
  1.4907e-05 -1.29822e-06
-1.29822e-06  1.42628e-05
 1.32114e-05 -1.22348e-06
-1.22348e-06  1.50811e-05
 1.17459e-05 -4.90672e-07
-4.90672e-07  1.61699e-05
1.11825e-05 1.87614e-07
1.87614e-07  1.6184e-05
1.14176e-05 5.98318e-07
5.98318e-07  1.5898e-05
1.17862e-05  4.4094e-07
 4.4094e-07 1.55505e-05
1.19654e-05 1.03365e-07
1.03365e-07 1.55959e-05
 1.19816e-05 -1.82401e-08
-1.82401e-08  1.61955e-05
1.22107e-05 2.05211e-07
2.05211e-07 1.69178e-05
1.26469e-05 7.97708e-07
7.97708e-07 1.69297e-05
1.36641e-05   1.443e-06
  1.443e-06 1.64013e-05
1.53524e-05 2.02239e-06
2.02239e-06 1.53452e-05
1.73455e-05 2.75649e-06
2.75649e-06 1.43456e-05
1.90628e-05 3.09554e-06
3.09554e-06 1.39443e-05
 1.9457e-05 3.23124e-06
3.23124e-06 1.38716e-05
 1.8547e-05 2.90875e-06
2.90875e-06 1.40823e-05
 1.6749e-05 2.11759e-06
2.11759e-06  1.4629e-05
1.48686e-05 -4.1214e-07
-4.1214e-07  1.5605e-05
 1.56406e-05 -2.59954e-06
-2.59954e-06  1.62799e-05
 1.67035e-05 -4.26942e-06
-4.26942e-06   1.7045e-05
1.74668e-05 -4.9393e-06
-4.9393e-06 1.73266e-05
 1.66882e-05 -3.97871e-06
-3.97871e-06  1.75221e-05
 1.52401e-05 -2.14088e-06
-2.14088e-06  1.78433e-05
 1.5623e-05 2.80005e-07
2.80005e-07 1.76261e-05
1.72623e-05 2.68018e-06
2.68018e-06 1.75276e-05
1.91196e-05 3.71675e-06
3.71675e-06 1.74587e-05
2.18031e-05  4.3826e-06
 4.3826e-06 1.72636e-05
2.46284e-05 4.30886e-06
4.30886e-06 1.68058e-05
2.67013e-05 3.59244e-06
3.59244e-06 1.63064e-05
2.83839e-05 2.60894e-06
2.60894e-06 1.57715e-05
 2.9126e-05 1.28105e-06
1.28105e-06  1.5077e-05
2.85462e-05  3.9458e-07
 3.9458e-07 1.50628e-05
  2.6513e-05 -4.97595e-07
-4.97595e-07  1.51619e-05
 2.28912e-05 -2.78398e-07
-2.78398e-07   1.5908e-05
2.02661e-05  4.8649e-07
 4.8649e-07 1.66861e-05
1.89083e-05 2.27785e-06
2.27785e-06 1.78107e-05
1.91287e-05 4.40508e-06
4.40508e-06 1.89521e-05
2.11906e-05 6.65083e-06
6.65083e-06 2.01922e-05
2.26504e-05 6.97621e-06
6.97621e-06 1.95046e-05
2.26703e-05 6.21628e-06
6.21628e-06 1.87371e-05
2.17499e-05 4.49153e-06
4.49153e-06 1.75429e-05
2.09111e-05 3.13997e-06
3.13997e-06  1.6922e-05
1.95894e-05 1.96212e-06
1.96212e-06 1.66919e-05
1.80678e-05 5.37984e-07
5.37984e-07 1.68965e-05
   1.694e-05 -8.47574e-07
-8.47574e-07  1.72531e-05
 1.59666e-05 -2.30524e-06
-2.30524e-06  1.79958e-05
 1.61382e-05 -4.38476e-06
-4.38476e-06   1.9139e-05
 1.72371e-05 -6.57888e-06
-6.57888e-06  2.03163e-05
1.93838e-05 -8.8727e-06
-8.8727e-06  2.1059e-05
 2.03663e-05 -9.37658e-06
-9.37658e-06  2.06351e-05
 1.99023e-05 -8.37855e-06
-8.37855e-06  1.91321e-05
 1.85353e-05 -6.20392e-06
-6.20392e-06  1.67625e-05
 1.70796e-05 -4.32906e-06
-4.32906e-06  1.50475e-05
  1.6426e-05 -3.25893e-06
-3.25893e-06  1.41547e-05
 1.54505e-05 -2.16637e-06
-2.16637e-06  1.35065e-05
 1.41228e-05 -1.17679e-06
-1.17679e-06   1.3344e-05
1.32455e-05 3.23453e-08
3.23453e-08  1.3343e-05
1.27437e-05 1.19704e-06
1.19704e-06 1.33723e-05
1.23828e-05 1.74849e-06
1.74849e-06 1.35235e-05
1.15885e-05 1.54093e-06
1.54093e-06 1.41561e-05
1.08191e-05  1.0377e-06
 1.0377e-06 1.52376e-05
1.06475e-05 5.23161e-07
5.23161e-07 1.51487e-05
1.11686e-05 2.76315e-07
2.76315e-07 1.45402e-05
1.22956e-05 6.38503e-07
6.38503e-07  1.3413e-05
 1.3594e-05 5.84955e-07
5.84955e-07 1.28874e-05
1.46524e-05 4.41315e-07
4.41315e-07 1.27615e-05
 1.5568e-05 1.27932e-07
1.27932e-07 1.27948e-05
 1.60509e-05 -1.31276e-07
-1.31276e-07  1.28563e-05
 1.64429e-05 -2.36477e-07
-2.36477e-07   1.2945e-05
 1.65203e-05 -1.15574e-07
-1.15574e-07  1.29397e-05
1.62317e-05 3.87159e-07
3.87159e-07   1.299e-05
1.59279e-05 1.20206e-06
1.20206e-06 1.31672e-05
 1.5627e-05 2.17727e-06
2.17727e-06 1.34516e-05
1.66202e-05 4.50378e-06
4.50378e-06 1.44029e-05
 1.7921e-05 6.70475e-06
6.70475e-06 1.56527e-05
1.94604e-05 8.87367e-06
8.87367e-06 1.72395e-05
1.97918e-05  1.0094e-05
 1.0094e-05 1.83534e-05
1.70124e-05  9.0215e-06
 9.0215e-06 1.87193e-05
1.26549e-05 5.45546e-06
5.45546e-06 1.68752e-05
1.01258e-05 2.84178e-06
2.84178e-06 1.58752e-05
9.52818e-06 1.12266e-06
1.12266e-06 1.51349e-05
 9.07638e-06 -6.23937e-07
-6.23937e-07  1.44641e-05
 9.27796e-06 -1.52023e-06
-1.52023e-06   1.4485e-05
 9.79644e-06 -2.54265e-06
-2.54265e-06  1.47819e-05
1.06757e-05 -3.5447e-06
-3.5447e-06 1.52298e-05
 1.24751e-05 -4.63437e-06
-4.63437e-06  1.52646e-05
   1.44e-05  -5.029e-06
 -5.029e-06 1.47486e-05
 1.56697e-05 -4.87105e-06
-4.87105e-06   1.4231e-05
 1.68374e-05 -4.33443e-06
-4.33443e-06  1.36457e-05
  1.8087e-05 -3.65584e-06
-3.65584e-06  1.30487e-05
 1.86996e-05 -3.02599e-06
-3.02599e-06  1.27849e-05
 1.90638e-05 -2.62793e-06
-2.62793e-06  1.25167e-05
 1.94166e-05 -2.40291e-06
-2.40291e-06  1.21845e-05
1.94576e-05  -2.347e-06
 -2.347e-06 1.17364e-05
 1.1151e-05 2.47947e-06
2.47947e-06 1.94143e-05
 1.0823e-05 1.35996e-06
1.35996e-06 1.84977e-05
1.08679e-05 6.81001e-07
6.81001e-07  1.7583e-05
 1.0935e-05 1.86818e-07
1.86818e-07  1.6693e-05
1.08608e-05 1.60845e-08
1.60845e-08 1.62182e-05
 1.07462e-05 -3.28333e-07
-3.28333e-07   1.6404e-05
 1.05589e-05 -7.30539e-07
-7.30539e-07  1.67263e-05
 1.04035e-05 -1.25743e-06
-1.25743e-06   1.7073e-05
 1.04966e-05 -1.97171e-06
-1.97171e-06  1.73385e-05
 1.08426e-05 -2.55911e-06
-2.55911e-06  1.73405e-05
 1.12621e-05 -2.88271e-06
-2.88271e-06  1.70167e-05
  1.1753e-05 -2.90154e-06
-2.90154e-06  1.66391e-05
 1.22701e-05 -2.61453e-06
-2.61453e-06   1.6279e-05
 1.26096e-05 -2.00481e-06
-2.00481e-06  1.57182e-05
  1.2711e-05 -1.06211e-06
-1.06211e-06  1.52809e-05
 1.30886e-05 -1.30354e-07
-1.30354e-07  1.50321e-05
1.34287e-05 9.05806e-07
9.05806e-07 1.49616e-05
1.41088e-05 1.48873e-06
1.48873e-06 1.48452e-05
1.46254e-05 1.86149e-06
1.86149e-06 1.47388e-05
1.49877e-05 1.73729e-06
1.73729e-06 1.45051e-05
1.52343e-05 1.30165e-06
1.30165e-06 1.43196e-05
1.53138e-05 5.46905e-07
5.46905e-07 1.39924e-05
 1.53538e-05 -7.22818e-08
-7.22818e-08  1.38416e-05
 1.52642e-05 -6.23726e-07
-6.23726e-07  1.37727e-05
 1.49963e-05 -9.00273e-07
-9.00273e-07  1.37487e-05
 1.44311e-05 -7.69528e-07
-7.69528e-07    1.376e-05
 1.37855e-05 -2.62647e-07
-2.62647e-07  1.37116e-05
 1.3511e-05  5.1221e-07
 5.1221e-07 1.35813e-05
1.32204e-05 1.21003e-06
1.21003e-06 1.36357e-05
1.30209e-05 1.75497e-06
1.75497e-06 1.36216e-05
1.25303e-05 1.62154e-06
1.62154e-06 1.37299e-05
1.19168e-05 1.09303e-06
1.09303e-06 1.38592e-05
1.13523e-05 1.82719e-07
1.82719e-07 1.39515e-05
  1.1248e-05 -4.98158e-07
-4.98158e-07  1.42308e-05
 1.11013e-05 -9.58493e-07
-9.58493e-07  1.46399e-05
 1.12304e-05 -1.19461e-06
-1.19461e-06  1.46528e-05
 1.15415e-05 -1.16904e-06
-1.16904e-06  1.44872e-05
 1.21243e-05 -9.74337e-07
-9.74337e-07  1.40269e-05
 1.28311e-05 -6.14761e-07
-6.14761e-07  1.34554e-05
 1.35022e-05 -2.79326e-07
-2.79326e-07  1.31749e-05
1.40734e-05 1.86905e-07
1.86905e-07  1.3036e-05
1.44477e-05 7.68922e-07
7.68922e-07 1.30976e-05
1.44896e-05 1.18215e-06
1.18215e-06 1.32269e-05
1.42668e-05 1.43592e-06
1.43592e-06  1.3358e-05
1.38471e-05 1.51594e-06
1.51594e-06 1.35183e-05
1.31898e-05 1.46112e-06
1.46112e-06 1.37667e-05
1.25624e-05  1.2336e-06
 1.2336e-06 1.38836e-05
1.18458e-05 9.12429e-07
9.12429e-07 1.40035e-05
1.13023e-05 7.22847e-07
7.22847e-07 1.42411e-05
1.07964e-05 8.12157e-07
8.12157e-07 1.46832e-05
1.04509e-05 1.57592e-06
1.57592e-06 1.58438e-05
1.06172e-05 2.58935e-06
2.58935e-06  1.6811e-05
1.12416e-05 3.81852e-06
3.81852e-06 1.79704e-05
1.17077e-05 3.85641e-06
3.85641e-06 1.76565e-05
1.19151e-05 2.88344e-06
2.88344e-06 1.65444e-05
1.29524e-05 2.09256e-06
2.09256e-06 1.57078e-05
1.33477e-05 7.89008e-07
7.89008e-07  1.4739e-05
1.44045e-05 5.73184e-08
5.73184e-08 1.48641e-05
 1.61373e-05 -1.20173e-06
-1.20173e-06  1.51403e-05
 1.85773e-05 -2.35166e-06
-2.35166e-06  1.49776e-05
 2.13699e-05 -2.93223e-06
-2.93223e-06  1.50511e-05
 2.34353e-05 -3.11143e-06
-3.11143e-06   1.5106e-05
 2.52078e-05 -3.10141e-06
-3.10141e-06  1.52651e-05
 2.64266e-05 -3.14689e-06
-3.14689e-06  1.56849e-05
 2.73574e-05 -3.38544e-06
-3.38544e-06   1.6171e-05
 2.80472e-05 -3.73156e-06
-3.73156e-06  1.66466e-05
 2.82361e-05 -3.99685e-06
-3.99685e-06  1.70766e-05
 2.76333e-05 -4.10548e-06
-4.10548e-06  1.74593e-05
 2.63401e-05 -4.28059e-06
-4.28059e-06  1.80117e-05
 2.54411e-05 -5.36327e-06
-5.36327e-06   1.9067e-05
 2.54801e-05 -6.89131e-06
-6.89131e-06  2.04627e-05
 2.63353e-05 -8.55506e-06
-8.55506e-06  2.16963e-05
 2.90292e-05 -1.09737e-05
-1.09737e-05  2.28584e-05
 3.09423e-05 -1.22048e-05
-1.22048e-05  2.31751e-05
 3.21244e-05 -1.25097e-05
-1.25097e-05  2.28143e-05
 3.23096e-05 -1.22076e-05
-1.22076e-05  2.22982e-05
 3.10034e-05 -1.13808e-05
-1.13808e-05  2.16993e-05
 2.89713e-05 -1.05984e-05
-1.05984e-05  2.13858e-05
 2.51837e-05 -9.42519e-06
-9.42519e-06  2.16796e-05
 2.18112e-05 -7.98261e-06
-7.98261e-06  2.19693e-05
 1.8003e-05 -6.0298e-06
-6.0298e-06 2.22441e-05
  1.5494e-05 -3.93551e-06
-3.93551e-06  2.25978e-05
  1.4071e-05 -1.28636e-06
-1.28636e-06   2.3118e-05
1.40461e-05  1.0166e-06
 1.0166e-06 2.32914e-05
1.48744e-05 3.20132e-06
3.20132e-06 2.27693e-05
1.66291e-05 5.29156e-06
5.29156e-06 2.31349e-05
1.76151e-05 5.94708e-06
5.94708e-06 2.23888e-05
1.93467e-05 6.71589e-06
6.71589e-06 2.26235e-05
1.92117e-05 5.94501e-06
5.94501e-06 2.16455e-05
1.90037e-05  5.1031e-06
 5.1031e-06 2.11748e-05
1.86097e-05 3.94927e-06
3.94927e-06 2.04771e-05
 1.8206e-05 2.65714e-06
2.65714e-06 2.00725e-05
1.80688e-05 1.22797e-06
1.22797e-06 1.95265e-05
 1.83062e-05 -7.57899e-08
-7.57899e-08  1.89766e-05
1.86927e-05 -1.1523e-06
-1.1523e-06 1.85763e-05
 1.97782e-05 -2.27105e-06
-2.27105e-06  1.79738e-05
 2.05933e-05 -3.25611e-06
-3.25611e-06    1.742e-05
 2.17613e-05 -4.10834e-06
-4.10834e-06  1.63539e-05
  2.2806e-05 -4.97441e-06
-4.97441e-06  1.57755e-05
 2.37499e-05 -5.89957e-06
-5.89957e-06  1.50341e-05
1.45913e-05  7.0472e-06
 7.0472e-06  2.4158e-05
1.21277e-05 4.00828e-06
4.00828e-06  2.2434e-05
1.09169e-05 1.40964e-06
1.40964e-06 2.01055e-05
1.10713e-05 1.35287e-07
1.35287e-07 1.90236e-05
 1.12502e-05 -7.37018e-07
-7.37018e-07   1.7778e-05
 1.16444e-05 -1.25873e-06
-1.25873e-06  1.68762e-05
 1.21103e-05 -1.52203e-06
-1.52203e-06  1.61456e-05
 1.23337e-05 -1.57665e-06
-1.57665e-06  1.56253e-05
 1.24466e-05 -1.63989e-06
-1.63989e-06  1.55538e-05
 1.23153e-05 -1.76932e-06
-1.76932e-06  1.53723e-05
 1.23036e-05 -2.08696e-06
-2.08696e-06  1.54666e-05
 1.30333e-05 -2.78876e-06
-2.78876e-06  1.56519e-05
 1.40948e-05 -3.60045e-06
-3.60045e-06  1.60045e-05
 1.37645e-05 -3.35831e-06
-3.35831e-06  1.55845e-05
 1.35558e-05 -3.07914e-06
-3.07914e-06  1.51361e-05
 1.31255e-05 -2.71302e-06
-2.71302e-06  1.47153e-05
 1.24853e-05 -2.33003e-06
-2.33003e-06  1.45519e-05
  1.2134e-05 -2.46148e-06
-2.46148e-06  1.53607e-05
 1.12537e-05 -1.98383e-06
-1.98383e-06  1.54633e-05
 1.05869e-05 -8.74372e-07
-8.74372e-07  1.54565e-05
 1.01604e-05 -2.62278e-07
-2.62278e-07  1.50928e-05
1.01002e-05 3.43518e-07
3.43518e-07  1.5492e-05
9.97963e-06 8.81946e-07
8.81946e-07 1.57698e-05
 1.0411e-05 1.74021e-06
1.74021e-06 1.61828e-05
1.12542e-05 2.36318e-06
2.36318e-06 1.56491e-05
1.22716e-05 2.56017e-06
2.56017e-06 1.49373e-05
1.34533e-05 2.22303e-06
2.22303e-06  1.4311e-05
1.46412e-05 1.98621e-06
1.98621e-06 1.38942e-05
 1.5866e-05 1.60553e-06
1.60553e-06 1.36481e-05
1.70457e-05 1.23087e-06
1.23087e-06 1.35665e-05
1.79664e-05 9.17698e-07
9.17698e-07 1.35925e-05
1.84161e-05 7.80489e-07
7.80489e-07 1.36501e-05
1.87638e-05 6.55217e-07
6.55217e-07 1.38131e-05
1.86409e-05 6.77245e-07
6.77245e-07 1.39726e-05
1.80318e-05 7.60346e-07
7.60346e-07 1.41461e-05
 1.7169e-05 9.19844e-07
9.19844e-07  1.4422e-05
1.63023e-05 1.05627e-06
1.05627e-06 1.48233e-05
1.54837e-05 1.22744e-06
1.22744e-06 1.52528e-05
1.50622e-05 1.36051e-06
1.36051e-06 1.55064e-05
1.49037e-05 1.41478e-06
1.41478e-06 1.53292e-05
1.50311e-05 1.22745e-06
1.22745e-06 1.50646e-05
1.52885e-05 8.35659e-07
8.35659e-07 1.46976e-05
1.53652e-05 2.70366e-07
2.70366e-07 1.42669e-05
 1.54325e-05 -5.14019e-07
-5.14019e-07  1.40235e-05
 1.55078e-05 -1.76056e-06
-1.76056e-06  1.40253e-05
1.56598e-05 -2.6869e-06
-2.6869e-06 1.41873e-05
 1.61699e-05 -3.64893e-06
-3.64893e-06  1.43147e-05
 1.60752e-05 -3.77331e-06
-3.77331e-06  1.42381e-05
 1.55702e-05 -3.14795e-06
-3.14795e-06  1.38161e-05
  1.5013e-05 -1.98578e-06
-1.98578e-06  1.31526e-05
 1.50677e-05 -8.76504e-07
-8.76504e-07  1.25382e-05
 1.5407e-05 2.05747e-07
2.05747e-07 1.18684e-05
1.61205e-05 6.81184e-07
6.81184e-07 1.14477e-05
1.60692e-05 7.91299e-07
7.91299e-07 1.09255e-05
1.53667e-05 5.78772e-07
5.78772e-07 1.08169e-05
 1.3581e-05 1.36039e-07
1.36039e-07 1.08734e-05
1.20698e-05  1.5573e-07
 1.5573e-07 1.12216e-05
1.06535e-05 3.65858e-07
3.65858e-07 1.17774e-05
9.71847e-06 9.18681e-07
9.18681e-07 1.23901e-05
9.29209e-06  1.2571e-06
 1.2571e-06  1.2503e-05
9.17246e-06 1.08868e-06
1.08868e-06 1.22399e-05
9.34852e-06 7.54812e-07
7.54812e-07 1.14291e-05
9.85848e-06 4.97705e-07
4.97705e-07 1.06387e-05
1.06934e-05 6.33958e-07
6.33958e-07 9.94348e-06
1.13602e-05 7.79952e-07
7.79952e-07 9.62394e-06
1.16752e-05 1.03285e-06
1.03285e-06   9.526e-06
1.14877e-05 1.16333e-06
1.16333e-06 9.63153e-06
1.08544e-05  1.2203e-06
 1.2203e-06 9.89719e-06
9.96457e-06  1.1525e-06
 1.1525e-06 1.02769e-05
9.31153e-06 8.55572e-07
8.55572e-07 1.08551e-05
8.87531e-06 5.94644e-07
5.94644e-07 1.10178e-05
8.55264e-06 3.61431e-07
3.61431e-07 1.08582e-05
8.51936e-06 3.48524e-07
3.48524e-07 1.06656e-05
8.57755e-06 3.60835e-07
3.60835e-07 1.05939e-05
8.69878e-06 2.89033e-07
2.89033e-07 1.03223e-05
8.93002e-06 3.98131e-08
3.98131e-08 1.00705e-05
 9.35143e-06 -4.52849e-07
-4.52849e-07  9.62667e-06
 9.78573e-06 -7.92025e-07
-7.92025e-07  9.24141e-06
 1.00827e-05 -9.53937e-07
-9.53937e-07  8.96678e-06
 9.99472e-06 -8.80512e-07
-8.80512e-07   8.8303e-06
 9.55069e-06 -7.07594e-07
-7.07594e-07   8.9826e-06
 8.79883e-06 -3.35309e-07
-3.35309e-07  9.17205e-06
8.17163e-06 5.56495e-08
5.56495e-08 9.51958e-06
7.80829e-06 3.20101e-07
3.20101e-07 9.76007e-06
7.61676e-06 6.02312e-07
6.02312e-07 9.78802e-06
7.42814e-06 7.04407e-07
7.04407e-07 9.73393e-06
7.13803e-06  6.2602e-07
 6.2602e-07 9.67549e-06
 6.8334e-06 4.23148e-07
4.23148e-07 9.91543e-06
6.50698e-06 2.71988e-08
2.71988e-08 1.03601e-05
 6.23269e-06 -7.15069e-07
-7.15069e-07  1.08443e-05
 6.30117e-06 -1.31218e-06
-1.31218e-06  1.10515e-05
 6.65287e-06 -1.63782e-06
-1.63782e-06   1.1007e-05
 6.95265e-06 -1.60046e-06
-1.60046e-06  1.05629e-05
 7.33603e-06 -1.30518e-06
-1.30518e-06  1.04192e-05
7.68645e-06 -1.1898e-06
-1.1898e-06 1.02456e-05
 8.21501e-06 -1.32469e-06
-1.32469e-06  1.01898e-05
 8.90281e-06 -1.62086e-06
-1.62086e-06  1.02284e-05
 9.71033e-06 -2.09553e-06
-2.09553e-06  1.01732e-05
 1.04677e-05 -2.51303e-06
-2.51303e-06  1.00558e-05
 1.11125e-05 -2.86261e-06
-2.86261e-06   9.9505e-06
9.67597e-06 3.15413e-06
3.15413e-06 1.16059e-05
9.21528e-06 2.52219e-06
2.52219e-06 1.16869e-05
8.92503e-06 1.98004e-06
1.98004e-06 1.17133e-05
8.78617e-06 1.47564e-06
1.47564e-06 1.16186e-05
8.95967e-06 1.24741e-06
1.24741e-06 1.15979e-05
9.13464e-06 1.20534e-06
1.20534e-06 1.14637e-05
9.30866e-06 1.39554e-06
1.39554e-06 1.16285e-05
9.36648e-06 1.61369e-06
1.61369e-06 1.19939e-05
9.25578e-06 1.66838e-06
1.66838e-06 1.22734e-05
9.25782e-06 1.39769e-06
1.39769e-06 1.25989e-05
9.43451e-06 9.08613e-07
9.08613e-07 1.25071e-05
9.92025e-06 5.01082e-07
5.01082e-07 1.22331e-05
1.06825e-05 2.67418e-07
2.67418e-07 1.19796e-05
 1.1498e-05 2.73618e-08
2.73618e-08 1.16198e-05
 1.20377e-05 -3.62664e-08
-3.62664e-08  1.14584e-05
 1.24329e-05 -3.51755e-08
-3.51755e-08  1.15051e-05
  1.2786e-05 -8.92635e-09
-8.92635e-09  1.17438e-05
1.29459e-05 1.62496e-07
1.62496e-07 1.19635e-05
1.30255e-05 4.36366e-07
4.36366e-07 1.20065e-05
1.32158e-05 7.77875e-07
7.77875e-07 1.19963e-05
1.36522e-05 7.98084e-07
7.98084e-07 1.19849e-05
1.38736e-05 6.58869e-07
6.58869e-07 1.18037e-05
1.39685e-05 3.68933e-07
3.68933e-07 1.16619e-05
 1.38676e-05 -1.01006e-07
-1.01006e-07  1.15437e-05
 1.34945e-05 -4.79398e-07
-4.79398e-07  1.14944e-05
 1.29972e-05 -8.06734e-07
-8.06734e-07   1.1664e-05
 1.24237e-05 -9.18468e-07
-9.18468e-07  1.18011e-05
 1.16403e-05 -9.80525e-07
-9.80525e-07  1.20418e-05
 1.10004e-05 -9.88945e-07
-9.88945e-07  1.21615e-05
 1.05389e-05 -1.05125e-06
-1.05125e-06  1.22869e-05
 1.03663e-05 -1.24767e-06
-1.24767e-06  1.21698e-05
1.04837e-05 -1.5002e-06
-1.5002e-06 1.19829e-05
 1.06253e-05 -1.39305e-06
-1.39305e-06  1.11844e-05
 1.07237e-05 -1.17882e-06
-1.17882e-06  1.06019e-05
 1.05633e-05 -8.41634e-07
-8.41634e-07  1.03684e-05
 1.01503e-05 -4.38316e-07
-4.38316e-07  1.02356e-05
 9.48842e-06 -8.64563e-08
-8.64563e-08  1.03522e-05
  8.7348e-06 -1.19709e-08
-1.19709e-08  1.09889e-05
 8.32234e-06 -1.64008e-07
-1.64008e-07  1.14471e-05
 8.13398e-06 -3.87129e-07
-3.87129e-07  1.15741e-05
 8.20292e-06 -4.64423e-07
-4.64423e-07   1.1338e-05
 8.40415e-06 -3.18122e-07
-3.18122e-07   1.1119e-05
 8.64808e-06 -1.65307e-07
-1.65307e-07  1.09138e-05
8.80795e-06 1.08418e-07
1.08418e-07 1.10421e-05
 8.8699e-06  5.4175e-07
 5.4175e-07 1.15188e-05
8.98441e-06 1.28938e-06
1.28938e-06 1.23204e-05
9.56141e-06 2.12979e-06
2.12979e-06 1.30002e-05
1.02276e-05 2.77452e-06
2.77452e-06 1.34342e-05
1.09348e-05 2.99223e-06
2.99223e-06 1.34661e-05
 1.1593e-05 2.65917e-06
2.65917e-06 1.32796e-05
1.22482e-05 1.97987e-06
1.97987e-06 1.30565e-05
1.30096e-05 1.21673e-06
1.21673e-06 1.28443e-05
1.41879e-05 3.63378e-07
3.63378e-07 1.24316e-05
 1.57611e-05 -2.53543e-07
-2.53543e-07  1.20866e-05
 1.75188e-05 -8.59777e-07
-8.59777e-07   1.1993e-05
 1.92863e-05 -1.17863e-06
-1.17863e-06  1.18727e-05
 2.06817e-05 -1.28064e-06
-1.28064e-06  1.17761e-05
 2.12556e-05 -1.19839e-06
-1.19839e-06  1.17789e-05
 2.08279e-05 -1.07753e-06
-1.07753e-06  1.19308e-05
   1.967e-05 -9.58466e-07
-9.58466e-07  1.21813e-05
  1.8201e-05 -9.57096e-07
-9.57096e-07  1.25005e-05
 1.69073e-05 -9.54692e-07
-9.54692e-07  1.29205e-05
   1.598e-05 -9.96559e-07
-9.96559e-07  1.31582e-05
 1.53756e-05 -9.04374e-07
-9.04374e-07  1.31973e-05
 1.48992e-05 -5.84313e-07
-5.84313e-07  1.31557e-05
 1.4446e-05 3.30785e-08
3.30785e-08 1.29961e-05
1.39994e-05 1.00401e-06
1.00401e-06 1.29604e-05
1.37795e-05 1.90498e-06
1.90498e-06 1.31171e-05
1.37869e-05 3.02064e-06
3.02064e-06  1.3525e-05
1.37117e-05 4.21253e-06
4.21253e-06 1.43623e-05
1.33849e-05 4.78545e-06
4.78545e-06 1.50084e-05
1.26183e-05 4.72627e-06
4.72627e-06 1.54422e-05
1.14174e-05 3.78249e-06
3.78249e-06 1.52954e-05
1.05728e-05 2.58935e-06
2.58935e-06 1.44787e-05
 1.0499e-05 1.95955e-06
1.95955e-06 1.39245e-05
1.04259e-05 1.41965e-06
1.41965e-06 1.35669e-05
1.03593e-05 1.09279e-06
1.09279e-06 1.36948e-05
1.03428e-05 4.68595e-07
4.68595e-07 1.39486e-05
  1.0563e-05 -2.66994e-07
-2.66994e-07  1.35221e-05
 1.16264e-05 -2.48874e-07
-2.48874e-07  1.34207e-05
 1.23672e-05 -2.53745e-07
-2.53745e-07  1.27103e-05
1.33125e-05 1.64372e-07
1.64372e-07 1.23636e-05
1.37545e-05 3.50314e-07
3.50314e-07 1.21178e-05
1.49655e-05 1.16551e-06
1.16551e-06 1.24995e-05
1.38038e-05 6.85358e-07
6.85358e-07 1.22023e-05
1.34985e-05 8.49091e-07
8.49091e-07 1.26007e-05
1.28827e-05 8.44789e-07
8.44789e-07  1.3157e-05
1.19846e-05 4.64622e-07
4.64622e-07 1.37364e-05
1.13207e-05 4.02365e-09
4.02365e-09 1.43934e-05
 1.09182e-05 -8.03182e-07
-8.03182e-07  1.51245e-05
 1.08075e-05 -1.40651e-06
-1.40651e-06  1.54304e-05
  1.0924e-05 -1.70576e-06
-1.70576e-06  1.54562e-05
 1.11003e-05 -1.73966e-06
-1.73966e-06  1.55814e-05
 1.12374e-05 -1.66822e-06
-1.66822e-06   1.6002e-05
 1.12863e-05 -1.43409e-06
-1.43409e-06    1.611e-05
 1.14363e-05 -1.16602e-06
-1.16602e-06  1.66147e-05
 1.15468e-05 -8.18016e-07
-8.18016e-07  1.65573e-05
 1.16762e-05 -5.11371e-07
-5.11371e-07  1.70927e-05
 1.17139e-05 -2.99387e-07
-2.99387e-07  1.74452e-05
1.16835e-05 -2.3679e-07
-2.3679e-07 1.77271e-05
