1.56955e-05 1.37528e-07
1.37528e-07 1.47555e-05
 1.75697e-05 -6.64112e-08
-6.64112e-08  1.12826e-05
 1.29715e-05 -2.91987e-08
-2.91987e-08  9.45965e-06
1.59738e-05 7.23005e-08
7.23005e-08 1.10119e-05
1.96915e-05 -7.1645e-08
-7.1645e-08 1.28552e-05
 1.11635e-05 -1.12697e-07
-1.12697e-07  1.47224e-05
 1.06983e-05 -6.69859e-08
-6.69859e-08  1.61674e-05
  2.8455e-05 -3.93969e-07
-3.93969e-07  1.69713e-05
1.83475e-05 1.20326e-06
1.20326e-06 1.87471e-05
1.35257e-05 7.38484e-07
7.38484e-07 9.21786e-06
 1.08163e-05 -1.93094e-07
-1.93094e-07  9.41952e-06
1.16964e-05 -2.8223e-07
-2.8223e-07 1.57245e-05
9.84295e-06 8.74209e-08
8.74209e-08  1.3982e-05
 1.08107e-05 -7.15719e-07
-7.15719e-07   1.3027e-05
 1.06134e-05 -1.20594e-07
-1.20594e-07  1.16377e-05
 1.08174e-05 -2.58516e-07
-2.58516e-07  1.20296e-05
  1.6006e-05 -2.12687e-07
-2.12687e-07  1.06242e-05
1.43701e-05 6.42577e-08
6.42577e-08 1.09046e-05
 1.14871e-05 -3.31854e-07
-3.31854e-07  1.00355e-05
1.76054e-05 1.52072e-06
1.52072e-06 1.04331e-05
 5.3967e-05  2.6254e-05
 2.6254e-05 5.16188e-05
 1.75053e-05 -1.55556e-07
-1.55556e-07  1.20224e-05
  1.0836e-05 -1.95603e-07
-1.95603e-07  1.54441e-05
2.61176e-05 5.90231e-06
5.90231e-06 1.43648e-05
7.44469e-06 -2.1882e-07
-2.1882e-07 1.00872e-05
 1.63716e-05 -3.67104e-07
-3.67104e-07   1.0648e-05
9.34944e-06 1.58502e-07
1.58502e-07 9.71518e-06
1.07588e-05 3.71672e-08
3.71672e-08 9.23613e-06
1.62601e-05 1.45915e-07
1.45915e-07 1.12517e-05
 8.15747e-06 -1.09472e-08
-1.09472e-08  8.36263e-06
 1.32237e-05 -9.63342e-08
-9.63342e-08  1.10962e-05
 3.56742e-05 -9.27966e-06
-9.27966e-06  1.84968e-05
 8.13936e-06 -1.70048e-07
-1.70048e-07  1.00732e-05
 1.07646e-05 -5.79113e-07
-5.79113e-07  1.01835e-05
1.50972e-05 1.44561e-07
1.44561e-07 1.93857e-05
 1.15407e-05 -3.22256e-07
-3.22256e-07  1.38217e-05
 1.9179e-05 4.00481e-08
4.00481e-08 1.15196e-05
1.28109e-05 1.67453e-07
1.67453e-07 2.05932e-05
1.35236e-05 5.20777e-07
5.20777e-07 1.21255e-05
 1.66348e-05 -1.11867e-07
-1.11867e-07  1.09504e-05
1.34346e-05 1.43251e-07
1.43251e-07 1.07309e-05
 1.37631e-05 -1.87461e-06
-1.87461e-06  2.45926e-05
 2.83697e-05 -7.23746e-06
-7.23746e-06  1.59765e-05
2.20958e-05 1.23764e-07
1.23764e-07 1.31487e-05
1.27926e-05 8.40976e-08
8.40976e-08 1.79937e-05
1.19056e-05 2.89965e-07
2.89965e-07  1.4205e-05
 1.89006e-05 -2.29633e-07
-2.29633e-07  1.21679e-05
1.46393e-05 1.15958e-07
1.15958e-07 1.03597e-05
1.83345e-05 9.49129e-06
9.49129e-06 2.38718e-05
 6.73556e-06 -8.69437e-07
-8.69437e-07  6.78191e-06
1.18259e-05 2.76308e-08
2.76308e-08  1.0503e-05
1.45031e-05 1.65376e-07
1.65376e-07 1.09546e-05
 8.93234e-06 -1.63659e-07
-1.63659e-07  1.35673e-05
1.34713e-05 1.26712e-07
1.26712e-07 2.04839e-05
 1.4726e-05 3.49308e-07
3.49308e-07 2.26798e-05
 2.86093e-05 -2.44339e-07
-2.44339e-07  1.70276e-05
 1.53354e-05 -3.49715e-07
-3.49715e-07  1.85408e-05
1.60155e-05 5.82517e-09
5.82517e-09 1.17086e-05
 9.93241e-06 -2.46075e-07
-2.46075e-07  8.94002e-06
1.86141e-05 2.32513e-07
2.32513e-07 1.17675e-05
 8.9353e-06  5.8845e-07
 5.8845e-07 7.94154e-06
1.09835e-05 1.89778e-07
1.89778e-07 1.70422e-05
1.11732e-05 3.84383e-07
3.84383e-07 9.76329e-06
 1.81273e-05 -3.77696e-08
-3.77696e-08  1.19694e-05
 8.43918e-06 -5.90877e-07
-5.90877e-07  8.59704e-06
8.96509e-06 -1.9418e-07
-1.9418e-07 1.29729e-05
1.05332e-05 4.36708e-07
4.36708e-07 1.10558e-05
1.04398e-05 2.60792e-08
2.60792e-08 1.20649e-05
4.36985e-05 1.88723e-05
1.88723e-05 3.22125e-05
 2.04774e-05 -9.55566e-06
-9.55566e-06  3.87682e-05
 9.47316e-06 -6.40233e-07
-6.40233e-07  9.30308e-06
 1.14143e-05 -4.06179e-07
-4.06179e-07  1.08803e-05
1.36437e-05 1.68368e-07
1.68368e-07 1.33695e-05
1.15204e-05 5.27004e-07
5.27004e-07 1.49487e-05
 9.13246e-06 -8.95662e-08
-8.95662e-08  1.32508e-05
1.61328e-05 2.52045e-08
2.52045e-08  1.1249e-05
 1.21972e-05 -2.23207e-07
-2.23207e-07  1.67549e-05
 1.12973e-05 -2.77979e-07
-2.77979e-07  1.11959e-05
 1.3606e-05 2.86942e-07
2.86942e-07 1.00937e-05
 1.21645e-05 -2.22842e-07
-2.22842e-07  1.63831e-05
1.13472e-05 2.27121e-07
2.27121e-07 1.26445e-05
  1.6074e-05 -2.27667e-07
-2.27667e-07  1.20784e-05
2.11857e-05 1.93718e-07
1.93718e-07 1.24698e-05
2.16468e-05 4.19591e-07
4.19591e-07 1.51366e-05
 9.66981e-06 -3.34099e-08
-3.34099e-08  8.97416e-06
 9.41476e-06 -3.40274e-07
-3.40274e-07  8.81679e-06
 9.61621e-06 -7.08742e-10
-7.08742e-10  1.43987e-05
7.74263e-06 8.90349e-08
8.90349e-08  8.1245e-06
1.17666e-05 9.42478e-08
9.42478e-08 1.21923e-05
 1.53337e-05 -1.21211e-07
-1.21211e-07  1.10541e-05
1.82471e-05 1.04809e-06
1.04809e-06 1.76697e-05
 1.27546e-05 -2.17104e-07
-2.17104e-07  1.36199e-05
8.70233e-06 3.20087e-08
3.20087e-08 1.13009e-05
3.73302e-05 1.06428e-05
1.06428e-05 1.98617e-05
 7.63426e-06 -2.74904e-07
-2.74904e-07  9.74759e-06
 1.50268e-05 -1.01811e-06
-1.01811e-06  1.25804e-05
1.38815e-05 2.50079e-08
2.50079e-08 1.80188e-05
1.09125e-05 -8.3122e-08
-8.3122e-08 1.23767e-05
 6.71623e-06 -3.09264e-07
-3.09264e-07  6.96463e-06
1.03585e-05 1.03309e-08
1.03309e-08 1.76809e-05
 1.13867e-05 -3.56174e-07
-3.56174e-07  1.09248e-05
 9.31047e-06 -2.54409e-07
-2.54409e-07  9.76283e-06
 1.98798e-05 -1.44167e-07
-1.44167e-07  1.22317e-05
 9.50078e-06 -1.98775e-07
-1.98775e-07  1.51712e-05
 1.09243e-05 -5.54626e-07
-5.54626e-07  1.13268e-05
1.35614e-05 3.36863e-07
3.36863e-07 2.21215e-05
 1.71732e-05 -1.39247e-07
-1.39247e-07  1.14785e-05
 1.07903e-05 -9.37563e-09
-9.37563e-09  9.81941e-06
  1.299e-05  9.6983e-08
 9.6983e-08 9.89641e-06
8.11001e-06 1.44591e-07
1.44591e-07 8.61052e-06
9.75364e-06 4.22786e-07
4.22786e-07 1.76256e-05
1.78536e-05 3.36395e-07
3.36395e-07 1.17657e-05
 1.32559e-05 -2.68008e-07
-2.68008e-07  1.15895e-05
 1.13071e-05 -3.34209e-07
-3.34209e-07  1.15739e-05
 1.10682e-05 -1.85244e-07
-1.85244e-07  1.01954e-05
1.11821e-05 2.54259e-07
2.54259e-07 1.44677e-05
 3.86274e-05 -1.02267e-05
-1.02267e-05  1.97503e-05
1.18397e-05 -2.3601e-07
-2.3601e-07 1.75695e-05
  1.0113e-05 -5.85851e-08
-5.85851e-08  1.07372e-05
 1.21526e-05 -4.34227e-08
-4.34227e-08   1.6944e-05
8.75083e-06 7.55347e-08
7.55347e-08 8.75381e-06
1.35948e-05 1.44536e-09
1.44536e-09 1.21597e-05
1.46389e-05 -7.2127e-08
-7.2127e-08 1.01029e-05
1.64239e-05 9.78807e-08
9.78807e-08 1.07176e-05
 1.42801e-05 -4.98345e-07
-4.98345e-07  1.02555e-05
9.57669e-06 5.17299e-08
5.17299e-08 1.26725e-05
  2.0925e-05 -2.06676e-07
-2.06676e-07  1.25359e-05
1.19293e-05 1.14792e-07
1.14792e-07 9.75344e-06
  1.025e-05  4.0136e-08
 4.0136e-08 1.71298e-05
1.92069e-05 5.20698e-08
5.20698e-08 1.16264e-05
 1.02056e-05 -1.00124e-07
-1.00124e-07  9.30474e-06
1.59266e-05 5.27994e-07
5.27994e-07 2.32661e-05
2.18916e-05 1.80808e-08
1.80808e-08 1.29534e-05
 1.5763e-05 7.61453e-06
7.61453e-06 3.42426e-05
1.25571e-05 2.51497e-07
2.51497e-07 1.53539e-05
1.17271e-05 5.34894e-07
5.34894e-07 1.07272e-05
 1.48857e-05 -2.40071e-06
-2.40071e-06  2.82348e-05
 1.82837e-05 -4.38839e-08
-4.38839e-08  1.44785e-05
 4.11699e-05 -1.07011e-05
-1.07011e-05   2.5815e-05
 2.82551e-05 -1.40314e-05
-1.40314e-05  2.87606e-05
1.22424e-05 6.88653e-07
6.88653e-07 1.62841e-05
 1.36011e-05 -2.55359e-06
-2.55359e-06  1.70567e-05
 8.89328e-06 -7.48771e-08
-7.48771e-08  1.11216e-05
1.07123e-05  2.9649e-06
 2.9649e-06  2.0066e-05
 1.39487e-05 -7.63789e-08
-7.63789e-08  1.15886e-05
9.21457e-06 1.62926e-07
1.62926e-07 8.88161e-06
 1.1565e-05 5.34831e-07
5.34831e-07 1.70862e-05
1.38718e-05 -3.2052e-08
-3.2052e-08 1.13783e-05
 1.53278e-05 -1.22566e-07
-1.22566e-07  2.17115e-05
  1.914e-05 3.34974e-06
3.34974e-06 1.14374e-05
 8.65137e-06 -5.49194e-07
-5.49194e-07  8.82335e-06
1.89294e-05 1.38793e-08
1.38793e-08 1.24931e-05
  1.0257e-05 -1.49104e-07
-1.49104e-07  9.21498e-06
 2.6741e-05 1.93121e-06
1.93121e-06 1.28865e-05
 1.4246e-05 1.71554e-07
1.71554e-07 1.73697e-05
 1.19621e-05 -1.89466e-07
-1.89466e-07  1.59936e-05
 7.7869e-06 1.01528e-07
1.01528e-07 7.91847e-06
1.69797e-05 3.84772e-06
3.84772e-06 1.16307e-05
 1.07278e-05 -1.33417e-07
-1.33417e-07  9.68971e-06
 9.41742e-06 -1.50924e-07
-1.50924e-07  9.20534e-06
 1.74933e-05 -1.00439e-07
-1.00439e-07  1.22426e-05
1.55504e-05 5.07981e-06
5.07981e-06 2.55484e-05
 1.87233e-05 -2.69586e-08
-2.69586e-08  1.15733e-05
 1.69445e-05 -1.36287e-06
-1.36287e-06  1.34224e-05
1.24103e-05  2.1361e-08
 2.1361e-08  1.4301e-05
1.28773e-05 7.90379e-08
7.90379e-08 1.93799e-05
 1.17577e-05 -1.05554e-06
-1.05554e-06  1.63704e-05
1.05558e-05 2.11453e-07
2.11453e-07   1.021e-05
 1.09964e-05 -1.13191e-07
-1.13191e-07  1.02152e-05
 1.43506e-05 -1.00419e-07
-1.00419e-07  1.08968e-05
 7.47745e-06 -2.62952e-07
-2.62952e-07  9.25829e-06
 1.02599e-05 -8.20284e-08
-8.20284e-08  1.01622e-05
 9.62809e-06 -3.52987e-07
-3.52987e-07  8.91431e-06
 1.72593e-05 -9.65011e-07
-9.65011e-07  1.38422e-05
 1.56083e-05 -8.20644e-08
-8.20644e-08  1.17254e-05
9.02023e-06 1.47313e-07
1.47313e-07 9.19989e-06
1.57702e-05 -1.6418e-08
-1.6418e-08 1.19528e-05
1.25398e-05 7.39322e-07
7.39322e-07 1.10342e-05
1.10075e-05  1.2366e-08
 1.2366e-08 1.49128e-05
 2.75506e-05 -7.00849e-07
-7.00849e-07  1.65225e-05
1.03616e-05 5.00301e-07
5.00301e-07 1.19591e-05
 1.5836e-05 2.28899e-07
2.28899e-07 1.06407e-05
 9.85961e-06 -1.67863e-07
-1.67863e-07  1.20964e-05
 8.76748e-06 -1.69079e-07
-1.69079e-07  9.38038e-06
 2.84747e-05 -7.50955e-06
-7.50955e-06  1.62658e-05
 1.16857e-05 -2.54004e-07
-2.54004e-07  1.64869e-05
 1.0724e-05 3.64238e-07
3.64238e-07 9.60706e-06
