8.97464e-06  7.7507e-08
 7.7507e-08 6.16672e-06
 1.00649e-05 -4.12096e-07
-4.12096e-07  7.21841e-06
 8.45865e-06 -3.88802e-07
-3.88802e-07  6.24855e-06
 8.35478e-06 -2.30555e-07
-2.30555e-07  7.58617e-06
9.00953e-06 7.16714e-08
7.16714e-08 8.23351e-06
 7.7622e-06 3.52494e-07
3.52494e-07 8.07924e-06
7.62969e-06 -5.8464e-08
-5.8464e-08  7.9714e-06
 1.42684e-05 -1.10122e-07
-1.10122e-07  8.96455e-06
7.20654e-06  3.9398e-07
 3.9398e-07 9.54336e-06
8.94926e-06 2.98477e-07
2.98477e-07 5.72653e-06
7.04106e-06 4.49915e-07
4.49915e-07 6.06712e-06
 7.15825e-06 -4.52949e-07
-4.52949e-07  8.30569e-06
6.98848e-06 2.58353e-08
2.58353e-08 7.43661e-06
7.81778e-06 3.36453e-08
3.36453e-08 8.33796e-06
6.90785e-06 3.84766e-07
3.84766e-07 7.56242e-06
 6.57292e-06 -4.75428e-07
-4.75428e-07  6.73947e-06
1.03784e-05  1.6853e-07
 1.6853e-07 6.94906e-06
 7.34482e-06 -8.60286e-08
-8.60286e-08  7.29198e-06
7.46549e-06 4.71017e-08
4.71017e-08 5.60215e-06
1.10494e-05 7.53199e-07
7.53199e-07 6.49739e-06
2.46854e-05  1.1687e-05
 1.1687e-05 2.40366e-05
 8.59483e-06 -1.19099e-07
-1.19099e-07  7.92092e-06
7.58846e-06  -5.766e-08
 -5.766e-08 7.65947e-06
1.50851e-05 3.15134e-06
3.15134e-06 8.95587e-06
 5.26778e-06 -2.22038e-07
-2.22038e-07  7.39593e-06
1.05403e-05 5.65495e-08
5.65495e-08 6.90629e-06
6.99723e-06 4.80002e-07
4.80002e-07 6.81324e-06
6.21482e-06 2.96709e-08
2.96709e-08 6.38997e-06
 8.14355e-06 -7.15797e-08
-7.15797e-08  7.62691e-06
 5.99374e-06 -3.91419e-08
-3.91419e-08  5.22293e-06
 6.87362e-06 -1.04269e-07
-1.04269e-07  7.26765e-06
 1.88418e-05 -4.69917e-06
-4.69917e-06  1.09914e-05
6.09611e-06 -4.0871e-07
-4.0871e-07 6.83089e-06
 6.57234e-06 -4.58203e-07
-4.58203e-07  5.76338e-06
 8.98419e-06 -6.85096e-08
-6.85096e-08  8.33591e-06
 7.78192e-06 -7.51141e-08
-7.51141e-08  7.77859e-06
 1.11732e-05 -3.14979e-07
-3.14979e-07  7.51742e-06
8.52359e-06 1.17031e-07
1.17031e-07 9.23158e-06
8.18631e-06 6.45695e-08
6.45695e-08 5.78611e-06
 8.48326e-06 -8.45743e-08
-8.45743e-08  7.67157e-06
7.95279e-06 4.33845e-07
4.33845e-07 7.29666e-06
  8.1653e-06 -8.16148e-07
-8.16148e-07  1.38277e-05
 1.63759e-05 -4.02812e-06
-4.02812e-06  9.92741e-06
 1.01988e-05 -9.36675e-09
-9.36675e-09  8.71429e-06
8.55355e-06 7.97355e-08
7.97355e-08 9.16951e-06
 6.08167e-06 -4.35085e-08
-4.35085e-08  7.86569e-06
 9.41654e-06 -5.83144e-09
-5.83144e-09  8.50146e-06
 7.85977e-06 -4.74307e-08
-4.74307e-08  7.18626e-06
1.11734e-05 5.25463e-06
5.25463e-06 1.39502e-05
 4.88736e-06 -8.88448e-07
-8.88448e-07  5.05816e-06
 6.75611e-06 -5.59876e-08
-5.59876e-08  7.12021e-06
 7.98352e-06 -3.48143e-07
-3.48143e-07  7.57738e-06
 6.49363e-06 -3.88986e-07
-3.88986e-07  8.84452e-06
 8.66426e-06 -1.04134e-07
-1.04134e-07   9.3574e-06
 9.25664e-06 -1.41238e-08
-1.41238e-08  1.01436e-05
 1.43362e-05 -6.25698e-08
-6.25698e-08  9.00256e-06
  9.0649e-06 -7.16527e-08
-7.16527e-08   8.3985e-06
  8.2434e-06 -9.97245e-09
-9.97245e-09  7.81105e-06
6.78034e-06 4.07247e-08
4.07247e-08 5.65338e-06
  8.9409e-06 -6.76239e-08
-6.76239e-08  7.99435e-06
5.87335e-06  8.8234e-07
 8.8234e-07 5.31306e-06
7.58134e-06 6.58852e-08
6.58852e-08 8.42526e-06
7.29971e-06 5.71047e-07
5.71047e-07 6.52273e-06
8.90731e-06 2.36099e-07
2.36099e-07 8.09436e-06
 5.95975e-06 -9.57098e-07
-9.57098e-07  6.17766e-06
 6.59689e-06 -4.34009e-07
-4.34009e-07  8.26316e-06
 7.31479e-06 -4.19085e-08
-4.19085e-08  6.17377e-06
5.56359e-06 2.05142e-09
2.05142e-09 7.23418e-06
2.13398e-05 8.61438e-06
8.61438e-06 1.69523e-05
 1.16095e-05 -4.67817e-06
-4.67817e-06  1.95044e-05
  6.4926e-06 -9.96901e-07
-9.96901e-07  6.32225e-06
7.54718e-06 3.84796e-07
3.84796e-07 6.97295e-06
 8.21794e-06 -1.17612e-08
-1.17612e-08  6.56854e-06
 8.04315e-06 -1.09035e-08
-1.09035e-08  8.02804e-06
 6.76325e-06 -4.19107e-07
-4.19107e-07  8.32787e-06
  8.6323e-06 -3.63313e-07
-3.63313e-07  7.53834e-06
8.06042e-06 9.92037e-08
9.92037e-08 8.08188e-06
7.90534e-06 6.76434e-07
6.76434e-07 7.36069e-06
 7.35441e-06 -1.15768e-07
-1.15768e-07  7.01234e-06
8.05267e-06 1.00741e-07
1.00741e-07 8.03645e-06
7.34545e-06 8.17549e-08
8.17549e-08 6.38639e-06
 7.69222e-06 -1.17747e-07
-1.17747e-07  7.83871e-06
 1.03072e-05 -3.39712e-07
-3.39712e-07  8.57114e-06
 9.57415e-06 -3.37058e-08
-3.37058e-08  9.51173e-06
5.64487e-06 4.42738e-08
4.42738e-08 6.19271e-06
6.76371e-06 1.22993e-07
1.22993e-07 5.91525e-06
 7.32813e-06 -1.20394e-07
-1.20394e-07  8.06905e-06
 5.92275e-06 -1.29799e-07
-1.29799e-07  5.34668e-06
 7.18475e-06 -3.84946e-09
-3.84946e-09  5.81217e-06
 8.2791e-06 2.86321e-07
2.86321e-07 7.63524e-06
7.91659e-06 1.16842e-08
1.16842e-08 9.28432e-06
8.13039e-06 5.62165e-08
5.62165e-08 6.86112e-06
6.66465e-06  -1.081e-07
 -1.081e-07 6.75637e-06
1.94369e-05  5.2314e-06
 5.2314e-06 1.16442e-05
 5.57799e-06 -4.21766e-07
-4.21766e-07  6.86135e-06
1.00783e-05 1.53752e-07
1.53752e-07 8.80661e-06
8.68696e-06 1.09791e-07
1.09791e-07 8.35484e-06
 6.65371e-06 -4.58131e-07
-4.58131e-07  7.08044e-06
 4.96253e-06 -4.22119e-07
-4.22119e-07  5.18726e-06
 7.79998e-06 -2.12609e-07
-2.12609e-07  9.29448e-06
5.64168e-06 2.40735e-08
2.40735e-08 6.87659e-06
5.35821e-06 1.02514e-07
1.02514e-07 6.54981e-06
 9.60683e-06 -2.35766e-07
-2.35766e-07  8.46219e-06
 6.89081e-06 -4.07078e-07
-4.07078e-07  9.40193e-06
 6.64475e-06 -4.83244e-07
-4.83244e-07  6.26603e-06
9.08391e-06  5.8339e-08
 5.8339e-08 1.05299e-05
 9.56494e-06 -4.71844e-07
-4.71844e-07  7.41939e-06
 7.2225e-06 2.31472e-08
2.31472e-08 5.77836e-06
 7.23864e-06 -9.03583e-09
-9.03583e-09  6.87973e-06
 6.12038e-06 -1.71917e-07
-1.71917e-07  6.24406e-06
6.78307e-06  6.7465e-08
 6.7465e-08 1.10793e-05
  9.979e-06 4.78917e-07
4.78917e-07 7.84602e-06
6.72712e-06 7.11552e-08
7.11552e-08 7.53292e-06
 7.32759e-06 -1.06422e-08
-1.06422e-08  5.79192e-06
6.35636e-06 1.89303e-08
1.89303e-08 7.05873e-06
7.32812e-06 5.49285e-07
5.49285e-07 8.98016e-06
2.01378e-05 -5.1674e-06
-5.1674e-06 1.16534e-05
 8.1597e-06 3.81185e-07
3.81185e-07 9.18118e-06
6.54794e-06 7.42971e-08
7.42971e-08 5.80743e-06
8.30795e-06 2.48855e-07
2.48855e-07 8.76967e-06
 5.17866e-06 -4.96095e-09
-4.96095e-09  5.97578e-06
8.12334e-06 3.12739e-07
3.12739e-07 5.85123e-06
 9.31195e-06 -4.03237e-07
-4.03237e-07  6.70564e-06
 9.72685e-06 -3.35474e-07
-3.35474e-07  6.78009e-06
7.43949e-06 1.68702e-08
1.68702e-08 7.23334e-06
 7.04317e-06 -5.26409e-08
-5.26409e-08  7.15433e-06
 9.98952e-06 -4.66415e-08
-4.66415e-08  8.68143e-06
 6.72207e-06 -3.84244e-08
-3.84244e-08  6.74338e-06
 7.74846e-06 -2.60358e-07
-2.60358e-07  9.35822e-06
 9.3681e-06 6.93349e-08
6.93349e-08 7.97147e-06
  5.9613e-06 -2.77345e-08
-2.77345e-08  6.47043e-06
9.63987e-06 1.52726e-07
1.52726e-07 9.39996e-06
9.63323e-06 7.19006e-08
7.19006e-08 8.54166e-06
9.84474e-06 4.03867e-06
4.03867e-06  1.8049e-05
7.67033e-06 5.89483e-07
5.89483e-07 8.17776e-06
 7.91889e-06 -1.66938e-07
-1.66938e-07  7.62858e-06
 8.79394e-06 -9.25286e-07
-9.25286e-07   1.4805e-05
 8.68844e-06 -2.66453e-08
-2.66453e-08  8.56557e-06
 2.07347e-05 -5.71603e-06
-5.71603e-06  1.35248e-05
 1.54959e-05 -6.89698e-06
-6.89698e-06  1.56127e-05
 8.13164e-06 -2.01341e-08
-2.01341e-08  7.80826e-06
 7.87655e-06 -1.56131e-06
-1.56131e-06  1.08512e-05
 6.40525e-06 -1.90779e-08
-1.90779e-08  6.36335e-06
7.15398e-06 1.80409e-06
1.80409e-06 1.26526e-05
7.55457e-06 2.06633e-08
2.06633e-08 7.70734e-06
 6.08663e-06 -2.59371e-07
-2.59371e-07  6.48152e-06
 8.23522e-06 -1.53861e-08
-1.53861e-08   8.6919e-06
 6.93695e-06 -1.24567e-07
-1.24567e-07    7.349e-06
9.25987e-06 -5.1271e-08
-5.1271e-08 9.43944e-06
1.20529e-05 1.91706e-06
1.91706e-06 7.41043e-06
 6.37892e-06 -9.21987e-07
-9.21987e-07  6.42492e-06
 8.74142e-06 -1.29426e-07
-1.29426e-07  8.12756e-06
6.40094e-06 1.02712e-07
1.02712e-07 4.87192e-06
1.46926e-05 8.63064e-07
8.63064e-07 8.17776e-06
 8.70164e-06 -9.68214e-10
-9.68214e-10  8.14544e-06
7.34986e-06 4.48441e-07
4.48441e-07 9.06035e-06
 5.81106e-06 -1.75423e-07
-1.75423e-07  5.72844e-06
1.08279e-05 2.21868e-06
2.21868e-06 7.09642e-06
5.92004e-06 5.99689e-08
5.99689e-08 6.48347e-06
5.33977e-06 2.53301e-08
2.53301e-08 6.17134e-06
8.58974e-06 3.20286e-08
3.20286e-08 7.99911e-06
9.14275e-06 2.57307e-06
2.57307e-06 1.47505e-05
 9.31063e-06 -1.82714e-07
-1.82714e-07  8.03227e-06
1.04557e-05 5.49484e-08
5.49484e-08 9.01099e-06
 7.71139e-06 -4.55411e-08
-4.55411e-08  6.96359e-06
8.08464e-06 5.91729e-08
5.91729e-08 8.28291e-06
 6.95238e-06 -4.93345e-07
-4.93345e-07  1.03244e-05
 7.15847e-06 -3.26472e-07
-3.26472e-07  7.23546e-06
 6.33215e-06 -8.65901e-08
-8.65901e-08  7.10366e-06
7.69821e-06 2.15511e-07
2.15511e-07 7.48998e-06
5.44689e-06 -4.2435e-07
-4.2435e-07 6.61856e-06
5.91036e-06 1.69688e-08
1.69688e-08 6.96915e-06
 6.32825e-06 -5.75086e-07
-5.75086e-07  5.69922e-06
 1.00359e-05 -6.25361e-09
-6.25361e-09  8.99438e-06
8.27035e-06 4.84497e-08
4.84497e-08 7.99552e-06
  6.2693e-06 -6.36716e-11
-6.36716e-11  5.15803e-06
8.28662e-06 3.74057e-08
3.74057e-08 8.01817e-06
 8.19454e-06 -1.24652e-07
-1.24652e-07  7.79918e-06
6.73956e-06 1.77368e-07
1.77368e-07 9.49589e-06
 1.42492e-05 -2.87338e-07
-2.87338e-07  8.85153e-06
6.71809e-06 5.90997e-07
5.90997e-07 7.83126e-06
 8.23747e-06 -9.39963e-08
-9.39963e-08  7.40163e-06
6.07855e-06 2.79453e-07
2.79453e-07 7.51413e-06
5.33225e-06 1.78424e-07
1.78424e-07 6.46438e-06
 1.62897e-05 -4.04287e-06
-4.04287e-06  9.92901e-06
7.84771e-06   4.779e-07
  4.779e-07 9.19432e-06
7.12372e-06 5.74327e-07
5.74327e-07 6.41522e-06
