        0.04 -9.97883e-11
-9.97883e-11         0.04
  0.0401011 4.36781e-05
4.36781e-05   0.0400787
  0.0400917 3.67027e-05
3.67027e-05   0.0400767
  0.0400861 3.22612e-05
3.22612e-05   0.0400801
0.0400815  2.88e-05
 2.88e-05 0.0400847
   0.040079 2.53587e-05
2.53587e-05   0.0400921
  0.0400776 2.20677e-05
2.20677e-05   0.0401017
  0.0400771 1.90364e-05
1.90364e-05   0.0401164
  0.0400772 1.66119e-05
1.66119e-05   0.0401288
  0.0400779 1.45111e-05
1.45111e-05   0.0401438
  0.0400791 1.22912e-05
1.22912e-05   0.0401608
  0.0400807 1.15184e-05
1.15184e-05   0.0401852
  0.0400828 9.96672e-06
9.96672e-06   0.0402122
  0.0400847 8.73394e-06
8.73394e-06   0.0402325
  0.0400867 7.86831e-06
7.86831e-06   0.0402561
 0.0400889 5.7592e-06
5.7592e-06  0.0402841
  0.0400909 3.70335e-06
3.70335e-06   0.0403149
  0.0400926 1.39594e-06
1.39594e-06   0.0403491
   0.0400945 -2.22102e-06
-2.22102e-06    0.0403863
   0.0400965 -4.51495e-06
-4.51495e-06    0.0404256
   0.0400988 -7.01734e-06
-7.01734e-06    0.0404663
   0.0401014 -8.81041e-06
-8.81041e-06    0.0405107
   0.0401041 -1.09242e-05
-1.09242e-05    0.0405575
  0.0401067 -1.3248e-05
-1.3248e-05   0.0406076
   0.0401091 -1.60858e-05
-1.60858e-05    0.0406604
   0.0401112 -1.98838e-05
-1.98838e-05     0.040716
   0.0401132 -2.36589e-05
-2.36589e-05    0.0407748
   0.0401159 -2.80999e-05
-2.80999e-05    0.0408353
   0.0401191 -3.19201e-05
-3.19201e-05    0.0408971
  0.0401223 -3.4232e-05
-3.4232e-05   0.0409617
   0.0401256 -3.62722e-05
-3.62722e-05    0.0410289
   0.0401291 -3.82334e-05
-3.82334e-05    0.0410984
   0.0401325 -4.04419e-05
-4.04419e-05    0.0411715
   0.0401359 -4.31345e-05
-4.31345e-05    0.0412476
   0.0401389 -4.63849e-05
-4.63849e-05     0.041326
  0.0401423 -5.0072e-05
-5.0072e-05   0.0414067
    0.040146 -5.31773e-05
-5.31773e-05    0.0414914
   0.0401499 -5.60292e-05
-5.60292e-05    0.0415775
  0.0401531 -5.8764e-05
-5.8764e-05   0.0416662
  0.0401555 -6.2181e-05
-6.2181e-05   0.0417572
  0.0401575 -6.6247e-05
-6.6247e-05   0.0418526
   0.0401602 -7.08531e-05
-7.08531e-05     0.041951
    0.040164 -7.57773e-05
-7.57773e-05    0.0420517
   0.0401682 -7.92278e-05
-7.92278e-05    0.0421539
   0.0401716 -8.20307e-05
-8.20307e-05    0.0422583
   0.0401742 -8.50671e-05
-8.50671e-05    0.0423632
   0.0401764 -8.71437e-05
-8.71437e-05    0.0424755
   0.0401781 -8.91807e-05
-8.91807e-05    0.0425885
   0.0401801 -9.17223e-05
-9.17223e-05    0.0427039
   0.0401821 -9.30643e-05
-9.30643e-05    0.0428225
   0.0401849 -9.35868e-05
-9.35868e-05     0.042944
   0.0401887 -9.58063e-05
-9.58063e-05    0.0430681
    0.040193 -9.82047e-05
-9.82047e-05    0.0431943
  0.0401966 -0.00010007
-0.00010007    0.043321
   0.0401998 -0.000103536
-0.000103536    0.0434521
    0.040203 -0.000107384
-0.000107384    0.0435865
   0.0402067 -0.000112416
-0.000112416      0.04372
   0.0402111 -0.000117699
-0.000117699     0.043859
   0.0402161 -0.000121745
-0.000121745    0.0440015
   0.0402207 -0.000127441
-0.000127441    0.0441438
   0.0402245 -0.000129271
-0.000129271    0.0442948
   0.0402273 -0.000130479
-0.000130479    0.0444449
     0.04023 -0.000133433
-0.000133433    0.0445973
   0.0402328 -0.000135183
-0.000135183    0.0447542
   0.0402362 -0.000139143
-0.000139143    0.0449141
   0.0402402 -0.000142666
-0.000142666    0.0450753
   0.0402446 -0.000147329
-0.000147329    0.0452423
   0.0402489 -0.000151227
-0.000151227    0.0454105
   0.0402525 -0.000152419
-0.000152419    0.0455762
 0.0402564 -0.0001547
-0.0001547   0.045751
   0.0402602 -0.000154379
-0.000154379    0.0459278
   0.0402641 -0.000155434
-0.000155434    0.0461057
   0.0402682 -0.000157649
-0.000157649    0.0462885
    0.040273 -0.000160951
-0.000160951      0.04648
   0.0402768 -0.000163214
-0.000163214    0.0466661
   0.0402822 -0.000166097
-0.000166097    0.0468607
   0.0402888 -0.000169242
-0.000169242    0.0470565
   0.0402957 -0.000172642
-0.000172642    0.0472445
   0.0403042 -0.000176096
-0.000176096    0.0474408
   0.0403128 -0.000177371
-0.000177371    0.0476406
  0.0403213 -0.00017965
-0.00017965   0.0478412
   0.0403296 -0.000182592
-0.000182592    0.0480464
   0.0403355 -0.000186821
-0.000186821    0.0482526
   0.0403404 -0.000189602
-0.000189602    0.0484688
   0.0403436 -0.000195219
-0.000195219    0.0486828
   0.0403456 -0.000202908
-0.000202908    0.0489023
   0.0403457 -0.000206436
-0.000206436    0.0491311
  0.0403474 -0.00021533
-0.00021533    0.049359
   0.0403564 -0.000228795
-0.000228795    0.0495934
  0.0403674 -0.00024011
-0.00024011   0.0498236
   0.0403783 -0.000250244
-0.000250244    0.0500541
   0.0403857 -0.000249527
-0.000249527    0.0502884
   0.0403904 -0.000266041
-0.000266041    0.0505167
   0.0403915 -0.000250736
-0.000250736    0.0507714
   0.0403966 -0.000270231
-0.000270231    0.0510174
   0.0403979 -0.000264105
-0.000264105    0.0512687
   0.0404009 -0.000261004
-0.000261004    0.0515152
   0.0404061 -0.000266822
-0.000266822    0.0517727
   0.0404114 -0.000266223
-0.000266223    0.0520294
   0.0404167 -0.000257084
-0.000257084    0.0522955
  0.0525495 0.000269925
0.000269925   0.0404229
  0.0525583 0.000130431
0.000130431   0.0404218
   0.0525696 -9.94492e-06
-9.94492e-06    0.0404263
  0.0525876 -0.00015392
-0.00015392   0.0404254
   0.0525907 -0.000295711
-0.000295711      0.04044
   0.0525811 -0.000424116
-0.000424116    0.0404524
   0.0525835 -0.000560747
-0.000560747    0.0404739
   0.0525751 -0.000669283
-0.000669283    0.0404872
   0.0525847 -0.000787345
-0.000787345    0.0404948
   0.0525974 -0.000903014
-0.000903014    0.0405009
  0.0526159 -0.00102434
-0.00102434   0.0405114
 0.0526398 -0.0011489
-0.0011489  0.0405127
  0.0526592 -0.00127475
-0.00127475   0.0405355
  0.0527006 -0.00141809
-0.00141809     0.04057
  0.0527382 -0.00151166
-0.00151166   0.0405994
  0.0527975 -0.00165244
-0.00165244   0.0406787
  0.0527833 -0.00173225
-0.00173225   0.0406838
  0.0526788 -0.00187178
-0.00187178   0.0407219
   0.052646 -0.00199516
-0.00199516   0.0407611
  0.0526458 -0.00212456
-0.00212456   0.0408068
  0.0526361 -0.00225993
-0.00225993   0.0408578
  0.0526496 -0.00237658
-0.00237658   0.0409036
  0.0526748 -0.00248377
-0.00248377   0.0409453
 0.0526886 -0.0026037
-0.0026037  0.0409919
  0.0526811 -0.00274553
-0.00274553   0.0410504
  0.0526843 -0.00287246
-0.00287246   0.0411051
   0.052671 -0.00301065
-0.00301065   0.0411703
  0.0526752 -0.00313185
-0.00313185   0.0412312
  0.0526799 -0.00323968
-0.00323968   0.0413121
  0.0526579 -0.00338253
-0.00338253   0.0413923
  0.0526668 -0.00349802
-0.00349802   0.0414584
  0.0526507 -0.00363542
-0.00363542   0.0415396
  0.0526531 -0.00375825
-0.00375825   0.0416125
  0.0526561 -0.00388072
-0.00388072   0.0416884
  0.0526536 -0.00400684
-0.00400684   0.0417716
  0.0526627 -0.00412827
-0.00412827   0.0418524
  0.0526578 -0.00425629
-0.00425629   0.0419445
  0.0526603 -0.00437889
-0.00437889   0.0420347
  0.0526618 -0.00450422
-0.00450422   0.0421291
  0.0526625 -0.00462709
-0.00462709   0.0422259
  0.0526714 -0.00475116
-0.00475116   0.0423237
  0.0526714 -0.00487538
-0.00487538   0.0424275
   0.052674 -0.00500128
-0.00500128   0.0425335
  0.0526829 -0.00512144
-0.00512144   0.0426366
 0.0526823 -0.0052504
-0.0052504  0.0427517
 0.0526788 -0.0053722
-0.0053722  0.0428569
  0.0526833 -0.00549488
-0.00549488   0.0429687
  0.0526855 -0.00562101
-0.00562101    0.043088
 0.0526934 -0.0057491
-0.0057491  0.0432109
  0.0526906 -0.00587386
-0.00587386   0.0433365
  0.0526974 -0.00600039
-0.00600039   0.0434648
  0.0526994 -0.00611924
-0.00611924   0.0435856
  0.0527029 -0.00624672
-0.00624672   0.0437192
  0.0526978 -0.00637116
-0.00637116   0.0438553
     0.0527 -0.00649334
-0.00649334   0.0439925
 0.0527061 -0.0066174
-0.0066174  0.0441359
  0.0527121 -0.00674037
-0.00674037     0.04428
  0.0527245 -0.00686628
-0.00686628   0.0444263
  0.0527162 -0.00699187
-0.00699187   0.0445737
  0.0527143 -0.00711611
-0.00711611    0.044713
  0.0527182 -0.00724332
-0.00724332   0.0448595
  0.0527123 -0.00736626
-0.00736626   0.0450109
  0.0527233 -0.00749677
-0.00749677   0.0451693
  0.0527234 -0.00761587
-0.00761587   0.0453264
 0.0527247 -0.0077419
-0.0077419   0.045487
  0.0527341 -0.00786693
-0.00786693   0.0456555
  0.0527409 -0.00798362
-0.00798362    0.045811
  0.0527479 -0.00811575
-0.00811575   0.0459919
  0.0527521 -0.00823286
-0.00823286   0.0461507
 0.0527559 -0.0083622
-0.0083622  0.0463272
  0.0527553 -0.00849107
-0.00849107   0.0465006
 0.0527613 -0.0086217
-0.0086217  0.0466769
    0.05277 -0.00874457
-0.00874457   0.0468508
  0.0527803 -0.00887193
-0.00887193   0.0470336
  0.0527814 -0.00900277
-0.00900277   0.0472285
  0.0527809 -0.00912539
-0.00912539   0.0474124
   0.052784 -0.00925199
-0.00925199   0.0476026
  0.0527804 -0.00938177
-0.00938177    0.047799
  0.0527874 -0.00950705
-0.00950705   0.0479908
  0.0527822 -0.00963075
-0.00963075   0.0481919
   0.052782 -0.00975925
-0.00975925    0.048406
  0.0527772 -0.00988539
-0.00988539   0.0486074
 0.0527872 -0.0100107
-0.0100107  0.0488028
 0.0527814 -0.0101403
-0.0101403  0.0490247
0.0527865 -0.010271
-0.010271 0.0492398
 0.0527838 -0.0103967
-0.0103967  0.0494559
 0.0527906 -0.0105235
-0.0105235  0.0496671
 0.0527934 -0.0106498
-0.0106498   0.049882
 0.0527869 -0.0107772
-0.0107772  0.0501125
 0.0527888 -0.0109039
-0.0109039  0.0503377
 0.0527816 -0.0110326
-0.0110326  0.0505744
 0.0527802 -0.0111588
-0.0111588  0.0508048
 0.0527859 -0.0112885
-0.0112885  0.0510381
 0.0527831 -0.0114126
-0.0114126  0.0512717
  0.052797 -0.0115413
-0.0115413  0.0515023
 0.0527946 -0.0116666
-0.0116666  0.0517441
 0.0528037 -0.0117951
-0.0117951  0.0519862
 0.0528062 -0.0119207
-0.0119207  0.0522345
 0.0528014 -0.0120463
-0.0120463  0.0524855
  0.052796 -0.0121749
-0.0121749  0.0527482
0.0529989 0.0123014
0.0123014 0.0527966
0.0529968 0.0121759
0.0121759 0.0525453
0.0529862 0.0120489
0.0120489 0.0522992
0.0529871 0.0119233
0.0119233 0.0520466
 0.052984 0.0117959
0.0117959 0.0517979
0.0529701 0.0116678
0.0116678  0.051563
0.0529716 0.0115432
0.0115432 0.0513223
 0.052972 0.0114181
0.0114181  0.051085
0.0529758 0.0112895
0.0112895 0.0508421
 0.052961 0.0111611
0.0111611 0.0506143
0.0529647 0.0110355
0.0110355 0.0503833
0.0529643 0.0109102
0.0109102 0.0501601
0.0529669 0.0107789
0.0107789 0.0499319
0.0529634 0.0106541
0.0106541 0.0497131
0.0529687 0.0105206
0.0105206 0.0494841
0.0529678 0.0103948
0.0103948 0.0492709
0.0529642  0.010269
 0.010269 0.0490588
0.0529635 0.0101406
0.0101406 0.0488428
0.0529563 0.0100181
0.0100181 0.0486429
 0.0529589 0.00988585
0.00988585  0.0484234
 0.0529539 0.00976288
0.00976288  0.0482261
0.0529535 0.0096353
0.0096353 0.0480215
 0.0529545 0.00950996
0.00950996   0.047821
 0.0529546 0.00938247
0.00938247  0.0476204
 0.052956 0.0092515
0.0092515 0.0474202
0.0529569 0.0091263
0.0091263  0.047229
 0.0529573 0.00899586
0.00899586  0.0470368
 0.0529575 0.00886812
0.00886812  0.0468474
 0.0529564 0.00874433
0.00874433  0.0466668
 0.0529578 0.00861494
0.00861494  0.0464814
 0.0529567 0.00848373
0.00848373  0.0462969
 0.0529608 0.00836108
0.00836108  0.0461249
 0.0529597 0.00823023
0.00823023  0.0459471
 0.0529599 0.00810273
0.00810273  0.0457741
 0.0529561 0.00797488
0.00797488  0.0456064
  0.052956 0.00784814
0.00784814   0.045441
 0.0529529 0.00772177
0.00772177  0.0452801
 0.0529524 0.00759538
0.00759538  0.0451211
 0.0529511 0.00746896
0.00746896  0.0449649
 0.0529486 0.00734259
0.00734259  0.0448119
 0.0529423 0.00721697
0.00721697  0.0446638
 0.0529495 0.00708855
0.00708855  0.0445117
 0.0529419 0.00696321
0.00696321  0.0443708
 0.0529498 0.00683362
0.00683362  0.0442229
 0.0529399 0.00670933
0.00670933  0.0440888
 0.0529402 0.00658313
0.00658313   0.043952
  0.052944 0.00645546
0.00645546  0.0438153
0.0529333 0.0063351
0.0063351 0.0436821
 0.0529371 0.00620805
0.00620805  0.0435443
 0.0529257 0.00608552
0.00608552   0.043423
 0.0529296 0.00595784
0.00595784  0.0432961
 0.0529174 0.00583712
0.00583712  0.0431833
 0.0529199 0.00571071
0.00571071  0.0430637
 0.0529096 0.00559023
0.00559023  0.0429536
0.0529328 0.0054529
0.0054529 0.0428138
 0.0529233 0.00533353
0.00533353  0.0427093
 0.0529211 0.00521211
0.00521211  0.0426045
 0.0529167 0.00508939
0.00508939  0.0425009
 0.0529223 0.00496254
0.00496254  0.0423827
0.0529215 0.0048362
0.0048362 0.0422789
 0.0529152 0.00471563
0.00471563  0.0421838
 0.0529025 0.00459279
0.00459279  0.0420898
 0.0528897 0.00447009
0.00447009  0.0420017
0.0528782 0.0043448
0.0043448 0.0419113
 0.0528631 0.00421735
0.00421735  0.0418243
 0.0528574 0.00409483
0.00409483  0.0417428
 0.0528518 0.00396836
0.00396836  0.0416677
 0.0528528 0.00384389
0.00384389  0.0415856
 0.0528524 0.00372199
0.00372199  0.0415057
 0.0528527 0.00360077
0.00360077  0.0414279
 0.0528531 0.00347732
0.00347732  0.0413478
 0.0528457 0.00336289
0.00336289  0.0412884
0.0528405 0.0032382
0.0032382 0.0412176
   0.05283 0.00310749
0.00310749  0.0411482
 0.0528214 0.00298742
0.00298742  0.0410872
 0.0528119 0.00285388
0.00285388  0.0410245
 0.0528093 0.00273563
0.00273563  0.0409698
 0.0528011 0.00260894
0.00260894  0.0409112
 0.0527996 0.00248712
0.00248712  0.0408553
 0.0527949 0.00236071
0.00236071  0.0408008
 0.0527965 0.00223513
0.00223513  0.0407513
 0.0527932 0.00210705
0.00210705  0.0407056
 0.0527896 0.00197892
0.00197892  0.0406632
  0.052779 0.00185221
0.00185221  0.0406264
 0.0527726 0.00172456
0.00172456  0.0405899
 0.0527722 0.00159896
0.00159896  0.0405566
 0.0527669 0.00147146
0.00147146  0.0405273
 0.0527693 0.00134292
0.00134292   0.040497
 0.0527628 0.00121389
0.00121389  0.0404702
  0.052759 0.00108461
0.00108461  0.0404483
  0.0527612 0.000953792
0.000953792   0.0404279
  0.0527527 0.000822694
0.000822694   0.0404109
   0.052744 0.000692256
0.000692256   0.0403972
 0.0527502 0.00056558
0.00056558  0.0403869
   0.052749 0.000436231
0.000436231   0.0403792
  0.0527467 0.000306864
0.000306864   0.0403746
  0.0527324 0.000185019
0.000185019   0.0403741
   0.052743 5.45741e-05
5.45741e-05   0.0403773
   0.0527355 -7.09227e-05
-7.09227e-05    0.0403844
   0.0527339 -0.000191717
-0.000191717    0.0403963
  0.0404139 0.000317859
0.000317859   0.0527339
  0.0404164 0.000308508
0.000308508   0.0524722
  0.0404113 0.000295053
0.000295053   0.0522029
  0.0404051 0.000308586
0.000308586   0.0519597
   0.040393 0.000296021
0.000296021   0.0517055
  0.0403805 0.000284411
0.000284411   0.0514507
  0.0403717 0.000288085
0.000288085   0.0512087
  0.0403664 0.000284986
0.000284986   0.0509653
  0.0403654 0.000284529
0.000284529   0.0507217
  0.0403665 0.000281511
0.000281511   0.0504829
  0.0403646 0.000273542
0.000273542    0.050249
  0.0403572 0.000269838
0.000269838   0.0500202
  0.0403439 0.000264144
0.000264144   0.0497838
  0.0403306 0.000253605
0.000253605    0.049556
  0.0403212 0.000245795
0.000245795   0.0493283
  0.0403161 0.000236322
0.000236322   0.0491076
  0.0403132 0.000230772
0.000230772   0.0488835
  0.0403122 0.000224323
0.000224323   0.0486736
  0.0403091 0.000220537
0.000220537   0.0484516
  0.0403063 0.000218887
0.000218887   0.0482408
   0.040303 0.000218451
0.000218451   0.0480319
   0.040299 0.000218279
0.000218279   0.0478232
  0.0402951 0.000214444
0.000214444    0.047614
 0.0402924 0.00021125
0.00021125  0.0474119
  0.0402883 0.000201134
0.000201134   0.0472064
  0.0402841 0.000201496
0.000201496   0.0470134
  0.0402788 0.000197305
0.000197305    0.046819
  0.0402723 0.000200521
0.000200521   0.0466356
  0.0402666 0.000195791
0.000195791   0.0464459
  0.0402606 0.000193543
0.000193543   0.0462617
  0.040254 0.00019042
0.00019042  0.0460792
  0.0402471 0.000184483
0.000184483   0.0458968
  0.0402424 0.000180512
0.000180512   0.0457208
  0.0402386 0.000174012
0.000174012   0.0455435
  0.0402362 0.000169298
0.000169298   0.0453735
  0.0402341 0.000167945
0.000167945    0.045206
  0.0402303 0.000165567
0.000165567   0.0450391
  0.0402272 0.000165102
0.000165102   0.0448766
  0.0402232 0.000161709
0.000161709   0.0447139
  0.0402196 0.000159305
0.000159305   0.0445561
  0.0402166 0.000155979
0.000155979   0.0444016
 0.0402139 0.00015286
0.00015286  0.0442506
  0.0402122 0.000152904
0.000152904   0.0441029
  0.0402092 0.000146742
0.000146742   0.0439548
  0.0402051 0.000142489
0.000142489   0.0438127
  0.0402002 0.000135794
0.000135794    0.043669
  0.0401958 0.000130046
0.000130046   0.0435292
  0.0401922 0.000125025
0.000125025   0.0433963
 0.0401886 0.00011869
0.00011869  0.0432621
  0.0401856 0.000114975
0.000114975   0.0431328
  0.0401824 0.000109978
0.000109978   0.0430072
  0.0401793 0.000105753
0.000105753   0.0428844
  0.0401762 0.000102667
0.000102667   0.0427633
  0.0401733 9.95205e-05
9.95205e-05   0.0426452
 0.0401702 9.5326e-05
9.5326e-05  0.0425287
  0.0401673 9.21638e-05
9.21638e-05    0.042416
  0.0401641 8.79333e-05
8.79333e-05   0.0423049
  0.0401609 8.29412e-05
8.29412e-05   0.0421969
  0.0401575 7.89775e-05
7.89775e-05    0.042092
  0.0401543 7.73179e-05
7.73179e-05   0.0419924
  0.0401508 7.52154e-05
7.52154e-05   0.0418926
  0.0401473 7.01092e-05
7.01092e-05   0.0417973
  0.0401447 6.85384e-05
6.85384e-05   0.0417052
  0.0401424 6.51817e-05
6.51817e-05   0.0416138
0.0401408 6.317e-05
6.317e-05 0.0415244
  0.0401393 5.86937e-05
5.86937e-05    0.041436
  0.0401385 5.51031e-05
5.51031e-05   0.0413511
  0.0401379 5.11364e-05
5.11364e-05   0.0412708
  0.0401376 4.62531e-05
4.62531e-05   0.0411926
  0.0401365 4.30235e-05
4.30235e-05   0.0411177
  0.0401348 3.84265e-05
3.84265e-05   0.0410451
  0.0401327 3.52301e-05
3.52301e-05   0.0409765
  0.0401294 3.20137e-05
3.20137e-05   0.0409099
  0.0401255 2.91748e-05
2.91748e-05   0.0408469
  0.0401212 2.71245e-05
2.71245e-05   0.0407866
  0.0401168 2.45536e-05
2.45536e-05   0.0407284
  0.0401125 2.22022e-05
2.22022e-05   0.0406735
  0.0401068 1.90501e-05
1.90501e-05   0.0406206
   0.040103 1.63982e-05
1.63982e-05   0.0405726
  0.0400996 1.34805e-05
1.34805e-05   0.0405256
   0.040097 1.09165e-05
1.09165e-05   0.0404801
  0.0400951 8.36403e-06
8.36403e-06   0.0404362
   0.040093 5.13161e-06
5.13161e-06    0.040395
  0.0400906 1.89045e-06
1.89045e-06   0.0403581
    0.040088 -2.56137e-07
-2.56137e-07    0.0403244
   0.0400848 -2.73029e-06
-2.73029e-06    0.0402942
   0.0400819 -4.35623e-06
-4.35623e-06    0.0402672
   0.0400793 -5.83969e-06
-5.83969e-06    0.0402429
   0.0400774 -6.17404e-06
-6.17404e-06    0.0402216
   0.0400758 -6.47378e-06
-6.47378e-06    0.0402011
   0.0400744 -6.41869e-06
-6.41869e-06    0.0401855
   0.0400737 -6.76851e-06
-6.76851e-06    0.0401551
    0.040072 -8.03715e-06
-8.03715e-06    0.0401407
   0.0400694 -1.15257e-05
-1.15257e-05    0.0401239
    0.040067 -1.42631e-05
-1.42631e-05    0.0401139
   0.0400649 -1.81096e-05
-1.81096e-05    0.0401061
    0.040064 -2.24976e-05
-2.24976e-05    0.0401003
   0.0400649 -2.79528e-05
-2.79528e-05    0.0400954
   0.0400677 -3.34205e-05
-3.34205e-05     0.040096
   0.0400733 -4.08748e-05
-4.08748e-05    0.0401007
