1.21043e-05 3.33659e-06
3.33659e-06 1.44329e-05
 1.1879e-05 2.78647e-06
2.78647e-06 1.53744e-05
1.14787e-05 2.12647e-06
2.12647e-06 1.54449e-05
1.14237e-05 1.43077e-06
1.43077e-06 1.59125e-05
1.15489e-05 1.01384e-06
1.01384e-06  1.6309e-05
1.19435e-05 9.09991e-07
9.09991e-07 1.69087e-05
1.21649e-05 1.35855e-06
1.35855e-06 1.70913e-05
1.22221e-05  1.8699e-06
 1.8699e-06 1.84561e-05
1.22212e-05 2.16156e-06
2.16156e-06 1.95325e-05
1.21987e-05 1.95419e-06
1.95419e-06 2.12539e-05
1.24353e-05   9.438e-07
  9.438e-07 2.09814e-05
1.30774e-05 2.98777e-07
2.98777e-07 2.00347e-05
 1.40897e-05 -5.02777e-07
-5.02777e-07  1.83698e-05
 1.52031e-05 -1.06125e-06
-1.06125e-06  1.88135e-05
  1.5839e-05 -1.07354e-06
-1.07354e-06  1.87401e-05
  1.6174e-05 -1.37207e-06
-1.37207e-06  1.91988e-05
 1.72165e-05 -1.60286e-06
-1.60286e-06  1.99978e-05
 1.68236e-05 -1.05096e-06
-1.05096e-06  1.96907e-05
 1.67285e-05 -1.65762e-07
-1.65762e-07   1.9946e-05
1.69471e-05 6.00852e-07
6.00852e-07 1.91603e-05
1.72708e-05 7.22164e-07
7.22164e-07 1.87658e-05
1.76398e-05 6.08595e-07
6.08595e-07 1.84068e-05
 1.75168e-05 -9.05358e-08
-9.05358e-08  1.80628e-05
 1.73587e-05 -7.42712e-07
-7.42712e-07  1.78216e-05
 1.71261e-05 -1.71344e-06
-1.71344e-06  1.86915e-05
 1.64328e-05 -2.07955e-06
-2.07955e-06  1.88461e-05
 1.57948e-05 -2.74783e-06
-2.74783e-06  1.97487e-05
 1.50505e-05 -3.18181e-06
-3.18181e-06  2.07959e-05
  1.4185e-05 -3.00765e-06
-3.00765e-06  2.19729e-05
 1.36531e-05 -3.10739e-06
-3.10739e-06  2.31833e-05
 1.33271e-05 -2.88354e-06
-2.88354e-06  2.25354e-05
 1.33652e-05 -2.74517e-06
-2.74517e-06  2.01858e-05
 1.35711e-05 -2.48244e-06
-2.48244e-06  1.82144e-05
 1.36196e-05 -1.74074e-06
-1.74074e-06  1.70329e-05
 1.34088e-05 -1.09462e-06
-1.09462e-06  1.57718e-05
 1.29102e-05 -4.51745e-07
-4.51745e-07  1.52934e-05
 1.21778e-05 -1.42764e-08
-1.42764e-08  1.54286e-05
1.14029e-05 8.41566e-08
8.41566e-08 1.60443e-05
 1.08806e-05 -5.33841e-08
-5.33841e-08  1.79169e-05
1.06494e-05 -4.5852e-07
-4.5852e-07 1.80403e-05
 1.07336e-05 -6.50598e-07
-6.50598e-07  1.76574e-05
 1.09929e-05 -5.76857e-07
-5.76857e-07  1.71929e-05
 1.13306e-05 -2.93028e-07
-2.93028e-07  1.73247e-05
 1.1473e-05  1.7662e-07
 1.7662e-07 1.70871e-05
1.15866e-05 8.35286e-07
8.35286e-07 1.77766e-05
1.17915e-05 1.94129e-06
1.94129e-06 1.98576e-05
1.24675e-05 3.56477e-06
3.56477e-06 2.26594e-05
1.36147e-05 5.28376e-06
5.28376e-06 2.57621e-05
1.49395e-05 6.54004e-06
6.54004e-06 2.84496e-05
1.54489e-05 5.29669e-06
5.29669e-06 2.56146e-05
1.59153e-05  3.5967e-06
 3.5967e-06 2.33568e-05
1.67824e-05 2.23618e-06
2.23618e-06 2.34455e-05
1.81973e-05 6.25734e-07
6.25734e-07 2.37846e-05
  2.0158e-05 -9.61436e-07
-9.61436e-07   2.4014e-05
 2.21662e-05 -1.69351e-06
-1.69351e-06  1.88903e-05
 2.45747e-05 -2.20642e-06
-2.20642e-06   1.8039e-05
 2.63941e-05 -2.44505e-06
-2.44505e-06  1.79515e-05
 2.75824e-05 -2.75611e-06
-2.75611e-06  1.83789e-05
  2.7166e-05 -2.55867e-06
-2.55867e-06  1.88703e-05
 2.53127e-05 -1.92016e-06
-1.92016e-06  1.87647e-05
 2.34468e-05 -1.67633e-06
-1.67633e-06  2.01764e-05
  2.1823e-05 -2.21062e-06
-2.21062e-06  2.14759e-05
 2.05976e-05 -2.26085e-06
-2.26085e-06  2.18807e-05
 1.97803e-05 -2.08592e-06
-2.08592e-06  2.17594e-05
 1.90106e-05 -1.23664e-06
-1.23664e-06   2.0627e-05
 1.84692e-05 -3.59586e-07
-3.59586e-07  2.10444e-05
 1.8085e-05 1.30883e-06
1.30883e-06 2.28721e-05
1.79314e-05 3.70357e-06
3.70357e-06 2.39971e-05
1.83281e-05 6.38212e-06
6.38212e-06 2.67019e-05
1.85253e-05  8.1994e-06
 8.1994e-06 2.93634e-05
1.80653e-05 8.76711e-06
8.76711e-06 2.89688e-05
1.72182e-05  9.2157e-06
 9.2157e-06 3.20755e-05
1.54809e-05 6.90948e-06
6.90948e-06 2.94142e-05
1.43417e-05 4.53127e-06
4.53127e-06 2.61142e-05
1.40402e-05 3.05493e-06
3.05493e-06  2.3573e-05
1.40146e-05 2.25095e-06
2.25095e-06 2.18236e-05
1.39098e-05 1.65342e-06
1.65342e-06 2.12536e-05
1.39371e-05 9.96709e-07
9.96709e-07 2.16869e-05
 1.41769e-05 -1.05432e-07
-1.05432e-07  2.05039e-05
 1.52036e-05 -1.07413e-07
-1.07413e-07    1.971e-05
 1.58692e-05 -2.09997e-07
-2.09997e-07  1.81946e-05
1.71701e-05 5.61999e-07
5.61999e-07 1.82686e-05
1.78804e-05 5.23222e-07
5.23222e-07 1.80681e-05
1.77472e-05 4.94645e-07
4.94645e-07 1.67852e-05
1.79591e-05 9.39879e-07
9.39879e-07 1.63483e-05
1.77089e-05 1.28583e-06
1.28583e-06  1.6856e-05
1.72312e-05 1.15149e-06
1.15149e-06 1.80851e-05
1.63796e-05 5.22703e-07
5.22703e-07 1.91957e-05
 1.55175e-05 -6.49892e-08
-6.49892e-08  2.02857e-05
 1.50913e-05 -8.64118e-07
-8.64118e-07   2.1103e-05
 1.51377e-05 -2.50865e-06
-2.50865e-06  2.16478e-05
 1.51919e-05 -2.84282e-06
-2.84282e-06  2.07818e-05
 1.52628e-05 -2.61671e-06
-2.61671e-06  2.04301e-05
 1.50347e-05 -2.65762e-06
-2.65762e-06  2.14947e-05
 1.49896e-05 -2.13076e-06
-2.13076e-06  2.12612e-05
 1.50077e-05 -1.56251e-06
-1.56251e-06  2.11654e-05
 1.51072e-05 -9.49728e-07
-9.49728e-07  2.17627e-05
1.52371e-05 -4.2072e-07
-4.2072e-07 2.26073e-05
  1.5441e-05 -2.88499e-07
-2.88499e-07  2.35714e-05
 1.54799e-05 -1.91158e-07
-1.91158e-07  2.39216e-05
2.43261e-05  4.8108e-07
 4.8108e-07 1.55217e-05
2.54791e-05 2.13773e-07
2.13773e-07 1.60266e-05
 2.64578e-05 -4.45559e-07
-4.45559e-07  1.64794e-05
 2.58672e-05 -1.28945e-06
-1.28945e-06  1.69317e-05
 2.46641e-05 -2.10781e-06
-2.10781e-06  1.69876e-05
2.24001e-05 -2.9053e-06
-2.9053e-06 1.78651e-05
 1.98136e-05 -3.35682e-06
-3.35682e-06  1.92514e-05
 1.73331e-05 -3.17486e-06
-3.17486e-06  2.04789e-05
 1.55162e-05 -2.27888e-06
-2.27888e-06   2.2156e-05
 1.47168e-05 -9.95029e-07
-9.95029e-07  2.16657e-05
 1.48209e-05 -4.29555e-07
-4.29555e-07  2.13003e-05
  1.5314e-05 -5.87168e-07
-5.87168e-07  2.22533e-05
 1.56937e-05 -1.35217e-06
-1.35217e-06   2.4487e-05
 1.58245e-05 -1.42737e-06
-1.42737e-06  2.65944e-05
 1.60643e-05 -7.98739e-07
-7.98739e-07  2.87795e-05
1.65857e-05 5.61445e-07
5.61445e-07 2.69187e-05
1.80302e-05 1.59537e-06
1.59537e-06 2.51996e-05
2.05903e-05 2.90262e-06
2.90262e-06 2.39747e-05
2.31845e-05 3.52266e-06
3.52266e-06 2.24497e-05
2.52495e-05 3.99934e-06
3.99934e-06 2.17141e-05
2.57052e-05 4.17603e-06
4.17603e-06 2.17453e-05
2.42082e-05 3.68388e-06
3.68388e-06 2.25089e-05
2.17883e-05  1.9576e-06
 1.9576e-06 2.25534e-05
 2.05109e-05 -4.32171e-07
-4.32171e-07  2.48338e-05
 2.11941e-05 -4.21729e-06
-4.21729e-06  2.72884e-05
 2.38979e-05 -8.38042e-06
-8.38042e-06  3.05976e-05
 2.60784e-05 -1.11661e-05
-1.11661e-05  3.41768e-05
 2.37313e-05 -7.60633e-06
-7.60633e-06  3.11599e-05
 2.19159e-05 -4.23196e-06
-4.23196e-06    3.203e-05
2.20331e-05 2.67548e-07
2.67548e-07 3.45254e-05
2.40843e-05 4.02119e-06
4.02119e-06 3.50257e-05
2.70709e-05 6.88824e-06
6.88824e-06 3.22086e-05
3.01974e-05 7.78059e-06
7.78059e-06 3.20209e-05
3.27107e-05 7.67101e-06
7.67101e-06 2.72678e-05
 3.5978e-05 7.76876e-06
7.76876e-06 2.95045e-05
 3.7723e-05 5.88746e-06
5.88746e-06 2.79846e-05
 3.8588e-05 3.84516e-06
3.84516e-06 2.69513e-05
3.78576e-05 1.94511e-06
1.94511e-06 2.65875e-05
3.49326e-05 2.21158e-07
2.21158e-07 2.60796e-05
 3.10383e-05 -1.10604e-07
-1.10604e-07  2.64939e-05
2.75829e-05 1.29151e-06
1.29151e-06 2.84941e-05
2.60652e-05 4.36563e-06
4.36563e-06 3.12806e-05
2.74582e-05 8.68122e-06
8.68122e-06 3.61786e-05
3.08476e-05 1.32898e-05
1.32898e-05 3.98533e-05
3.29836e-05 1.37001e-05
1.37001e-05 3.71003e-05
3.28324e-05 1.14692e-05
1.14692e-05 3.34619e-05
3.13899e-05 8.49016e-06
8.49016e-06 3.06348e-05
 2.9365e-05 5.34516e-06
5.34516e-06  2.7901e-05
2.71842e-05 1.93664e-06
1.93664e-06 2.83054e-05
 2.48272e-05 -5.05948e-07
-5.05948e-07  2.76883e-05
 2.39024e-05 -3.79444e-06
-3.79444e-06  3.15629e-05
2.31961e-05 -6.4627e-06
-6.4627e-06 3.33688e-05
 2.43323e-05 -1.14434e-05
-1.14434e-05  4.06734e-05
 2.63874e-05 -1.54435e-05
-1.54435e-05  4.18728e-05
 2.88971e-05 -1.79345e-05
-1.79345e-05  4.13278e-05
 2.93272e-05 -1.70085e-05
-1.70085e-05  3.73241e-05
 2.75341e-05 -1.34756e-05
-1.34756e-05  3.13036e-05
 2.53654e-05 -9.83895e-06
-9.83895e-06  2.66163e-05
 2.37974e-05 -7.01456e-06
-7.01456e-06  2.33125e-05
 2.27724e-05 -5.12335e-06
-5.12335e-06  2.12366e-05
 2.14724e-05 -3.50345e-06
-3.50345e-06  1.93879e-05
 1.99234e-05 -2.11943e-06
-2.11943e-06  1.98235e-05
 1.84759e-05 -4.55708e-07
-4.55708e-07  1.96388e-05
1.76492e-05 1.07439e-06
1.07439e-06 1.96477e-05
1.68535e-05 1.73647e-06
1.73647e-06 1.98721e-05
1.58122e-05 1.72833e-06
1.72833e-06 2.15924e-05
1.45045e-05 1.01827e-06
1.01827e-06 2.17536e-05
1.43202e-05 4.06503e-07
4.06503e-07 2.30683e-05
1.49351e-05 9.31628e-08
9.31628e-08  2.1828e-05
1.61031e-05 5.16918e-07
5.16918e-07 1.95268e-05
1.74987e-05 8.20287e-07
8.20287e-07 1.80581e-05
1.88722e-05 1.10091e-06
1.10091e-06 1.77158e-05
2.00499e-05 9.69524e-07
9.69524e-07 1.82283e-05
2.07833e-05 4.85927e-07
4.85927e-07 1.82845e-05
2.13193e-05 2.56299e-07
2.56299e-07  1.8348e-05
2.15079e-05 3.51312e-07
3.51312e-07 1.83311e-05
2.12702e-05 9.39307e-07
9.39307e-07 1.83829e-05
 2.0736e-05 2.02607e-06
2.02607e-06  1.8693e-05
2.05261e-05 3.94667e-06
3.94667e-06 2.00784e-05
2.13476e-05 6.64276e-06
6.64276e-06  2.1601e-05
2.38725e-05  1.0497e-05
 1.0497e-05 2.42973e-05
 2.7543e-05  1.5079e-05
 1.5079e-05 2.76816e-05
 3.0333e-05 1.96025e-05
1.96025e-05  3.3393e-05
2.46002e-05 1.55295e-05
1.55295e-05  3.1194e-05
1.95928e-05 1.15831e-05
1.15831e-05 3.00734e-05
1.57397e-05 7.03961e-06
7.03961e-06 2.84504e-05
1.32401e-05 2.39494e-06
2.39494e-06 2.47384e-05
 1.27488e-05 -4.19925e-07
-4.19925e-07  2.52545e-05
 1.30565e-05 -2.18149e-06
-2.18149e-06  2.33609e-05
 1.38211e-05 -3.78697e-06
-3.78697e-06  2.34411e-05
 1.50798e-05 -4.90814e-06
-4.90814e-06  2.19934e-05
 1.68952e-05 -5.96867e-06
-5.96867e-06   2.1561e-05
 1.88981e-05 -6.29179e-06
-6.29179e-06  2.00219e-05
 2.07407e-05 -5.85293e-06
-5.85293e-06  1.87183e-05
2.22853e-05 -4.8858e-06
-4.8858e-06 1.74658e-05
 2.35546e-05 -3.85576e-06
-3.85576e-06  1.66292e-05
 2.44897e-05 -3.00518e-06
-3.00518e-06   1.6119e-05
 2.52408e-05 -2.72556e-06
-2.72556e-06  1.61804e-05
 2.54941e-05 -2.52768e-06
-2.52768e-06  1.57701e-05
 2.56838e-05 -2.73955e-06
-2.73955e-06   1.5675e-05
1.48533e-05 2.81546e-06
2.81546e-06 2.55854e-05
1.45503e-05 1.46476e-06
1.46476e-06 2.47801e-05
1.46218e-05 4.42277e-07
4.42277e-07 2.30432e-05
 1.47996e-05 -1.80918e-07
-1.80918e-07  2.22619e-05
 1.47825e-05 -5.59339e-07
-5.59339e-07   2.2135e-05
 1.44618e-05 -8.31996e-07
-8.31996e-07  2.19591e-05
 1.40808e-05 -1.50253e-06
-1.50253e-06  2.32074e-05
 1.38928e-05 -2.58454e-06
-2.58454e-06  2.50938e-05
 1.39689e-05 -3.55676e-06
-3.55676e-06  2.46944e-05
 1.51659e-05 -5.70697e-06
-5.70697e-06  2.73327e-05
 1.61416e-05 -7.00953e-06
-7.00953e-06  2.76095e-05
 1.63777e-05 -6.82261e-06
-6.82261e-06  2.71947e-05
 1.66906e-05 -6.51247e-06
-6.51247e-06  2.73828e-05
 1.66394e-05 -5.25836e-06
-5.25836e-06  2.70798e-05
 1.63132e-05 -3.12328e-06
-3.12328e-06  2.56741e-05
 1.64116e-05 -1.10629e-06
-1.10629e-06  2.50475e-05
1.68245e-05 5.74472e-07
5.74472e-07 2.23412e-05
1.76582e-05 2.04456e-06
2.04456e-06  2.2893e-05
 1.8339e-05 2.70438e-06
2.70438e-06 2.28229e-05
1.88915e-05 2.90099e-06
2.90099e-06 2.33029e-05
1.91063e-05 2.50682e-06
2.50682e-06 2.27367e-05
1.89292e-05 1.00323e-06
1.00323e-06 2.12918e-05
  1.8861e-05 -3.47086e-07
-3.47086e-07  2.01964e-05
 1.88877e-05 -1.04413e-06
-1.04413e-06  2.06256e-05
 1.85349e-05 -1.51743e-06
-1.51743e-06  2.06459e-05
 1.78882e-05 -1.36195e-06
-1.36195e-06  2.07861e-05
 1.71674e-05 -5.53589e-07
-5.53589e-07  2.09316e-05
1.66393e-05 8.30708e-07
8.30708e-07 2.03195e-05
1.68014e-05 2.58874e-06
2.58874e-06  2.3104e-05
1.66306e-05 3.23609e-06
3.23609e-06 2.28127e-05
1.58701e-05 2.82416e-06
2.82416e-06 2.11317e-05
 1.5024e-05 1.80609e-06
1.80609e-06 2.09979e-05
1.43572e-05 4.48519e-07
4.48519e-07  2.0553e-05
 1.41291e-05 -8.19282e-07
-8.19282e-07  2.18789e-05
 1.42667e-05 -2.09127e-06
-2.09127e-06   2.4093e-05
 1.44187e-05 -2.29882e-06
-2.29882e-06  2.35726e-05
 1.48339e-05 -2.17329e-06
-2.17329e-06  2.25193e-05
 1.55032e-05 -1.80462e-06
-1.80462e-06  2.12617e-05
 1.61757e-05 -9.35654e-07
-9.35654e-07  1.89793e-05
 1.70102e-05 -1.63502e-07
-1.63502e-07  1.88612e-05
1.77818e-05 7.46386e-07
7.46386e-07 1.89981e-05
1.82132e-05 1.41851e-06
1.41851e-06  1.8889e-05
1.82999e-05 1.96201e-06
1.96201e-06 1.90356e-05
1.81744e-05 2.58798e-06
2.58798e-06 1.99763e-05
1.75752e-05 2.65066e-06
2.65066e-06 2.03334e-05
1.68757e-05 2.36724e-06
2.36724e-06 2.06288e-05
1.61178e-05 2.01715e-06
2.01715e-06 2.07635e-05
1.54556e-05 1.47298e-06
1.47298e-06 2.15523e-05
1.48252e-05 1.18333e-06
1.18333e-06 2.18823e-05
1.43031e-05 1.39965e-06
1.39965e-06 2.28969e-05
1.41283e-05 2.57382e-06
2.57382e-06 2.50992e-05
1.48469e-05 5.14333e-06
5.14333e-06 2.97358e-05
1.62703e-05 7.35435e-06
7.35435e-06 3.13563e-05
1.77972e-05 8.74285e-06
8.74285e-06  3.3656e-05
 1.8782e-05  8.0542e-06
 8.0542e-06 3.29981e-05
2.07505e-05  7.1045e-06
 7.1045e-06 3.24602e-05
2.25614e-05 6.57715e-06
6.57715e-06 3.34181e-05
2.28039e-05 2.65372e-06
2.65372e-06 2.88205e-05
2.58224e-05 8.08757e-07
8.08757e-07 2.97273e-05
 2.92764e-05 -6.43663e-07
-6.43663e-07    3.008e-05
 3.35227e-05 -1.19753e-06
-1.19753e-06  3.04023e-05
 3.74986e-05 -8.30731e-07
-8.30731e-07  3.12587e-05
  4.0346e-05 -1.23925e-07
-1.23925e-07  3.28736e-05
 4.04985e-05 -2.44206e-06
-2.44206e-06  2.94662e-05
 4.18103e-05 -5.90185e-06
-5.90185e-06  2.88777e-05
 4.13438e-05 -7.31788e-06
-7.31788e-06  2.77855e-05
 4.31962e-05 -9.26425e-06
-9.26425e-06  2.98021e-05
 4.06014e-05 -1.03057e-05
-1.03057e-05  3.06853e-05
 3.86552e-05 -1.10534e-05
-1.10534e-05  3.38683e-05
 3.70272e-05 -1.30057e-05
-1.30057e-05  3.57334e-05
 3.77945e-05 -1.65041e-05
-1.65041e-05  3.99172e-05
 4.33213e-05 -2.53714e-05
-2.53714e-05  5.13385e-05
 5.00673e-05 -3.24965e-05
-3.24965e-05  5.70443e-05
 5.91314e-05 -4.15184e-05
-4.15184e-05  6.69216e-05
 6.57483e-05 -4.51831e-05
-4.51831e-05  6.98925e-05
 4.87087e-05 -2.59666e-05
-2.59666e-05  4.83701e-05
 4.27415e-05 -1.92774e-05
-1.92774e-05  4.10493e-05
 4.01731e-05 -1.70765e-05
-1.70765e-05  4.33208e-05
 3.64552e-05 -1.47922e-05
-1.47922e-05  4.20468e-05
3.18557e-05 -1.2517e-05
-1.2517e-05 4.25481e-05
 2.69371e-05 -9.27709e-06
-9.27709e-06  4.38024e-05
2.29498e-05  -4.969e-06
 -4.969e-06 4.62344e-05
2.09666e-05 3.99598e-07
3.99598e-07 4.86947e-05
2.30659e-05 1.00407e-05
1.00407e-05 6.00863e-05
2.58896e-05 1.61153e-05
1.61153e-05 6.22482e-05
2.90119e-05 2.08006e-05
2.08006e-05 5.70995e-05
3.17147e-05 2.23166e-05
2.23166e-05 5.26249e-05
3.25606e-05 2.10358e-05
2.10358e-05  4.6682e-05
3.04928e-05  1.6874e-05
 1.6874e-05 3.97434e-05
2.80538e-05 1.28099e-05
1.28099e-05 3.41584e-05
2.79322e-05 1.21932e-05
1.21932e-05 3.49649e-05
2.60373e-05 8.62304e-06
8.62304e-06 3.16051e-05
2.46582e-05 5.16751e-06
5.16751e-06 2.82172e-05
2.44214e-05 2.78582e-06
2.78582e-06 2.74711e-05
2.48162e-05 5.77047e-07
5.77047e-07 2.56887e-05
 2.57537e-05 -1.30518e-06
-1.30518e-06  2.41854e-05
 2.70222e-05 -2.94651e-06
-2.94651e-06   2.2876e-05
 2.83872e-05 -4.42837e-06
-4.42837e-06  2.17184e-05
 2.96256e-05 -5.82079e-06
-5.82079e-06  2.06966e-05
 3.15719e-05 -7.91016e-06
-7.91016e-06  2.06162e-05
1.97032e-05 9.01758e-06
9.01758e-06 3.18101e-05
1.63248e-05 4.55799e-06
4.55799e-06 2.83532e-05
1.52062e-05 1.76455e-06
1.76455e-06 2.60045e-05
 1.47311e-05 -7.82616e-08
-7.82616e-08  2.38304e-05
 1.49802e-05 -1.21355e-06
-1.21355e-06  2.26621e-05
 1.54122e-05 -1.98707e-06
-1.98707e-06   2.1784e-05
 1.56875e-05 -2.06361e-06
-2.06361e-06  2.00734e-05
 1.58366e-05 -2.24997e-06
-2.24997e-06  1.91964e-05
 1.57735e-05 -2.36974e-06
-2.36974e-06  1.90223e-05
 1.59639e-05 -3.40317e-06
-3.40317e-06   2.0758e-05
  1.6069e-05 -4.32993e-06
-4.32993e-06  2.20572e-05
 1.74719e-05 -6.08411e-06
-6.08411e-06  2.41066e-05
 1.84271e-05 -6.81593e-06
-6.81593e-06  2.38346e-05
 1.86398e-05 -7.02531e-06
-7.02531e-06  2.37108e-05
 1.76285e-05 -5.84004e-06
-5.84004e-06  2.22137e-05
1.67259e-05 -4.8727e-06
-4.8727e-06 2.11199e-05
 1.57773e-05 -4.18702e-06
-4.18702e-06  2.02956e-05
 1.50565e-05 -3.93053e-06
-3.93053e-06  2.09936e-05
 1.39143e-05 -2.91851e-06
-2.91851e-06  2.13535e-05
  1.3162e-05 -1.80757e-06
-1.80757e-06  2.17659e-05
 1.27806e-05 -6.47975e-07
-6.47975e-07   2.1004e-05
 1.2618e-05 1.71634e-07
1.71634e-07 2.08453e-05
1.27004e-05 1.13542e-06
1.13542e-06 2.27931e-05
 1.3289e-05 2.52562e-06
2.52562e-06 2.46493e-05
1.44129e-05 3.70656e-06
3.70656e-06 2.54984e-05
1.56996e-05 3.96274e-06
3.96274e-06 2.47747e-05
1.70393e-05 3.64583e-06
3.64583e-06 2.25294e-05
1.84475e-05 3.34864e-06
3.34864e-06 2.10936e-05
1.98889e-05 3.02297e-06
3.02297e-06 2.09783e-05
2.12908e-05 2.81251e-06
2.81251e-06 2.14489e-05
2.21701e-05 1.99164e-06
1.99164e-06 2.03126e-05
2.29278e-05  1.7377e-06
 1.7377e-06 2.05899e-05
2.33879e-05 1.82426e-06
1.82426e-06 2.14275e-05
2.34391e-05 1.74151e-06
1.74151e-06 2.25452e-05
2.25474e-05 1.44274e-06
1.44274e-06 2.22013e-05
2.16293e-05 1.75794e-06
1.75794e-06 2.33089e-05
2.06193e-05 2.14493e-06
2.14493e-06 2.48631e-05
1.98845e-05 2.83046e-06
2.83046e-06 2.75471e-05
1.95557e-05  3.1188e-06
 3.1188e-06 3.00853e-05
1.93776e-05 2.56288e-06
2.56288e-06 2.77782e-05
1.96839e-05 2.52597e-06
2.52597e-06 2.69444e-05
2.00074e-05 1.89613e-06
1.89613e-06 2.45629e-05
2.02332e-05 1.13498e-06
1.13498e-06 2.36732e-05
 2.02724e-05 -9.62783e-07
-9.62783e-07  2.34514e-05
 2.05994e-05 -2.87707e-06
-2.87707e-06  2.46031e-05
 2.18531e-05 -5.94285e-06
-5.94285e-06  2.69122e-05
2.27079e-05 -7.6319e-06
-7.6319e-06 2.73259e-05
 2.27092e-05 -7.93314e-06
-7.93314e-06  2.70894e-05
 2.13801e-05 -6.04505e-06
-6.04505e-06  2.47502e-05
 2.02237e-05 -3.69696e-06
-3.69696e-06  2.38745e-05
 1.98431e-05 -1.51556e-06
-1.51556e-06  2.14435e-05
2.04484e-05 -1.8441e-08
-1.8441e-08 2.03485e-05
2.11649e-05 9.33741e-07
9.33741e-07 1.90197e-05
2.11015e-05 9.33772e-07
9.33772e-07 1.77834e-05
  1.994e-05 5.81302e-07
5.81302e-07 1.68434e-05
1.80702e-05 1.89785e-07
1.89785e-07 1.65921e-05
 1.59565e-05 -2.14973e-08
-2.14973e-08  1.70888e-05
1.41324e-05 4.38255e-07
4.38255e-07 1.89034e-05
1.29761e-05 1.29761e-06
1.29761e-06 2.30112e-05
1.24027e-05 1.80678e-06
1.80678e-06 2.24769e-05
1.21971e-05 1.45674e-06
1.45674e-06 2.06099e-05
1.23953e-05 8.71559e-07
8.71559e-07 1.84028e-05
1.30534e-05 6.70527e-07
6.70527e-07 1.65661e-05
1.40149e-05 9.73507e-07
9.73507e-07 1.57869e-05
1.46529e-05  1.1029e-06
 1.1029e-06 1.50774e-05
1.49348e-05 1.42785e-06
1.42785e-06 1.44968e-05
1.46188e-05 1.63337e-06
1.63337e-06 1.46172e-05
1.38057e-05 1.69137e-06
1.69137e-06 1.48769e-05
1.28078e-05 1.57818e-06
1.57818e-06 1.55089e-05
1.19376e-05 1.15302e-06
1.15302e-06 1.65482e-05
 1.1385e-05 5.51029e-07
5.51029e-07  1.6932e-05
1.10819e-05 3.81416e-07
3.81416e-07 1.61325e-05
1.08908e-05 3.95905e-07
3.95905e-07 1.53644e-05
1.07436e-05 3.17267e-07
3.17267e-07 1.44037e-05
  1.087e-05 2.82487e-07
2.82487e-07 1.38774e-05
 1.11307e-05 -5.43547e-08
-5.43547e-08  1.31189e-05
 1.16156e-05 -6.07684e-07
-6.07684e-07  1.25909e-05
 1.22385e-05 -1.03219e-06
-1.03219e-06   1.1947e-05
 1.27866e-05 -1.44784e-06
-1.44784e-06  1.21267e-05
  1.2634e-05 -1.30749e-06
-1.30749e-06  1.18741e-05
 1.19587e-05 -1.01985e-06
-1.01985e-06  1.21466e-05
 1.11326e-05 -6.53399e-07
-6.53399e-07   1.2835e-05
1.03399e-05   2.655e-08
  2.655e-08 1.32243e-05
9.88538e-06 6.92868e-07
6.92868e-07 1.33647e-05
9.71889e-06 1.18413e-06
1.18413e-06 1.31932e-05
 9.6289e-06 1.41067e-06
1.41067e-06 1.28369e-05
9.20187e-06  1.1452e-06
 1.1452e-06 1.29161e-05
8.79019e-06 8.49018e-07
8.49018e-07 1.29095e-05
8.29868e-06 2.03099e-07
2.03099e-07 1.31908e-05
 8.11659e-06 -5.43276e-07
-5.43276e-07  1.37636e-05
 8.32699e-06 -1.36279e-06
-1.36279e-06  1.45136e-05
  8.6282e-06 -1.69761e-06
-1.69761e-06  1.40997e-05
 9.08417e-06 -1.56288e-06
-1.56288e-06  1.39636e-05
  9.4879e-06 -1.19352e-06
-1.19352e-06  1.33235e-05
 1.00672e-05 -8.69331e-07
-8.69331e-07  1.30977e-05
 1.07842e-05 -9.20448e-07
-9.20448e-07  1.32431e-05
 1.15163e-05 -1.48344e-06
-1.48344e-06  1.29138e-05
 1.25778e-05 -2.04668e-06
-2.04668e-06  1.27783e-05
 1.36629e-05 -2.60823e-06
-2.60823e-06  1.26608e-05
 1.45146e-05 -3.11029e-06
-3.11029e-06  1.25648e-05
