1.81305e-05 4.78676e-07
4.78676e-07 1.17639e-05
1.98225e-05 4.70202e-07
4.70202e-07 1.25566e-05
1.99515e-05 2.98269e-07
2.98269e-07 1.28622e-05
 1.94713e-05 -5.63772e-08
-5.63772e-08   1.3097e-05
 1.84937e-05 -5.90348e-07
-5.90348e-07  1.34061e-05
  1.6998e-05 -1.12027e-06
-1.12027e-06  1.38722e-05
 1.51815e-05 -1.45231e-06
-1.45231e-06  1.46263e-05
 1.33445e-05 -1.31229e-06
-1.31229e-06  1.56065e-05
 1.20075e-05 -6.90221e-07
-6.90221e-07  1.65605e-05
1.14384e-05 1.80696e-07
1.80696e-07 1.67135e-05
1.15648e-05 6.13214e-07
6.13214e-07 1.62495e-05
1.19843e-05 5.10294e-07
5.10294e-07 1.58959e-05
1.22162e-05 1.59406e-07
1.59406e-07 1.60591e-05
1.23273e-05  6.9087e-09
 6.9087e-09 1.65888e-05
1.24248e-05  2.5493e-07
 2.5493e-07 1.72427e-05
1.29322e-05 8.71063e-07
8.71063e-07 1.73196e-05
1.40975e-05 1.60799e-06
1.60799e-06 1.67247e-05
1.58397e-05 2.27308e-06
2.27308e-06  1.5661e-05
1.78266e-05 2.77814e-06
2.77814e-06 1.46458e-05
1.95059e-05 3.13839e-06
3.13839e-06 1.42701e-05
 1.9863e-05 3.26314e-06
3.26314e-06 1.42239e-05
1.87472e-05 2.87202e-06
2.87202e-06 1.44489e-05
1.68479e-05 1.76174e-06
1.76174e-06 1.50463e-05
 1.54959e-05 -3.55346e-08
-3.55346e-08  1.56655e-05
 1.57228e-05 -2.31214e-06
-2.31214e-06  1.65693e-05
 1.69321e-05 -4.23328e-06
-4.23328e-06  1.72172e-05
1.75686e-05  -4.949e-06
 -4.949e-06 1.77535e-05
 1.67358e-05 -3.96631e-06
-3.96631e-06  1.79798e-05
 1.56906e-05 -1.83627e-06
-1.83627e-06  1.80837e-05
1.58844e-05  6.0125e-07
 6.0125e-07  1.7982e-05
1.75532e-05  2.6326e-06
 2.6326e-06 1.78119e-05
2.00396e-05 3.91645e-06
3.91645e-06 1.76782e-05
2.26381e-05 4.41015e-06
4.41015e-06 1.74429e-05
2.49631e-05 4.21338e-06
4.21338e-06 1.70085e-05
 2.6974e-05 3.52111e-06
3.52111e-06 1.64971e-05
2.85312e-05 2.50239e-06
2.50239e-06 1.60076e-05
2.90759e-05 1.37543e-06
1.37543e-06 1.54386e-05
 2.8468e-05 2.90932e-07
2.90932e-07 1.53303e-05
 2.63031e-05 -3.81097e-07
-3.81097e-07   1.5445e-05
  2.3317e-05 -3.81792e-07
-3.81792e-07  1.59888e-05
2.05491e-05 5.18597e-07
5.18597e-07 1.68775e-05
1.91846e-05 2.33611e-06
2.33611e-06 1.81454e-05
1.96087e-05 4.58044e-06
4.58044e-06 1.91592e-05
2.13698e-05 6.61273e-06
6.61273e-06 2.03258e-05
2.26986e-05 7.10517e-06
7.10517e-06 1.98769e-05
2.28413e-05 6.27379e-06
6.27379e-06 1.89344e-05
2.19999e-05 4.74903e-06
4.74903e-06 1.78831e-05
2.07877e-05 3.22289e-06
3.22289e-06  1.7209e-05
1.94339e-05 1.87042e-06
1.87042e-06 1.69095e-05
 1.8065e-05 6.14956e-07
6.14956e-07 1.71327e-05
 1.67875e-05 -7.40258e-07
-7.40258e-07  1.75086e-05
1.60479e-05 -2.3879e-06
-2.3879e-06 1.83226e-05
 1.62353e-05 -4.48333e-06
-4.48333e-06   1.9494e-05
 1.75154e-05 -6.86512e-06
-6.86512e-06  2.07246e-05
  1.9327e-05 -8.81151e-06
-8.81151e-06   2.1348e-05
 2.04865e-05 -9.43803e-06
-9.43803e-06  2.09473e-05
 2.01261e-05 -8.30884e-06
-8.30884e-06  1.91552e-05
 1.89875e-05 -6.45545e-06
-6.45545e-06  1.71451e-05
 1.78293e-05 -4.66874e-06
-4.66874e-06  1.54249e-05
  1.6966e-05 -3.38582e-06
-3.38582e-06  1.44185e-05
  1.5847e-05 -2.28714e-06
-2.28714e-06  1.37799e-05
 1.45085e-05 -1.22104e-06
-1.22104e-06  1.36072e-05
1.34052e-05 9.32484e-10
9.32484e-10 1.36082e-05
1.28461e-05 1.16509e-06
1.16509e-06    1.37e-05
1.24124e-05 1.74533e-06
1.74533e-06 1.38657e-05
1.17134e-05 1.67232e-06
1.67232e-06 1.47036e-05
 1.0962e-05 1.00389e-06
1.00389e-06 1.54153e-05
1.08142e-05 4.53167e-07
4.53167e-07 1.55971e-05
1.13941e-05 3.66326e-07
3.66326e-07  1.4753e-05
1.25383e-05 5.50656e-07
5.50656e-07 1.37397e-05
1.38831e-05 6.48113e-07
6.48113e-07 1.31672e-05
1.50445e-05  5.0066e-07
 5.0066e-07 1.30012e-05
1.58953e-05  1.7346e-07
 1.7346e-07 1.30525e-05
1.65011e-05 -1.4774e-07
-1.4774e-07  1.3162e-05
1.69086e-05 -2.6067e-07
-2.6067e-07 1.32412e-05
 1.70269e-05 -1.18892e-07
-1.18892e-07  1.32703e-05
1.68194e-05 3.45079e-07
3.45079e-07  1.3326e-05
1.64086e-05 1.17956e-06
1.17956e-06 1.35089e-05
1.61573e-05 2.43699e-06
2.43699e-06 1.38709e-05
1.66963e-05 4.29885e-06
4.29885e-06 1.47279e-05
1.81468e-05 6.60619e-06
6.60619e-06 1.59235e-05
1.99171e-05  9.0384e-06
 9.0384e-06 1.76124e-05
2.00355e-05 1.02451e-05
1.02451e-05 1.89198e-05
 1.6567e-05 8.39466e-06
8.39466e-06 1.84159e-05
1.29033e-05 5.68827e-06
5.68827e-06 1.74353e-05
 1.0594e-05  3.1128e-06
 3.1128e-06 1.64211e-05
9.46251e-06 9.03356e-07
9.03356e-07  1.5375e-05
 9.24803e-06 -5.66621e-07
-5.66621e-07  1.48899e-05
 9.54535e-06 -1.63846e-06
-1.63846e-06  1.49936e-05
 1.01847e-05 -2.71045e-06
-2.71045e-06  1.54268e-05
 1.10943e-05 -3.78926e-06
-3.78926e-06  1.57127e-05
 1.26468e-05 -4.71083e-06
-4.71083e-06  1.57348e-05
 1.44196e-05 -5.15201e-06
-5.15201e-06  1.53182e-05
 1.60939e-05 -5.01617e-06
-5.01617e-06  1.46153e-05
 1.74813e-05 -4.47525e-06
-4.47525e-06  1.39121e-05
 1.85529e-05 -3.77737e-06
-3.77737e-06  1.34099e-05
 1.93247e-05 -3.12565e-06
-3.12565e-06  1.30654e-05
 1.97294e-05 -2.68175e-06
-2.68175e-06  1.28017e-05
 1.99945e-05 -2.45667e-06
-2.45667e-06  1.25163e-05
 2.00395e-05 -2.43282e-06
-2.43282e-06  1.20647e-05
1.14096e-05 2.44273e-06
2.44273e-06 1.99573e-05
1.11195e-05 1.40972e-06
1.40972e-06 1.91005e-05
1.11162e-05  6.4529e-07
 6.4529e-07 1.80652e-05
1.12132e-05 2.01615e-07
2.01615e-07 1.72536e-05
 1.11901e-05 -4.48542e-08
-4.48542e-08  1.68186e-05
 1.10172e-05 -3.08859e-07
-3.08859e-07  1.68353e-05
  1.0818e-05 -7.72018e-07
-7.72018e-07  1.72407e-05
 1.06957e-05 -1.38435e-06
-1.38435e-06  1.76448e-05
 1.07993e-05 -2.06632e-06
-2.06632e-06  1.78963e-05
 1.11188e-05 -2.64255e-06
-2.64255e-06  1.78938e-05
 1.15433e-05 -2.95455e-06
-2.95455e-06  1.76263e-05
 1.20685e-05 -2.96388e-06
-2.96388e-06  1.72098e-05
 1.26538e-05 -2.71396e-06
-2.71396e-06  1.67844e-05
 1.29049e-05 -2.00869e-06
-2.00869e-06  1.62918e-05
 1.30285e-05 -1.01851e-06
-1.01851e-06  1.58247e-05
 1.34643e-05 -7.97012e-08
-7.97012e-08   1.5547e-05
1.39815e-05 8.37349e-07
8.37349e-07 1.54357e-05
1.45411e-05 1.55398e-06
1.55398e-06 1.53443e-05
 1.5047e-05 1.89795e-06
1.89795e-06 1.52289e-05
1.53927e-05 1.80955e-06
1.80955e-06 1.50273e-05
1.56618e-05 1.31282e-06
1.31282e-06 1.48109e-05
1.57681e-05 6.33338e-07
6.33338e-07 1.44745e-05
  1.5837e-05 -7.76609e-08
-7.76609e-08  1.42801e-05
1.57644e-05 -6.5076e-07
-6.5076e-07 1.41897e-05
 1.54461e-05 -9.29565e-07
-9.29565e-07  1.41821e-05
1.48883e-05 -7.9853e-07
-7.9853e-07 1.41989e-05
 1.42571e-05 -2.55851e-07
-2.55851e-07  1.41183e-05
1.38259e-05   5.558e-07
  5.558e-07 1.40679e-05
1.36174e-05 1.35208e-06
1.35208e-06 1.40366e-05
1.33803e-05 1.81067e-06
1.81067e-06 1.40667e-05
1.28659e-05 1.71501e-06
1.71501e-06 1.41614e-05
1.21903e-05 1.11284e-06
1.11284e-06 1.43292e-05
1.16503e-05 2.74902e-07
2.74902e-07 1.45122e-05
1.13791e-05 -4.6393e-07
-4.6393e-07 1.47853e-05
1.13279e-05 -9.5679e-07
-9.5679e-07   1.516e-05
 1.14555e-05 -1.19629e-06
-1.19629e-06   1.5089e-05
  1.1846e-05 -1.20394e-06
-1.20394e-06  1.48602e-05
 1.24533e-05 -1.01159e-06
-1.01159e-06  1.43889e-05
1.31577e-05 -6.6908e-07
-6.6908e-07 1.38157e-05
 1.38758e-05 -2.29902e-07
-2.29902e-07  1.35326e-05
 1.4455e-05 2.83319e-07
2.83319e-07  1.3411e-05
1.47878e-05 7.81074e-07
7.81074e-07 1.34118e-05
1.48487e-05 1.19347e-06
1.19347e-06 1.35638e-05
 1.4593e-05 1.46052e-06
1.46052e-06 1.36557e-05
1.41365e-05 1.55592e-06
1.55592e-06 1.39243e-05
1.35004e-05 1.47924e-06
1.47924e-06 1.41043e-05
1.28254e-05 1.25033e-06
1.25033e-06 1.42221e-05
1.21658e-05 9.44885e-07
9.44885e-07 1.43194e-05
1.15512e-05 7.24635e-07
7.24635e-07 1.45669e-05
1.09942e-05 8.40319e-07
8.40319e-07 1.50456e-05
 1.0679e-05 1.53768e-06
1.53768e-06 1.59574e-05
1.08556e-05 2.77624e-06
2.77624e-06 1.72288e-05
1.14262e-05 3.88971e-06
3.88971e-06 1.82943e-05
1.18435e-05 3.82995e-06
3.82995e-06  1.7906e-05
1.22307e-05 2.94041e-06
2.94041e-06 1.68797e-05
1.28839e-05  1.8889e-06
 1.8889e-06 1.57957e-05
1.36857e-05 9.14113e-07
9.14113e-07 1.51537e-05
 1.47043e-05 -9.93674e-08
-9.93674e-08  1.51712e-05
 1.62863e-05 -1.22552e-06
-1.22552e-06  1.54288e-05
 1.85894e-05 -2.36924e-06
-2.36924e-06  1.52421e-05
  2.1323e-05 -2.99347e-06
-2.99347e-06  1.52715e-05
 2.38137e-05 -3.19425e-06
-3.19425e-06  1.53709e-05
 2.56232e-05 -3.19898e-06
-3.19898e-06  1.56319e-05
 2.67889e-05 -3.26264e-06
-3.26264e-06   1.6022e-05
 2.76983e-05 -3.52022e-06
-3.52022e-06  1.64829e-05
 2.83248e-05 -3.82363e-06
-3.82363e-06  1.69053e-05
 2.8466e-05 -4.0496e-06
-4.0496e-06 1.73112e-05
2.77955e-05  -4.168e-06
 -4.168e-06 1.77527e-05
 2.66715e-05 -4.50368e-06
-4.50368e-06  1.84521e-05
 2.56453e-05 -5.38755e-06
-5.38755e-06  1.93355e-05
 2.56798e-05 -6.93747e-06
-6.93747e-06  2.07573e-05
 2.69583e-05 -8.99781e-06
-8.99781e-06  2.22359e-05
 2.91004e-05 -1.09858e-05
-1.09858e-05  2.32139e-05
 3.12405e-05 -1.22854e-05
-1.22854e-05  2.34814e-05
 3.24772e-05 -1.26134e-05
-1.26134e-05  2.30966e-05
3.25867e-05 -1.2261e-05
-1.2261e-05 2.25499e-05
 3.15162e-05 -1.16052e-05
-1.16052e-05  2.21158e-05
  2.9288e-05 -1.07422e-05
-1.07422e-05  2.18279e-05
 2.60866e-05 -9.69486e-06
-9.69486e-06  2.17751e-05
 2.23674e-05 -8.37704e-06
-8.37704e-06  2.22033e-05
 1.86415e-05 -6.58106e-06
-6.58106e-06  2.25167e-05
 1.57437e-05 -4.16577e-06
-4.16577e-06  2.29847e-05
 1.42698e-05 -1.40512e-06
-1.40512e-06  2.35604e-05
 1.4198e-05  1.2351e-06
 1.2351e-06 2.37393e-05
1.50356e-05 3.24435e-06
3.24435e-06  2.3195e-05
1.67419e-05 5.25423e-06
5.25423e-06 2.36125e-05
1.80844e-05 6.10292e-06
6.10292e-06 2.30248e-05
1.95449e-05 6.83337e-06
6.83337e-06  2.3043e-05
1.93781e-05  5.9911e-06
 5.9911e-06 2.20451e-05
1.93636e-05 5.23686e-06
5.23686e-06 2.15834e-05
1.89095e-05 4.01074e-06
4.01074e-06  2.0971e-05
1.85424e-05 2.67887e-06
2.67887e-06 2.04583e-05
  1.839e-05 1.30803e-06
1.30803e-06 1.99709e-05
 1.85626e-05 -2.82857e-08
-2.82857e-08  1.94724e-05
1.90802e-05 -1.2807e-06
-1.2807e-06 1.89279e-05
 2.00484e-05 -2.31843e-06
-2.31843e-06  1.84496e-05
 2.10438e-05 -3.35792e-06
-3.35792e-06  1.77227e-05
 2.20831e-05 -4.29094e-06
-4.29094e-06  1.69248e-05
 2.32506e-05 -5.08437e-06
-5.08437e-06   1.6133e-05
 2.41555e-05 -5.88145e-06
-5.88145e-06  1.52226e-05
1.42468e-05 6.65326e-06
6.65326e-06 2.45083e-05
1.19603e-05 3.50941e-06
3.50941e-06 2.24594e-05
   1.12e-05  1.3839e-06
 1.3839e-06 2.05279e-05
1.11713e-05 8.21016e-08
8.21016e-08  1.9099e-05
 1.14614e-05 -7.49421e-07
-7.49421e-07  1.80608e-05
 1.18829e-05 -1.27152e-06
-1.27152e-06  1.72198e-05
 1.22965e-05 -1.52554e-06
-1.52554e-06  1.65148e-05
 1.25525e-05 -1.58751e-06
-1.58751e-06   1.6027e-05
 1.25802e-05 -1.62791e-06
-1.62791e-06  1.58148e-05
 1.25091e-05 -1.82634e-06
-1.82634e-06   1.5837e-05
1.24828e-05 -2.1629e-06
-2.1629e-06 1.59031e-05
 1.34105e-05 -2.98321e-06
-2.98321e-06  1.61939e-05
 1.42065e-05 -3.63163e-06
-3.63163e-06  1.63539e-05
 1.40095e-05 -3.43894e-06
-3.43894e-06  1.59369e-05
 1.37484e-05 -3.10745e-06
-3.10745e-06  1.54716e-05
 1.34319e-05 -2.81236e-06
-2.81236e-06  1.51558e-05
 1.28045e-05 -2.41522e-06
-2.41522e-06  1.48835e-05
 1.24682e-05 -2.55821e-06
-2.55821e-06  1.56972e-05
 1.15117e-05 -1.86456e-06
-1.86456e-06  1.58876e-05
 1.08084e-05 -9.78607e-07
-9.78607e-07  1.58255e-05
  1.0457e-05 -2.43587e-07
-2.43587e-07  1.56756e-05
1.02901e-05 3.11378e-07
3.11378e-07 1.58532e-05
1.02741e-05 9.72652e-07
9.72652e-07 1.63142e-05
1.06496e-05 1.80384e-06
1.80384e-06  1.6556e-05
1.14663e-05 2.39103e-06
2.39103e-06 1.60562e-05
1.25568e-05 2.53247e-06
2.53247e-06 1.53757e-05
1.37062e-05 2.32469e-06
2.32469e-06 1.46269e-05
1.49324e-05 2.01418e-06
2.01418e-06 1.42408e-05
1.61256e-05 1.66407e-06
1.66407e-06 1.39598e-05
1.72403e-05 1.32111e-06
1.32111e-06 1.38717e-05
1.81552e-05 1.01056e-06
1.01056e-06 1.38739e-05
1.87834e-05 7.84852e-07
7.84852e-07 1.39419e-05
1.90517e-05 6.86744e-07
6.86744e-07 1.40651e-05
1.89117e-05 7.17476e-07
7.17476e-07 1.42553e-05
1.82358e-05 7.65726e-07
7.65726e-07 1.43028e-05
1.74155e-05 9.17096e-07
9.17096e-07 1.46914e-05
1.64771e-05 1.07121e-06
1.07121e-06 1.51194e-05
1.56758e-05 1.23016e-06
1.23016e-06 1.55338e-05
1.52003e-05 1.38116e-06
1.38116e-06 1.58036e-05
1.50314e-05 1.41703e-06
1.41703e-06 1.56063e-05
1.51974e-05 1.26839e-06
1.26839e-06 1.53817e-05
1.53666e-05 8.56205e-07
8.56205e-07 1.49829e-05
1.55028e-05 2.82817e-07
2.82817e-07 1.45675e-05
 1.55183e-05 -5.79445e-07
-5.79445e-07  1.43284e-05
 1.56343e-05 -1.65707e-06
-1.65707e-06  1.43079e-05
  1.5999e-05 -2.79956e-06
-2.79956e-06  1.44689e-05
 1.63865e-05 -3.67414e-06
-3.67414e-06  1.45975e-05
 1.64023e-05 -3.88177e-06
-3.88177e-06  1.45244e-05
 1.58868e-05 -3.24869e-06
-3.24869e-06  1.40958e-05
 1.53088e-05 -2.05929e-06
-2.05929e-06  1.33959e-05
 1.52615e-05 -8.04257e-07
-8.04257e-07  1.26815e-05
1.57578e-05 1.84033e-07
1.84033e-07 1.21243e-05
1.63468e-05 7.55514e-07
7.55514e-07 1.15973e-05
 1.6455e-05 8.89926e-07
8.89926e-07 1.12762e-05
1.56986e-05 6.85452e-07
6.85452e-07 1.11011e-05
1.42078e-05 3.57937e-07
3.57937e-07 1.11734e-05
 1.2393e-05  1.9098e-07
 1.9098e-07 1.14738e-05
1.08264e-05 3.92397e-07
3.92397e-07  1.2103e-05
9.83913e-06 8.85013e-07
8.85013e-07 1.27969e-05
9.39858e-06 1.21891e-06
1.21891e-06 1.30033e-05
9.32325e-06 1.08208e-06
1.08208e-06 1.26164e-05
9.54909e-06 7.04849e-07
7.04849e-07 1.16832e-05
1.01661e-05 5.33593e-07
5.33593e-07 1.08639e-05
1.09844e-05 6.27836e-07
6.27836e-07 1.01905e-05
 1.1719e-05 8.45747e-07
8.45747e-07 9.89723e-06
1.20247e-05 1.06689e-06
1.06689e-06 9.81574e-06
1.17886e-05  1.2057e-06
 1.2057e-06 9.94303e-06
1.11346e-05 1.22899e-06
1.22899e-06 1.02232e-05
1.03205e-05 1.10914e-06
1.10914e-06 1.06688e-05
9.60397e-06  8.2291e-07
 8.2291e-07 1.11778e-05
9.11668e-06 5.31119e-07
5.31119e-07 1.13333e-05
8.89235e-06 3.74821e-07
3.74821e-07 1.12469e-05
8.80666e-06  3.7627e-07
 3.7627e-07 1.10169e-05
8.85457e-06 4.14988e-07
4.14988e-07 1.09261e-05
8.95784e-06 3.27453e-07
3.27453e-07 1.07199e-05
9.18048e-06 4.33334e-09
4.33334e-09  1.0415e-05
 9.57335e-06 -4.25266e-07
-4.25266e-07   9.9785e-06
1.00322e-05  -8.091e-07
 -8.091e-07 9.55608e-06
 1.03288e-05 -9.88949e-07
-9.88949e-07  9.26308e-06
 1.02549e-05 -9.33529e-07
-9.33529e-07  9.16035e-06
 9.76793e-06 -7.21676e-07
-7.21676e-07  9.29155e-06
 9.03893e-06 -3.96862e-07
-3.96862e-07  9.52946e-06
 8.44123e-06 -1.31023e-09
-1.31023e-09  9.84451e-06
8.03509e-06 3.50804e-07
3.50804e-07 1.00884e-05
7.85712e-06 6.41484e-07
6.41484e-07 1.01187e-05
7.57016e-06 6.78258e-07
6.78258e-07 9.95105e-06
7.37154e-06 6.60109e-07
6.60109e-07 9.96299e-06
7.04332e-06 4.53151e-07
4.53151e-07 1.02105e-05
 6.70747e-06 -1.33543e-08
-1.33543e-08  1.07396e-05
 6.40971e-06 -7.34855e-07
-7.34855e-07  1.11872e-05
 6.49159e-06 -1.37222e-06
-1.37222e-06  1.14191e-05
 6.80966e-06 -1.67547e-06
-1.67547e-06  1.13303e-05
 7.15418e-06 -1.60613e-06
-1.60613e-06  1.10176e-05
7.51268e-06 -1.3731e-06
-1.3731e-06 1.07021e-05
 7.93065e-06 -1.23442e-06
-1.23442e-06  1.05549e-05
 8.45165e-06 -1.34286e-06
-1.34286e-06  1.05485e-05
  9.1289e-06 -1.69443e-06
-1.69443e-06  1.05348e-05
9.97036e-06 -2.1452e-06
-2.1452e-06 1.04665e-05
 1.08255e-05 -2.57851e-06
-2.57851e-06  1.03238e-05
1.15321e-05 -2.9291e-06
-2.9291e-06 1.01516e-05
 9.8976e-06 3.20057e-06
3.20057e-06 1.19411e-05
 9.4474e-06 2.59651e-06
2.59651e-06  1.2007e-05
9.16662e-06 2.00004e-06
2.00004e-06 1.20148e-05
9.07136e-06 1.52351e-06
1.52351e-06 1.19311e-05
 9.1891e-06 1.23799e-06
1.23799e-06 1.18404e-05
9.40183e-06 1.23121e-06
1.23121e-06 1.17903e-05
9.57139e-06 1.43999e-06
1.43999e-06 1.19162e-05
 9.6086e-06 1.67223e-06
1.67223e-06 1.22627e-05
9.52638e-06 1.70188e-06
1.70188e-06 1.26963e-05
9.47205e-06 1.41855e-06
1.41855e-06 1.29549e-05
9.64759e-06 9.37185e-07
9.37185e-07 1.28762e-05
1.01833e-05 4.93744e-07
4.93744e-07 1.25866e-05
1.09906e-05 1.87339e-07
1.87339e-07 1.22736e-05
1.17722e-05 1.90863e-08
1.90863e-08 1.19693e-05
 1.23284e-05 -5.06373e-08
-5.06373e-08  1.18002e-05
 1.26962e-05 -3.96149e-08
-3.96149e-08  1.18465e-05
 1.30747e-05 -1.09696e-08
-1.09696e-08  1.20695e-05
1.32475e-05 1.72371e-07
1.72371e-07 1.23053e-05
1.33736e-05 4.97572e-07
4.97572e-07 1.24019e-05
  1.355e-05 8.03745e-07
8.03745e-07 1.23238e-05
1.38908e-05 8.93537e-07
8.93537e-07 1.22282e-05
1.42481e-05 7.00065e-07
7.00065e-07 1.21279e-05
1.43277e-05 3.68144e-07
3.68144e-07 1.19772e-05
 1.41883e-05 -8.69649e-08
-8.69649e-08  1.18251e-05
 1.38228e-05 -4.77055e-07
-4.77055e-07  1.18146e-05
 1.33297e-05 -8.05657e-07
-8.05657e-07  1.19875e-05
 1.26477e-05 -9.55289e-07
-9.55289e-07  1.21617e-05
  1.1924e-05 -1.00532e-06
-1.00532e-06  1.23823e-05
 1.12607e-05 -1.02861e-06
-1.02861e-06  1.25158e-05
 1.08259e-05 -1.14757e-06
-1.14757e-06  1.26349e-05
 1.06546e-05 -1.33673e-06
-1.33673e-06  1.24766e-05
 1.07372e-05 -1.48963e-06
-1.48963e-06  1.20818e-05
  1.0914e-05 -1.46623e-06
-1.46623e-06  1.15117e-05
  1.0968e-05 -1.20763e-06
-1.20763e-06  1.09113e-05
 1.07865e-05 -8.12135e-07
-8.12135e-07  1.05255e-05
  1.0323e-05 -3.87437e-07
-3.87437e-07  1.04134e-05
9.66583e-06 -7.6885e-08
-7.6885e-08 1.06078e-05
 9.00416e-06 -1.14223e-08
-1.14223e-08   1.1202e-05
 8.50294e-06 -1.58803e-07
-1.58803e-07  1.17163e-05
  8.2924e-06 -3.75533e-07
-3.75533e-07  1.18937e-05
 8.35155e-06 -4.60301e-07
-4.60301e-07  1.17305e-05
 8.57136e-06 -3.67052e-07
-3.67052e-07   1.1466e-05
 8.80549e-06 -1.79714e-07
-1.79714e-07  1.12274e-05
8.96164e-06 8.41772e-08
8.41772e-08  1.1367e-05
9.01293e-06 5.42057e-07
5.42057e-07 1.18112e-05
9.18844e-06 1.28025e-06
1.28025e-06 1.25878e-05
9.66575e-06 2.16049e-06
2.16049e-06 1.33892e-05
1.03885e-05 2.81901e-06
2.81901e-06 1.37552e-05
1.11519e-05 3.02057e-06
3.02057e-06 1.37986e-05
 1.1817e-05 2.71433e-06
2.71433e-06 1.35649e-05
1.24773e-05 2.07769e-06
2.07769e-06  1.3297e-05
1.32794e-05 1.28118e-06
1.28118e-06  1.3074e-05
1.43325e-05 4.38854e-07
4.38854e-07 1.25641e-05
 1.58387e-05 -2.88141e-07
-2.88141e-07   1.2364e-05
1.76415e-05 -8.4863e-07
-8.4863e-07 1.22295e-05
 1.95195e-05 -1.20484e-06
-1.20484e-06  1.21401e-05
 2.09041e-05 -1.30319e-06
-1.30319e-06  1.20023e-05
 2.14922e-05 -1.21872e-06
-1.21872e-06  1.20268e-05
 2.11068e-05 -1.08942e-06
-1.08942e-06  1.21449e-05
 1.99464e-05 -9.65461e-07
-9.65461e-07  1.24038e-05
 1.84768e-05 -9.25346e-07
-9.25346e-07  1.27238e-05
 1.71903e-05 -9.68347e-07
-9.68347e-07  1.31704e-05
 1.62091e-05 -1.01641e-06
-1.01641e-06  1.34376e-05
 1.55494e-05 -9.24807e-07
-9.24807e-07  1.34908e-05
1.50864e-05 -5.6907e-07
-5.6907e-07 1.34358e-05
 1.4662e-05 8.49158e-08
8.49158e-08 1.32694e-05
1.43082e-05 9.94472e-07
9.94472e-07  1.3219e-05
1.41093e-05 2.07741e-06
2.07741e-06 1.33825e-05
1.40914e-05 3.23127e-06
3.23127e-06 1.38691e-05
1.40472e-05 4.26639e-06
4.26639e-06 1.45123e-05
1.37074e-05 4.93555e-06
4.93555e-06 1.53304e-05
1.28368e-05  4.8543e-06
 4.8543e-06 1.58235e-05
 1.1725e-05 4.00005e-06
4.00005e-06 1.56948e-05
1.09438e-05 2.84985e-06
2.84985e-06 1.50267e-05
1.06693e-05 1.96695e-06
1.96695e-06 1.42244e-05
1.06238e-05 1.46597e-06
1.46597e-06 1.39111e-05
1.05269e-05 1.04497e-06
1.04497e-06 1.40566e-05
1.05362e-05 4.59779e-07
4.59779e-07 1.42908e-05
 1.09825e-05 -1.06821e-07
-1.06821e-07  1.41754e-05
 1.18943e-05 -2.75746e-07
-2.75746e-07  1.37407e-05
 1.23721e-05 -5.68666e-07
-5.68666e-07  1.26652e-05
1.32764e-05 -1.2561e-07
-1.2561e-07  1.2435e-05
1.39215e-05 2.61408e-07
2.61408e-07 1.23473e-05
1.40199e-05 3.55121e-07
3.55121e-07 1.22914e-05
1.41042e-05 6.37673e-07
6.37673e-07 1.25058e-05
1.37991e-05 8.32253e-07
8.32253e-07 1.28797e-05
1.31856e-05 8.43378e-07
8.43378e-07 1.34751e-05
1.21344e-05 4.72335e-07
4.72335e-07 1.40874e-05
  1.1519e-05 -4.22207e-08
-4.22207e-08  1.48335e-05
 1.10818e-05 -8.19641e-07
-8.19641e-07  1.54842e-05
 1.09683e-05 -1.41273e-06
-1.41273e-06  1.57732e-05
 1.11967e-05 -1.75002e-06
-1.75002e-06  1.59854e-05
 1.13795e-05 -1.79182e-06
-1.79182e-06  1.60954e-05
 1.14991e-05 -1.66771e-06
-1.66771e-06  1.63076e-05
  1.1593e-05 -1.45379e-06
-1.45379e-06  1.65886e-05
 1.17138e-05 -1.17514e-06
-1.17514e-06  1.68949e-05
 1.18508e-05 -8.30336e-07
-8.30336e-07  1.71963e-05
 1.19278e-05 -5.25607e-07
-5.25607e-07  1.74756e-05
 1.20121e-05 -2.85423e-07
-2.85423e-07  1.79473e-05
 1.20545e-05 -2.62871e-07
-2.62871e-07  1.84959e-05
