1.76633e-05 4.76414e-07
4.76414e-07 1.14551e-05
1.93118e-05 4.66873e-07
4.66873e-07 1.22256e-05
1.94525e-05 3.00194e-07
3.00194e-07 1.25249e-05
 1.89952e-05 -4.62646e-08
-4.62646e-08  1.27554e-05
 1.80493e-05 -5.67639e-07
-5.67639e-07  1.30568e-05
 1.6595e-05 -1.0857e-06
-1.0857e-06 1.35109e-05
 1.48255e-05 -1.40995e-06
-1.40995e-06   1.4245e-05
 1.30336e-05 -1.26897e-06
-1.26897e-06  1.52003e-05
 1.17345e-05 -6.58172e-07
-6.58172e-07  1.61242e-05
1.11866e-05 1.91443e-07
1.91443e-07 1.62712e-05
1.13135e-05 6.05992e-07
6.05992e-07 1.58231e-05
 1.1724e-05 4.95867e-07
4.95867e-07 1.55001e-05
1.19452e-05 1.52293e-07
1.52293e-07 1.56755e-05
1.20491e-05  7.9369e-09
 7.9369e-09 1.62096e-05
 1.2142e-05 2.55942e-07
2.55942e-07 1.68608e-05
1.26354e-05 8.58864e-07
8.58864e-07 1.69488e-05
1.37721e-05 1.57187e-06
1.57187e-06 1.63738e-05
 1.5475e-05 2.21225e-06
2.21225e-06 1.53331e-05
1.74378e-05 2.69689e-06
2.69689e-06 1.43338e-05
1.91194e-05 3.04195e-06
3.04195e-06 1.39594e-05
1.95205e-05 3.16672e-06
3.16672e-06 1.39098e-05
1.84528e-05 2.79364e-06
2.79364e-06   1.413e-05
1.65914e-05 1.71857e-06
1.71857e-06 1.47217e-05
 1.52612e-05 -3.57375e-08
-3.57375e-08    1.534e-05
 1.54816e-05 -2.26706e-06
-2.26706e-06  1.62401e-05
 1.66773e-05 -4.16168e-06
-4.16168e-06  1.68921e-05
 1.73024e-05 -4.87565e-06
-4.87565e-06  1.74385e-05
 1.64693e-05 -3.91561e-06
-3.91561e-06   1.7678e-05
  1.5424e-05 -1.81937e-06
-1.81937e-06   1.7787e-05
1.56063e-05 5.88038e-07
5.88038e-07 1.76843e-05
1.72609e-05 2.59982e-06
2.59982e-06 1.75156e-05
 1.9737e-05 3.87987e-06
3.87987e-06  1.7394e-05
2.23429e-05 4.38706e-06
4.38706e-06 1.71804e-05
2.46782e-05 4.21092e-06
4.21092e-06 1.67708e-05
2.67088e-05 3.53621e-06
3.53621e-06  1.6278e-05
2.83048e-05 2.52625e-06
2.52625e-06 1.57989e-05
2.89184e-05 1.38861e-06
1.38861e-06 1.52304e-05
2.83668e-05 2.89058e-07
2.89058e-07 1.51214e-05
 2.62173e-05 -4.05966e-07
-4.05966e-07  1.52339e-05
 2.31996e-05 -4.23354e-07
-4.23354e-07   1.5777e-05
 2.0413e-05 4.65297e-07
4.65297e-07 1.66603e-05
1.90374e-05 2.28567e-06
2.28567e-06 1.79233e-05
1.94831e-05 4.52921e-06
4.52921e-06 1.89262e-05
2.13151e-05 6.58128e-06
6.58128e-06 2.00765e-05
2.26504e-05 7.04572e-06
7.04572e-06 1.96138e-05
2.27572e-05 6.18269e-06
6.18269e-06 1.86732e-05
2.18949e-05 4.65422e-06
4.65422e-06 1.76375e-05
2.06795e-05 3.13967e-06
3.13967e-06 1.69768e-05
1.93291e-05 1.80302e-06
1.80302e-06 1.66835e-05
1.79599e-05 5.60824e-07
5.60824e-07 1.69053e-05
 1.66913e-05 -7.82184e-07
-7.82184e-07   1.7275e-05
 1.59661e-05 -2.41631e-06
-2.41631e-06  1.80756e-05
 1.61689e-05 -4.49505e-06
-4.49505e-06  1.92279e-05
  1.7451e-05 -6.84842e-06
-6.84842e-06  2.04335e-05
 1.92153e-05 -8.73766e-06
-8.73766e-06  2.10231e-05
 2.02667e-05 -9.28294e-06
-9.28294e-06   2.0584e-05
 1.98019e-05 -8.10059e-06
-8.10059e-06  1.87843e-05
 1.86276e-05 -6.25166e-06
-6.25166e-06   1.6795e-05
 1.74841e-05 -4.49898e-06
-4.49898e-06   1.5098e-05
 1.66531e-05 -3.26066e-06
-3.26066e-06  1.41075e-05
  1.5556e-05 -2.20368e-06
-2.20368e-06  1.34806e-05
 1.42322e-05 -1.17477e-06
-1.17477e-06  1.33192e-05
1.31495e-05  1.1754e-08
 1.1754e-08 1.33242e-05
1.26074e-05 1.14213e-06
1.14213e-06 1.34054e-05
1.21848e-05 1.69479e-06
1.69479e-06 1.35489e-05
1.14939e-05 1.60965e-06
1.60965e-06 1.43594e-05
1.07599e-05 9.56092e-07
9.56092e-07 1.50466e-05
1.06138e-05 4.38152e-07
4.38152e-07 1.52255e-05
1.11737e-05 3.72789e-07
3.72789e-07 1.44031e-05
1.22854e-05 5.55898e-07
5.55898e-07 1.34096e-05
1.35938e-05 6.44798e-07
6.44798e-07 1.28443e-05
1.47225e-05 4.92961e-07
4.92961e-07 1.26762e-05
1.55469e-05 1.67999e-07
1.67999e-07 1.27214e-05
1.61302e-05 -1.4748e-07
-1.4748e-07 1.28246e-05
   1.652e-05 -2.57218e-07
-2.57218e-07  1.28993e-05
 1.66226e-05 -1.17449e-07
-1.17449e-07  1.29246e-05
1.64076e-05 3.32643e-07
3.32643e-07 1.29768e-05
1.59949e-05 1.13984e-06
1.13984e-06 1.31544e-05
1.57393e-05 2.35939e-06
2.35939e-06 1.35089e-05
1.62656e-05 4.17354e-06
4.17354e-06 1.43463e-05
1.76932e-05 6.42557e-06
6.42557e-06 1.55147e-05
1.94601e-05 8.81719e-06
8.81719e-06 1.71671e-05
1.95905e-05 9.99994e-06
9.99994e-06 1.84407e-05
 1.6163e-05 8.16992e-06
8.16992e-06 1.79305e-05
1.25647e-05 5.50167e-06
5.50167e-06 1.69445e-05
1.03227e-05 2.99097e-06
2.99097e-06 1.59384e-05
9.23652e-06 8.48175e-07
8.48175e-07 1.49108e-05
 9.04056e-06 -5.73896e-07
-5.73896e-07  1.44438e-05
 9.33609e-06 -1.61401e-06
-1.61401e-06   1.4559e-05
 9.96698e-06 -2.66176e-06
-2.66176e-06  1.49979e-05
 1.08743e-05 -3.72112e-06
-3.72112e-06  1.53058e-05
 1.23925e-05 -4.61332e-06
-4.61332e-06  1.53299e-05
 1.41103e-05 -5.02657e-06
-5.02657e-06  1.49212e-05
 1.57125e-05 -4.87622e-06
-4.87622e-06  1.42349e-05
 1.70274e-05 -4.33883e-06
-4.33883e-06  1.35527e-05
 1.80371e-05 -3.66058e-06
-3.66058e-06  1.30651e-05
 1.87613e-05 -3.03136e-06
-3.03136e-06  1.27289e-05
 1.91408e-05 -2.60803e-06
-2.60803e-06   1.2467e-05
 1.93918e-05 -2.39269e-06
-2.39269e-06  1.21818e-05
 1.94333e-05 -2.36786e-06
-2.36786e-06  1.17364e-05
1.10969e-05 2.37249e-06
2.37249e-06 1.93484e-05
1.08124e-05 1.36655e-06
1.36655e-06 1.85077e-05
 1.0809e-05 6.23732e-07
6.23732e-07 1.74983e-05
1.09035e-05 1.94878e-07
1.94878e-07  1.6709e-05
 1.08814e-05 -4.17313e-08
-4.17313e-08   1.6285e-05
 1.07132e-05 -2.94669e-07
-2.94669e-07  1.62992e-05
 1.05178e-05 -7.39786e-07
-7.39786e-07   1.6688e-05
 1.03984e-05 -1.33165e-06
-1.33165e-06  1.70793e-05
 1.04989e-05 -1.99355e-06
-1.99355e-06  1.73246e-05
 1.08092e-05 -2.55496e-06
-2.55496e-06  1.73257e-05
 1.12206e-05 -2.86232e-06
-2.86232e-06  1.70715e-05
 1.17274e-05 -2.87714e-06
-2.87714e-06  1.66716e-05
 1.22884e-05 -2.63675e-06
-2.63675e-06  1.62604e-05
 1.25259e-05 -1.95182e-06
-1.95182e-06  1.57801e-05
 1.26413e-05 -9.90725e-07
-9.90725e-07  1.53257e-05
 1.30635e-05 -7.54209e-08
-7.54209e-08  1.50517e-05
 1.3572e-05 8.16798e-07
8.16798e-07 1.49389e-05
1.41243e-05 1.51417e-06
1.51417e-06 1.48487e-05
1.46237e-05  1.8497e-06
 1.8497e-06 1.47372e-05
1.49628e-05 1.76354e-06
1.76354e-06 1.45439e-05
1.52211e-05 1.27766e-06
1.27766e-06 1.43365e-05
1.53225e-05  6.1279e-07
 6.1279e-07 1.40154e-05
1.53883e-05 -8.1568e-08
-8.1568e-08 1.38322e-05
 1.53177e-05 -6.41656e-07
-6.41656e-07  1.37502e-05
 1.5008e-05 -9.1548e-07
-9.1548e-07 1.37491e-05
 1.44641e-05 -7.90379e-07
-7.90379e-07  1.37716e-05
 1.38487e-05 -2.63204e-07
-2.63204e-07  1.36997e-05
1.34333e-05 5.26061e-07
5.26061e-07 1.36531e-05
1.32425e-05 1.30173e-06
1.30173e-06 1.36204e-05
1.30303e-05 1.75034e-06
1.75034e-06 1.36433e-05
1.25463e-05 1.65975e-06
1.65975e-06 1.37279e-05
1.18976e-05 1.07492e-06
1.07492e-06 1.38868e-05
1.13765e-05 2.58243e-07
2.58243e-07 1.40673e-05
 1.11151e-05 -4.62518e-07
-4.62518e-07  1.43424e-05
  1.1064e-05 -9.41054e-07
-9.41054e-07  1.47197e-05
 1.11856e-05 -1.17001e-06
-1.17001e-06  1.46673e-05
 1.15598e-05 -1.17123e-06
-1.17123e-06   1.4455e-05
 1.21462e-05 -9.81685e-07
-9.81685e-07  1.40043e-05
 1.28311e-05 -6.49539e-07
-6.49539e-07  1.34533e-05
 1.35326e-05 -2.26612e-07
-2.26612e-07  1.31815e-05
1.41037e-05 2.68796e-07
2.68796e-07 1.30657e-05
1.44401e-05 7.49335e-07
7.49335e-07 1.30677e-05
1.45142e-05 1.14875e-06
1.14875e-06 1.32157e-05
1.42759e-05 1.40969e-06
1.40969e-06 1.33082e-05
1.38372e-05 1.50404e-06
1.50404e-06  1.3574e-05
1.32258e-05 1.43164e-06
1.43164e-06 1.37547e-05
 1.2576e-05 1.21194e-06
1.21194e-06 1.38744e-05
  1.194e-05 9.15368e-07
9.15368e-07 1.39719e-05
1.13443e-05 6.96685e-07
6.96685e-07  1.4215e-05
1.08011e-05  8.0113e-07
 8.0113e-07 1.46885e-05
1.04881e-05 1.47582e-06
1.47582e-06 1.55973e-05
1.06605e-05 2.69519e-06
2.69519e-06 1.68703e-05
1.12422e-05 3.81914e-06
3.81914e-06 1.79425e-05
1.16833e-05 3.79631e-06
3.79631e-06 1.75729e-05
1.20699e-05 2.93015e-06
2.93015e-06 1.65614e-05
1.27091e-05 1.88915e-06
1.88915e-06 1.54881e-05
1.35018e-05 9.28217e-07
9.28217e-07 1.48539e-05
 1.45042e-05 -6.62953e-08
-6.62953e-08   1.4874e-05
 1.60534e-05 -1.17248e-06
-1.17248e-06  1.51346e-05
 1.83367e-05 -2.30625e-06
-2.30625e-06  1.49607e-05
 2.10466e-05 -2.92707e-06
-2.92707e-06  1.49974e-05
 2.35319e-05 -3.12956e-06
-3.12956e-06  1.51007e-05
 2.53475e-05 -3.13494e-06
-3.13494e-06  1.53619e-05
 2.65214e-05 -3.19755e-06
-3.19755e-06  1.57507e-05
 2.74419e-05 -3.45509e-06
-3.45509e-06    1.621e-05
 2.80864e-05 -3.76096e-06
-3.76096e-06  1.66298e-05
 2.82475e-05 -3.98806e-06
-3.98806e-06  1.70304e-05
 2.75893e-05 -4.10307e-06
-4.10307e-06  1.74627e-05
 2.64641e-05 -4.43062e-06
-4.43062e-06  1.81489e-05
 2.54343e-05 -5.31025e-06
-5.31025e-06   1.9025e-05
 2.54667e-05 -6.85298e-06
-6.85298e-06  2.04324e-05
 2.67523e-05 -8.90603e-06
-8.90603e-06  2.18973e-05
 2.88833e-05 -1.08708e-05
-1.08708e-05  2.28585e-05
 3.09756e-05 -1.21284e-05
-1.21284e-05  2.31048e-05
3.21355e-05 -1.2407e-05
-1.2407e-05  2.2699e-05
  3.2172e-05 -1.20125e-05
-1.20125e-05  2.21297e-05
 3.10557e-05 -1.13394e-05
-1.13394e-05  2.16831e-05
 2.88063e-05 -1.04799e-05
-1.04799e-05  2.13875e-05
 2.56257e-05 -9.45971e-06
-9.45971e-06  2.13337e-05
  2.1962e-05 -8.18177e-06
-8.18177e-06  2.17553e-05
 1.82852e-05 -6.43227e-06
-6.43227e-06  2.20722e-05
 1.54298e-05 -4.07397e-06
-4.07397e-06  2.25403e-05
1.39768e-05 -1.3722e-06
-1.3722e-06 2.31098e-05
 1.3897e-05 1.20842e-06
1.20842e-06 2.32841e-05
 1.4703e-05  3.1819e-06
 3.1819e-06 2.27459e-05
1.63702e-05 5.15241e-06
5.15241e-06 2.31527e-05
1.76848e-05 5.98695e-06
5.98695e-06 2.25658e-05
1.91198e-05 6.70203e-06
6.70203e-06 2.25711e-05
1.89693e-05 5.86988e-06
5.86988e-06 2.15701e-05
1.89608e-05 5.12091e-06
5.12091e-06 2.10932e-05
1.85236e-05 3.91241e-06
3.91241e-06 2.04806e-05
1.81718e-05  2.6042e-06
 2.6042e-06 1.99761e-05
1.80313e-05 1.26002e-06
1.26002e-06 1.95015e-05
 1.82093e-05 -4.87724e-08
-4.87724e-08  1.90205e-05
 1.87237e-05 -1.27439e-06
-1.27439e-06  1.84974e-05
 1.96801e-05 -2.29199e-06
-2.29199e-06  1.80343e-05
 2.06552e-05 -3.30691e-06
-3.30691e-06   1.7333e-05
 2.16682e-05 -4.21698e-06
-4.21698e-06  1.65601e-05
 2.28037e-05 -4.98952e-06
-4.98952e-06  1.57831e-05
 2.36749e-05 -5.76149e-06
-5.76149e-06  1.48891e-05
1.39329e-05 6.50389e-06
6.50389e-06 2.39989e-05
1.17078e-05 3.43523e-06
3.43523e-06 2.19809e-05
1.09675e-05 1.36392e-06
1.36392e-06 2.00813e-05
1.09392e-05 9.65803e-08
9.65803e-08 1.86752e-05
 1.12214e-05 -7.12276e-07
-7.12276e-07  1.76552e-05
 1.16343e-05 -1.22138e-06
-1.22138e-06  1.68287e-05
 1.20442e-05 -1.47022e-06
-1.47022e-06  1.61342e-05
  1.2304e-05 -1.52977e-06
-1.52977e-06  1.56492e-05
 1.23396e-05 -1.56488e-06
-1.56488e-06  1.54331e-05
 1.22736e-05 -1.75443e-06
-1.75443e-06  1.54507e-05
   1.225e-05 -2.08375e-06
-2.08375e-06  1.55167e-05
 1.31576e-05 -2.89491e-06
-2.89491e-06  1.58102e-05
 1.39368e-05 -3.53593e-06
-3.53593e-06  1.59769e-05
 1.37495e-05 -3.34786e-06
-3.34786e-06  1.55694e-05
1.34997e-05  -3.025e-06
 -3.025e-06 1.51134e-05
 1.31935e-05 -2.73883e-06
-2.73883e-06  1.48046e-05
 1.25812e-05 -2.35546e-06
-2.35546e-06  1.45433e-05
 1.22346e-05 -2.48806e-06
-2.48806e-06  1.53404e-05
 1.12962e-05 -1.80477e-06
-1.80477e-06  1.55266e-05
 1.06169e-05 -9.39844e-07
-9.39844e-07  1.54625e-05
 1.02804e-05 -2.26855e-07
-2.26855e-07   1.5315e-05
1.01199e-05  3.1006e-07
 3.1006e-07 1.54948e-05
1.01057e-05 9.56555e-07
9.56555e-07 1.59546e-05
1.04771e-05 1.77037e-06
1.77037e-06 1.61968e-05
 1.1282e-05 2.34164e-06
2.34164e-06 1.57102e-05
1.23507e-05 2.47417e-06
2.47417e-06  1.5049e-05
1.34811e-05 2.26705e-06
2.26705e-06 1.43203e-05
1.46876e-05 1.96197e-06
1.96197e-06 1.39464e-05
1.58663e-05 1.61798e-06
1.61798e-06 1.36737e-05
1.69661e-05 1.28032e-06
1.28032e-06 1.35904e-05
 1.7868e-05 9.74113e-07
9.74113e-07  1.3596e-05
1.84867e-05 7.52113e-07
7.52113e-07 1.36658e-05
1.87513e-05 6.56974e-07
6.56974e-07 1.37887e-05
1.86147e-05 6.89401e-07
6.89401e-07 1.39759e-05
1.79481e-05 7.40622e-07
7.40622e-07 1.40239e-05
1.71404e-05 8.90961e-07
8.90961e-07 1.44049e-05
1.62164e-05 1.04503e-06
1.04503e-06 1.48261e-05
1.54307e-05 1.20617e-06
1.20617e-06 1.52338e-05
1.49704e-05 1.36137e-06
1.36137e-06 1.54973e-05
1.48157e-05 1.40259e-06
1.40259e-06  1.5298e-05
1.49923e-05  1.2572e-06
 1.2572e-06 1.50655e-05
1.51718e-05 8.45747e-07
8.45747e-07 1.46617e-05
1.53127e-05 2.75382e-07
2.75382e-07 1.42513e-05
  1.5333e-05 -5.81602e-07
-5.81602e-07  1.40169e-05
 1.54554e-05 -1.65116e-06
-1.65116e-06  1.39987e-05
  1.5823e-05 -2.78109e-06
-2.78109e-06  1.41597e-05
 1.61979e-05 -3.63846e-06
-3.63846e-06  1.42889e-05
 1.61717e-05 -3.82085e-06
-3.82085e-06  1.42177e-05
 1.56132e-05 -3.16894e-06
-3.16894e-06  1.37943e-05
 1.50219e-05 -1.97988e-06
-1.97988e-06  1.31034e-05
 1.49846e-05 -7.43043e-07
-7.43043e-07  1.23991e-05
1.54967e-05 2.25634e-07
2.25634e-07 1.18464e-05
1.60903e-05 7.75546e-07
7.75546e-07 1.13252e-05
1.61898e-05 8.92684e-07
8.92684e-07 1.10046e-05
1.54175e-05 6.75721e-07
6.75721e-07 1.08283e-05
1.39227e-05 3.42877e-07
3.42877e-07 1.08968e-05
1.21281e-05 1.74616e-07
1.74616e-07 1.11897e-05
1.05931e-05 3.72183e-07
3.72183e-07 1.18004e-05
9.63218e-06 8.54708e-07
8.54708e-07 1.24645e-05
9.20544e-06 1.18006e-06
1.18006e-06 1.26461e-05
9.13189e-06 1.04605e-06
1.04605e-06 1.22554e-05
9.35063e-06 6.83456e-07
6.83456e-07 1.13452e-05
9.94772e-06 5.22709e-07
5.22709e-07 1.05494e-05
1.07382e-05 6.17411e-07
6.17411e-07 9.89655e-06
1.14417e-05 8.27701e-07
8.27701e-07 9.61179e-06
1.17201e-05 1.03814e-06
1.03814e-06 9.53301e-06
1.14716e-05  1.1681e-06
 1.1681e-06 9.65538e-06
1.08245e-05 1.18704e-06
1.18704e-06 9.92436e-06
1.00285e-05 1.06878e-06
1.06878e-06 1.03521e-05
9.33108e-06 7.91161e-07
7.91161e-07 1.08388e-05
8.85943e-06 5.10374e-07
5.10374e-07 1.09825e-05
8.64096e-06 3.62073e-07
3.62073e-07 1.08935e-05
8.55639e-06 3.65989e-07
3.65989e-07 1.06677e-05
8.60053e-06 4.04363e-07
4.04363e-07 1.05735e-05
 8.6992e-06 3.19421e-07
3.19421e-07 1.03682e-05
8.91376e-06 6.55269e-09
6.55269e-09 1.00675e-05
 9.29436e-06 -4.08082e-07
-4.08082e-07  9.64177e-06
 9.74036e-06 -7.77262e-07
-7.77262e-07  9.23131e-06
 1.00262e-05 -9.48773e-07
-9.48773e-07  8.94786e-06
  9.9481e-06 -8.93635e-07
-8.93635e-07  8.84939e-06
  9.4687e-06 -6.88794e-07
-6.88794e-07  8.97718e-06
 8.75892e-06 -3.77335e-07
-3.77335e-07  9.20968e-06
8.17966e-06 9.92242e-10
9.92242e-10 9.51495e-06
7.78706e-06  3.3815e-07
 3.3815e-07 9.75035e-06
7.61624e-06 6.16694e-07
6.16694e-07 9.77754e-06
7.34339e-06 6.53613e-07
6.53613e-07  9.6151e-06
7.15343e-06 6.37282e-07
6.37282e-07 9.62408e-06
6.83664e-06  4.3892e-07
 4.3892e-07 9.86138e-06
 6.51064e-06 -1.19355e-08
-1.19355e-08    1.037e-05
 6.22874e-06 -7.14472e-07
-7.14472e-07  1.08036e-05
   6.314e-06 -1.33343e-06
-1.33343e-06  1.10279e-05
 6.62363e-06 -1.62744e-06
-1.62744e-06  1.09444e-05
  6.9554e-06 -1.56049e-06
-1.56049e-06  1.06491e-05
 7.29801e-06 -1.33392e-06
-1.33392e-06  1.03537e-05
7.69766e-06 -1.1978e-06
-1.1978e-06 1.02191e-05
8.19746e-06 -1.3009e-06
-1.3009e-06 1.02174e-05
 8.84872e-06 -1.63891e-06
-1.63891e-06  1.02073e-05
 9.65963e-06 -2.07317e-06
-2.07317e-06   1.0145e-05
1.04869e-05 -2.4917e-06
-2.4917e-06 1.00125e-05
1.11736e-05 -2.8317e-06
-2.8317e-06 9.85333e-06
9.61745e-06 3.09732e-06
3.09732e-06  1.1577e-05
 9.1904e-06  2.5231e-06
 2.5231e-06 1.16513e-05
8.92111e-06 1.95256e-06
1.95256e-06 1.16683e-05
8.82753e-06 1.49536e-06
1.49536e-06 1.15956e-05
8.93896e-06 1.21968e-06
1.21968e-06  1.1515e-05
9.14561e-06 1.21032e-06
1.21032e-06  1.1469e-05
9.31658e-06 1.41022e-06
1.41022e-06 1.15877e-05
9.36388e-06 1.63796e-06
1.63796e-06 1.19175e-05
9.29419e-06 1.67531e-06
1.67531e-06  1.2334e-05
9.24375e-06 1.40937e-06
1.40937e-06 1.25864e-05
9.40904e-06 9.44328e-07
9.44328e-07 1.25143e-05
9.92352e-06 5.07431e-07
5.07431e-07 1.22335e-05
1.07092e-05  2.0036e-07
 2.0036e-07 1.19264e-05
1.14779e-05 3.00688e-08
3.00688e-08   1.163e-05
 1.20292e-05 -4.19779e-08
-4.19779e-08  1.14668e-05
 1.23958e-05 -3.48916e-08
-3.48916e-08  1.15131e-05
 1.27698e-05 -8.59136e-09
-8.59136e-09  1.17317e-05
1.29418e-05 1.71663e-07
1.71663e-07 1.19631e-05
1.30722e-05 4.92386e-07
4.92386e-07 1.20575e-05
1.32538e-05 7.92994e-07
7.92994e-07 1.19817e-05
1.35948e-05  8.7931e-07
 8.7931e-07 1.18881e-05
1.39474e-05 6.85294e-07
6.85294e-07 1.17904e-05
1.40235e-05 3.56466e-07
3.56466e-07 1.16465e-05
  1.3883e-05 -9.47625e-08
-9.47625e-08   1.1503e-05
 1.35197e-05 -4.78531e-07
-4.78531e-07  1.14976e-05
 1.30303e-05 -8.00176e-07
-8.00176e-07  1.16704e-05
1.23589e-05 -9.4435e-07
-9.4435e-07 1.18435e-05
 1.16493e-05 -9.89555e-07
-9.89555e-07  1.20605e-05
 1.10009e-05 -1.00782e-06
-1.00782e-06   1.2192e-05
 1.05774e-05 -1.11783e-06
-1.11783e-06  1.23069e-05
 1.04107e-05 -1.29749e-06
-1.29749e-06  1.21524e-05
 1.04906e-05 -1.44464e-06
-1.44464e-06  1.17698e-05
 1.06634e-05 -1.42406e-06
-1.42406e-06  1.12182e-05
 1.07188e-05 -1.17635e-06
-1.17635e-06   1.0636e-05
 1.05464e-05 -7.96165e-07
-7.96165e-07  1.02615e-05
 1.00991e-05 -3.85645e-07
-3.85645e-07  1.01508e-05
 9.46436e-06 -8.51135e-08
-8.51135e-08  1.03366e-05
   8.823e-06 -1.91357e-08
-1.91357e-08  1.09108e-05
 8.33728e-06 -1.57095e-07
-1.57095e-07  1.14101e-05
  8.1322e-06 -3.61709e-07
-3.61709e-07  1.15864e-05
 8.18977e-06 -4.40072e-07
-4.40072e-07  1.14315e-05
 8.40694e-06 -3.48751e-07
-3.48751e-07  1.11743e-05
 8.64068e-06 -1.70116e-07
-1.70116e-07    1.094e-05
8.79763e-06 8.00707e-08
8.00707e-08 1.10748e-05
8.84741e-06 5.20461e-07
5.20461e-07  1.1511e-05
9.01816e-06 1.24197e-06
1.24197e-06 1.22764e-05
9.48981e-06 2.10821e-06
2.10821e-06 1.30646e-05
1.02107e-05  2.7633e-06
 2.7633e-06  1.3428e-05
1.09724e-05 2.96865e-06
2.96865e-06 1.34747e-05
1.16324e-05 2.67187e-06
2.67187e-06 1.32509e-05
1.22814e-05 2.04779e-06
2.04779e-06 1.29956e-05
1.30667e-05 1.26801e-06
1.26801e-06 1.27854e-05
1.41057e-05 4.41057e-07
4.41057e-07 1.22928e-05
 1.55944e-05 -2.74191e-07
-2.74191e-07  1.21014e-05
 1.73779e-05 -8.25594e-07
-8.25594e-07  1.19723e-05
 1.92504e-05 -1.17953e-06
-1.17953e-06  1.18847e-05
 2.06446e-05 -1.28051e-06
-1.28051e-06  1.17483e-05
 2.12399e-05 -1.20221e-06
-1.20221e-06  1.17701e-05
2.08499e-05 -1.0786e-06
-1.0786e-06 1.18848e-05
 1.96737e-05 -9.60098e-07
-9.60098e-07  1.21387e-05
 1.81908e-05 -9.23693e-07
-9.23693e-07  1.24535e-05
  1.6903e-05 -9.66509e-07
-9.66509e-07  1.28885e-05
 1.59248e-05 -1.01052e-06
-1.01052e-06  1.31453e-05
 1.52627e-05 -9.15348e-07
-9.15348e-07  1.31931e-05
 1.47913e-05 -5.62241e-07
-5.62241e-07  1.31375e-05
1.43586e-05 7.81565e-08
7.81565e-08 1.29766e-05
1.39979e-05 9.65196e-07
9.65196e-07 1.29302e-05
1.37948e-05 2.02029e-06
2.02029e-06 1.30916e-05
1.37774e-05 3.14701e-06
3.14701e-06  1.3566e-05
1.37419e-05 4.15735e-06
4.15735e-06 1.41902e-05
1.34224e-05 4.81447e-06
4.81447e-06 1.49834e-05
1.25842e-05 4.73992e-06
4.73992e-06  1.5458e-05
1.15028e-05 3.90984e-06
3.90984e-06 1.53264e-05
1.07348e-05 2.78464e-06
2.78464e-06 1.46666e-05
 1.0464e-05 1.91983e-06
1.91983e-06 1.38763e-05
 1.0418e-05 1.42774e-06
1.42774e-06 1.35623e-05
1.03223e-05 1.01688e-06
1.01688e-06 1.36988e-05
1.03273e-05 4.47212e-07
4.47212e-07 1.39268e-05
 1.07557e-05 -1.05543e-07
-1.05543e-07  1.38183e-05
 1.16383e-05 -2.70894e-07
-2.70894e-07  1.33978e-05
 1.21159e-05 -5.47236e-07
-5.47236e-07  1.23512e-05
 1.29991e-05 -1.13396e-07
-1.13396e-07  1.21268e-05
1.36349e-05 2.65205e-07
2.65205e-07 1.20402e-05
1.37404e-05 3.57685e-07
3.57685e-07 1.19816e-05
1.38245e-05 6.32666e-07
6.32666e-07 1.21852e-05
 1.3523e-05   8.232e-07
  8.232e-07 1.25437e-05
1.29122e-05 8.34897e-07
8.34897e-07 1.31184e-05
 1.1874e-05 4.69664e-07
4.69664e-07 1.37139e-05
 1.12641e-05 -3.65554e-08
-3.65554e-08  1.44329e-05
 1.08374e-05 -8.03176e-07
-8.03176e-07  1.50641e-05
 1.07306e-05 -1.38331e-06
-1.38331e-06  1.53401e-05
 1.09521e-05 -1.70935e-06
-1.70935e-06  1.55432e-05
 1.11251e-05 -1.74717e-06
-1.74717e-06  1.56505e-05
 1.12353e-05 -1.62623e-06
-1.62623e-06  1.58588e-05
1.13207e-05 -1.4197e-06
-1.4197e-06 1.61324e-05
 1.14323e-05 -1.14945e-06
-1.14945e-06  1.64303e-05
 1.15587e-05 -8.13665e-07
-8.13665e-07  1.67242e-05
 1.16268e-05 -5.15636e-07
-5.15636e-07  1.70041e-05
 1.17018e-05 -2.82311e-07
-2.82311e-07  1.74681e-05
 1.17384e-05 -2.61727e-07
-2.61727e-07  1.80065e-05
