   0.012509 -0.00505312
-0.00505312  0.00290253
 0.00058955 0.000108144
0.000108144 0.000521942
 0.0120197 -0.0126235
-0.0126235  0.0151552
 0.00109537 0.000229326
0.000229326 0.000540644
 0.00432892 -0.00609324
-0.00609324   0.0113669
 0.00067932 0.000725723
0.000725723  0.00767375
0.000565673 0.000394448
0.000394448  0.00245393
0.000801772 -0.00112266
-0.00112266   0.0160879
 0.00187585 -0.00402997
-0.00402997    0.014903
 0.00043565 1.18741e-05
1.18741e-05 0.000445553
  0.0122056 -0.00172082
-0.00172082 0.000899881
 0.0155337 -0.0119284
-0.0119284   0.010579
 0.000521219 -0.000261233
-0.000261233   0.00146654
 0.000678346 -0.000775079
-0.000775079   0.00881243
0.000985186 -0.00192932
-0.00192932   0.0118272
 0.0150907 -0.0118822
-0.0118822  0.0107872
  0.0117624  0.00100727
 0.00100727 0.000755148
 0.00345402 0.000458003
0.000458003 0.000588383
  0.0126605 -0.00764855
-0.00764855  0.00573098
0.000445638 1.93773e-05
1.93773e-05 0.000468674
 0.0165318 -0.0152458
-0.0152458  0.0164754
  0.00702477 -0.000704732
-0.000704732  0.000653151
0.000565626 0.000400883
0.000400883   0.0027023
 0.0138367 -0.0137614
-0.0137614  0.0155576
0.000445636 2.15314e-05
2.15314e-05 0.000443989
  0.0119818  0.00100769
 0.00100769 0.000755288
 0.000663644 -0.000648202
-0.000648202   0.00992539
  0.00227729 -0.000267221
-0.000267221  0.000518382
 0.00331504 0.000502606
0.000502606 0.000605862
0.000483139 0.000168872
0.000168872  0.00153033
 0.00382068  0.00044395
 0.00044395 0.000585075
   0.013815  0.00132901
 0.00132901 0.000839268
0.000482862 0.000119473
0.000119473 0.000744529
  0.014841 -0.0113276
-0.0113276  0.0100168
  0.0117508 -0.00363596
-0.00363596  0.00190651
 0.000648322 -0.000645625
-0.000645625   0.00750063
 0.0114433 -0.0126034
-0.0126034  0.0159225
0.000646699 0.000638231
0.000638231  0.00427117
  0.0124965 -0.00345173
-0.00345173  0.00169269
 0.00147602 0.000304043
0.000304043 0.000563166
  0.0091526 0.000849108
0.000849108 0.000717042
0.000775977  0.00109886
 0.00109886   0.0122294
  0.0137735  0.00112291
 0.00112291 0.000788806
 0.00589541 -0.00719453
-0.00719453   0.0110875
  0.0116301 -0.00776595
-0.00776595  0.00642001
 0.00309627 -0.00570922
-0.00570922   0.0146838
 0.00589375 -0.00874969
-0.00874969   0.0159132
  0.00175604 -0.000304113
-0.000304113  0.000538065
 0.000463752 -3.53977e-06
-3.53977e-06  0.000453305
 0.000452684 -5.03317e-05
-5.03317e-05  0.000484526
 0.00625924 -0.00781211
-0.00781211   0.0120347
0.00905796 -0.0109463
-0.0109463  0.0154553
0.000502787 0.000105501
0.000105501 0.000599939
 0.000670739 -0.000751907
-0.000751907   0.00610948
 0.0112214 -0.0027919
-0.0027919 0.00143307
0.000808025 -0.00116124
-0.00116124   0.0161064
   0.015564 -0.00623903
-0.00623903  0.00340851
 0.00554843 -0.00713388
-0.00713388   0.0115862
 0.000615275 -0.000390687
-0.000390687   0.00804947
 0.00323223 0.000550359
0.000550359 0.000627599
   0.0124302 -0.000970266
-0.000970266  0.000720176
 0.000552317 -0.000335706
-0.000335706   0.00173121
  0.0105625 0.000767355
0.000767355 0.000706096
 0.00700602 0.000859352
0.000859352  0.00071612
 0.000511216 -0.000100436
-0.000100436  0.000533027
0.000506924 0.000136257
0.000136257 0.000709038
  0.0124629 -0.00960809
-0.00960809  0.00877164
 0.00355193 -0.00620502
-0.00620502   0.0145586
 0.0152852 -0.0146663
-0.0146663  0.0160886
  0.0162503 0.000194144
0.000194144 0.000744024
0.0115179 -0.010701
-0.010701 0.0115857
  0.0118314 -0.00172449
-0.00172449 0.000910262
  0.0149885 -0.00701276
-0.00701276  0.00424824
  0.0119255 -0.00881593
-0.00881593   0.0078525
0.000513062 0.000152529
0.000152529 0.000759344
0.000904297 0.000193892
0.000193892 0.000535204
0.000633848 0.000596916
0.000596916   0.0050856
  0.0112474 -0.00123231
-0.00123231 0.000780989
  0.00141274 -0.000241796
-0.000241796  0.000516477
0.000634757 0.000597279
0.000597279  0.00520887
0.000573538 0.000401835
0.000401835  0.00426297
  0.00544233 -0.000556221
-0.000556221  0.000610998
0.00878722 -0.0110015
-0.0110015  0.0161514
 0.00155793 -0.00301737
-0.00301737   0.0112322
  0.00250312 -0.000247321
-0.000247321  0.000514313
 0.000627938 -0.000441485
-0.000441485    0.0088176
0.000536444 0.000268552
0.000268552  0.00137031
0.000473208  0.00013803
 0.00013803  0.00114178
0.000544007 -0.00031989
-0.00031989  0.00361127
 0.00811812 0.000855008
0.000855008 0.000714889
 0.00246021 -0.00495921
-0.00495921   0.0152405
  0.0122688 -0.00698567
-0.00698567  0.00505514
0.000504691  0.00020977
 0.00020977  0.00129963
 0.0142022 -0.0141827
-0.0141827   0.016132
0.000465254 6.58718e-05
6.58718e-05 0.000548018
0.000891182 -0.00156508
-0.00156508   0.0109157
  0.0118346 -0.00665184
-0.00665184  0.00482163
 0.0151323 -0.0120912
-0.0120912  0.0111166
0.000444055 4.89057e-05
4.89057e-05 0.000562399
 0.00056125 0.000278524
0.000278524  0.00118959
 0.00389102 -0.00601809
-0.00601809   0.0123906
 0.00722847 0.000468091
0.000468091 0.000624166
0.00808453 -0.0104637
-0.0104637  0.0159993
0.000521961 0.000134501
0.000134501 0.000657366
 0.0150096 -0.0114438
-0.0114438  0.0101033
  0.0112912 -0.00798625
-0.00798625   0.0069611
0.000686179 0.000143802
0.000143802 0.000532161
  0.0126036 -0.00821582
-0.00821582  0.00653366
  0.00200102 -0.000300688
-0.000300688  0.000531521
0.000477825 -0.00012613
-0.00012613 0.000764009
0.000510995 6.80369e-05
6.80369e-05 0.000497287
 0.00961297  0.00107705
 0.00107705 0.000774645
 0.00531918 0.000529657
0.000529657 0.000620284
 0.0147627 -0.0088245
-0.0088245 0.00638631
 0.00628992 -0.00879717
-0.00879717   0.0149215
0.000716026  0.00085223
 0.00085223    0.010221
  0.0138793  0.00142401
 0.00142401 0.000865043
0.000711554 0.000850436
0.000850436  0.00792809
0.000509359 -0.00024835
-0.00024835  0.00224131
0.000682927 0.000748805
0.000748805  0.00665627
 0.00224873 0.000227757
0.000227757 0.000512543
  0.0146501 -0.00308967
-0.00308967  0.00136114
 0.0117005 -0.0125496
-0.0125496  0.0154129
 0.00052851 7.58361e-05
7.58361e-05 0.000501027
  0.00849162 -0.000627269
-0.000627269   0.00064906
0.000527992 0.000283455
0.000283455  0.00177719
 0.00782581 -0.00847216
-0.00847216   0.0111731
 0.00248686 0.000340943
0.000340943 0.000550388
0.000557248  0.00025939
 0.00025939  0.00109742
 0.00234327 -0.00044863
-0.00044863 0.000593135
 0.00153777 0.000206521
0.000206521 0.000505731
  0.0158732 -0.00456957
-0.00456957  0.00211941
  0.00375125 -0.000620486
-0.000620486  0.000637603
0.000534617 1.09126e-05
1.09126e-05 0.000469323
  0.0153108 -0.00193007
-0.00193007 0.000932205
 0.0102206 -0.0100163
-0.0100163  0.0115894
   0.0161799 -0.000648443
-0.000648443  0.000735945
 0.00332967 -0.00613904
-0.00613904   0.0155674
0.000760862 0.000293005
0.000293005   0.0159714
  0.0150573 0.000842345
0.000842345  0.00077212
  0.0154935 -0.00976974
-0.00976974  0.00734548
0.000700852  0.00059991
 0.00059991   0.0132406
 0.000494337 -0.000201011
-0.000201011   0.00131945
0.000475755 1.15855e-05
1.15855e-05 0.000438929
 0.00416358 -0.00699302
-0.00699302   0.0152463
 0.000808962 -0.000123956
-0.000123956   0.00047221
  0.0117298 -0.00918253
-0.00918253  0.00860072
  0.00622703 -0.000507568
-0.000507568  0.000606491
  0.0158714 -0.00672056
-0.00672056  0.00379817
 0.0136905 -0.0134853
-0.0134853  0.0150907
 0.000519346 -0.000109724
-0.000109724  0.000545847
  0.00630692 -0.000694443
-0.000694443  0.000647773
   0.0005038 -0.000208141
-0.000208141   0.00257316
 0.0125455 -0.0133497
-0.0133497  0.0162175
  0.0154788 -0.00701892
-0.00701892  0.00415275
  0.0153506 -0.00124481
-0.00124481 0.000782579
 0.000467802 -0.000113521
-0.000113521  0.000770141
0.000434175  3.9689e-07
 3.9689e-07 0.000440456
  0.00307546 -0.000295162
-0.000295162  0.000532025
  0.00296045 -0.000245973
-0.000245973  0.000519631
 0.00468641 -0.00643215
-0.00643215   0.0114917
 0.0157688 -0.0136339
-0.0136339  0.0134175
 0.00122845 0.000285132
0.000285132 0.000572563
  0.0010212 -0.00191662
-0.00191662   0.0109036
 0.000598406 -0.000481254
-0.000481254   0.00520816
 0.000593875 -0.000495903
-0.000495903   0.00336136
0.000706306 0.000706501
0.000706501   0.0127076
 0.0104633 -0.0102196
-0.0102196   0.011736
 0.00769266 -0.00881471
-0.00881471   0.0121613
 0.00737866  0.00075006
 0.00075006 0.000685256
0.000459565 5.74225e-05
5.74225e-05 0.000530542
 0.00685181 -0.00918728
-0.00918728   0.0147906
0.000525763 4.91214e-05
4.91214e-05 0.000452596
 0.00114035 -0.00221315
-0.00221315   0.0110546
 0.00464841 -0.00753257
-0.00753257   0.0155184
0.000502193 0.000212747
0.000212747  0.00234414
0.00430121 -0.0071854
-0.0071854  0.0154927
  0.0100256 -0.00987295
-0.00987295   0.0115131
0.000705976 0.000745228
0.000745228    0.012096
 0.000776744 -0.000963706
-0.000963706    0.0159598
0.000690089 0.000694077
0.000694077   0.0108926
  0.00150047 -0.000286569
-0.000286569   0.00053822
 0.00108546 -0.00222432
-0.00222432   0.0121549
 0.00810283 0.000493832
0.000493832 0.000639006
  0.0138167  0.00111912
 0.00111912 0.000788676
 0.00071976 0.000878804
0.000878804  0.00890555
   0.010698 0.000743461
0.000743461 0.000702417
