0.000442196  0.00018058
 0.00018058  0.00213981
  0.00832812 -0.000780427
-0.000780427  0.000493428
0.000471566  0.00073667
 0.00073667   0.0117705
  0.00633896 -0.000637458
-0.000637458  0.000485752
 0.0027256 0.00440769
0.00440769 0.00886234
 0.0120324 0.00818741
0.00818741 0.00619146
 0.0121878 0.00443242
0.00443242 0.00208823
0.00894962  0.0102014
 0.0102014  0.0126305
0.00539503 0.00749418
0.00749418  0.0117124
  0.00997117 -0.000516223
-0.000516223  0.000443057
0.000444548 7.37572e-05
7.37572e-05 0.000624745
 0.000467951 -0.000598273
-0.000598273   0.00814559
0.00907132  0.0027438
 0.0027438 0.00128801
0.00902571 0.00755496
0.00755496 0.00705365
0.00752865 0.00797569
0.00797569 0.00936831
 0.000447863 -0.000460078
-0.000460078   0.00831826
 0.00046576 -4.8277e-05
-4.8277e-05 0.000467038
  0.00303692 -0.000364036
-0.000364036   0.00046769
0.000438385 0.000250351
0.000250351  0.00434706
 0.00990477 -0.00065995
-0.00065995 0.000461833
 0.00052751 -0.00104965
-0.00104965   0.0126489
 0.00123767 0.000236043
0.000236043 0.000484791
 0.0121104 0.00467585
0.00467585  0.0022887
 0.000429483 -2.36891e-05
-2.36891e-05    0.0120631
  0.0115269 0.000495376
0.000495376  0.00043925
  0.00045497 -4.13388e-05
-4.13388e-05  0.000465541
0.00931099  0.0081662
 0.0081662 0.00791843
 0.00421695 0.000361646
0.000361646 0.000450491
  0.00315668 -0.000421574
-0.000421574  0.000482395
 0.0114809 0.00320586
0.00320586 0.00134487
  0.00275348 -0.000311894
-0.000311894  0.000458605
0.000430138 6.06399e-06
6.06399e-06 0.000499202
  0.0118472  0.00177838
 0.00177838 0.000694082
 0.000439641 -0.000367321
-0.000367321    0.0077175
0.000475236 0.000222955
0.000222955   0.0013677
 0.0091621  0.0070127
 0.0070127 0.00604566
0.000515023   0.0010304
  0.0010304   0.0123749
 0.0124533 0.00611385
0.00611385 0.00352665
0.000438713 0.000116269
0.000116269  0.00122188
  0.00547643 -0.000609188
-0.000609188  0.000490771
  0.00074077 -0.000128293
-0.000128293  0.000467023
   0.01227  0.0104688
 0.0104688 0.00967427
0.000427929 4.23321e-06
4.23321e-06 0.000471141
0.00183592 0.00339915
0.00339915 0.00861308
0.000493672 0.000558211
0.000558211  0.00486619
0.00373093 0.00605767
0.00605767  0.0115066
0.00182187 0.00409729
0.00409729  0.0124381
 0.00497577 0.000528538
0.000528538 0.000478208
  0.0116465 -0.00033185
-0.00033185 0.000432731
 0.00945788 0.000740345
0.000740345 0.000475502
0.00165565 0.00332186
0.00332186 0.00936455
0.000831453  0.00217592
 0.00217592   0.0120368
   0.012167  0.00132802
 0.00132802 0.000569036
0.00878661 0.00616093
0.00616093 0.00495897
0.000509624   0.0002265
  0.0002265  0.00100825
0.0089006 0.0101782
0.0101782 0.0126451
 0.000478564 -0.000338259
-0.000338259   0.00250935
0.00199038 0.00367019
0.00367019  0.0090172
0.00969101 0.00749666
0.00749666 0.00647909
  0.00323347 -0.000477913
-0.000477913   0.00049908
0.000433098 3.46516e-05
3.46516e-05 0.000483062
0.00886629 0.00302347
0.00302347 0.00150126
 0.000553895 -6.68171e-05
-6.68171e-05  0.000447083
  0.00123848 -0.000249179
-0.000249179  0.000493435
 0.00884199 0.000909339
0.000909339 0.000514134
  0.0121545   0.0016902
  0.0016902 0.000662234
0.000446701 0.000393564
0.000393564  0.00673367
0.00329381 0.00561727
0.00561727  0.0114019
 0.000463923 -0.000592945
-0.000592945    0.0124418
0.000515822 2.91861e-06
2.91861e-06 0.000423884
0.000502923 0.000833751
0.000833751  0.00897148
0.000462885 9.73354e-05
9.73354e-05 0.000632129
 0.000450343 -0.000274415
-0.000274415   0.00317776
0.000474394 0.000535443
0.000535443  0.00599877
  0.0121976  0.00183367
 0.00183367 0.000704397
  0.00690711 -0.000681052
-0.000681052  0.000488491
 0.0121327 0.00663102
0.00663102 0.00417323
0.000498986 9.84032e-05
9.84032e-05 0.000534532
 0.00559771 0.000522067
0.000522067 0.000469292
 0.0121089  0.0067096
 0.0067096 0.00427049
 0.0117025 0.00592703
0.00592703 0.00353091
  0.0018298 0.000278209
0.000278209 0.000471861
0.000893608  0.00238453
 0.00238453   0.0125876
0.00599846 0.00685896
0.00685896   0.008861
 0.00394325 0.000306327
0.000306327 0.000442427
0.00962524 0.00782486
0.00782486  0.0070689
 0.0122216  0.0030548
 0.0030548 0.00120941
 0.0115083 0.00259937
0.00259937 0.00102513
0.00950046 0.00485635
0.00485635 0.00301424
 0.000943118 -0.000179485
-0.000179485    0.0004782
0.00450982 0.00686796
0.00686796  0.0119612
0.000454068  0.00032443
 0.00032443  0.00380728
 0.0118889 0.00290589
0.00290589 0.00115356
 0.000435023 -0.000162754
-0.000162754    0.0125019
  0.0117297  0.00111991
 0.00111991 0.000527833
 0.0079595 0.00788418
0.00788418 0.00866907
0.000478247 0.000417999
0.000417999  0.00361334
  0.00044932 -0.000479718
-0.000479718   0.00857687
  0.0113581  0.00117597
 0.00117597 0.000541718
 0.0125165 0.00277648
0.00277648 0.00105732
0.00302019 0.00490777
0.00490777 0.00968501
  0.00116282 -0.000118602
-0.000118602  0.000434301
0.00105735 0.00275993
0.00275993   0.012477
  0.0123392  0.00153172
 0.00153172 0.000616619
0.000445456  -0.0004222
 -0.0004222  0.00778238
0.000521694 0.000688574
0.000688574  0.00528104
  0.00777937 -0.000763841
-0.000763841  0.000496019
0.000440495 0.000288498
0.000288498  0.00497758
 0.00459467 0.000459966
0.000459966 0.000467245
 0.00928935   0.0016186
  0.0016186 0.000711673
  0.0123236  0.00081978
 0.00081978 0.000477066
 0.000673672 -0.000142761
-0.000142761  0.000497461
  0.00187497 -0.000237958
-0.000237958  0.000455914
 0.000440194 -0.000282412
-0.000282412   0.00486413
0.00163624 0.00369316
0.00369316  0.0116511
 0.0119996 0.00946371
0.00946371 0.00815329
0.000431613 8.46546e-06
8.46546e-06  0.00051373
 0.0122772 0.00840971
0.00840971 0.00638462
0.00947349 0.00369024
0.00369024 0.00192048
 0.0122412 0.00767265
0.00767265 0.00539982
  0.00424519 -0.000281053
-0.000281053  0.000436378
 0.000439448 -9.91852e-05
-9.91852e-05  0.000965102
0.000492928 0.000889389
0.000889389   0.0119746
  0.00876928 -0.000733548
-0.000733548   0.00048049
0.000864602 0.000144005
0.000144005  0.00046168
 0.0119941 0.00360998
0.00360998 0.00154371
0.00113239 0.00241343
0.00241343 0.00865951
  0.00396463 -0.000386098
-0.000386098  0.000458602
  0.0125094  0.00260617
 0.00260617 0.000981867
 0.00415724 0.000584325
0.000584325 0.000509077
  0.00533757 -0.000387398
-0.000387398  0.000446614
 0.000498254 -0.000285212
-0.000285212   0.00151452
 0.00282405 0.000489036
0.000489036 0.000517631
  0.0125702 2.27529e-05
2.27529e-05 0.000426248
 0.000464193 -9.62308e-05
-9.62308e-05  0.000627097
0.000642417   0.0013698
  0.0013698   0.0089801
 0.000511675 -5.02793e-05
-5.02793e-05  0.000446875
0.00352743 0.00604608
0.00604608  0.0121983
0.0108906 0.0112386
0.0112386 0.0125101
0.000455497 2.29029e-05
2.29029e-05  0.00044746
0.000470285  -0.0004957
 -0.0004957  0.00560864
0.0113673 0.0104793
0.0104793 0.0104555
0.00931355 0.00258737
0.00258737 0.00116936
  0.0119884  0.00016746
 0.00016746 0.000424219
0.00281656 0.00525051
0.00525051  0.0119359
 0.00720343 0.000488746
0.000488746 0.000451226
0.000487679 0.000630354
0.000630354   0.0065826
  0.0015016 0.000211516
0.000211516 0.000457569
 0.000496148 -0.000414109
-0.000414109   0.00280014
0.000426904 2.85083e-05
2.85083e-05   0.0117033
 0.00877805 0.000952697
0.000952697 0.000525047
 0.00148015 0.000278218
0.000278218 0.000490123
0.00970795 0.00405826
0.00405826 0.00218869
0.000453323 0.000542158
0.000542158    0.012592
 0.000473129 -0.000363866
-0.000363866   0.00308995
0.000464725 -6.4732e-05
-6.4732e-05  0.00050785
  0.0094223  0.00164683
 0.00164683 0.000717053
   0.0105848 -0.000494987
-0.000494987  0.000440818
 0.00335868 0.000295324
0.000295324 0.000445721
 0.00346388 0.000258355
0.000258355 0.000437667
0.00248166 0.00419102
0.00419102 0.00895567
 0.000479865 -0.000748076
-0.000748076     0.010371
  0.00601619 -0.000702085
-0.000702085   0.00050574
0.00745127  0.0076036
 0.0076036  0.0086488
0.00928542 0.00584169
0.00584169 0.00426806
0.00890602  0.0045009
 0.0045009 0.00280701
0.0115625 0.0103583
0.0103583 0.0100508
0.000609674  0.00127413
 0.00127413  0.00909555
0.00115556 0.00257382
0.00257382 0.00944749
  0.00112651 -0.000192969
-0.000192969  0.000469288
  0.0116581  0.00104206
 0.00104206 0.000513311
0.00141992 0.00333211
0.00333211    0.01154
  0.00869932 -0.000459128
-0.000459128   0.00044043
0.00705198 0.00743258
0.00743258 0.00875619
0.00248995 0.00492196
0.00492196  0.0121438
 0.0114199 0.00418161
0.00418161  0.0020053
0.00272279 0.00518845
0.00518845  0.0121279
0.000670537  0.00144871
 0.00144871  0.00891991
 0.0116596  0.0101506
 0.0101506 0.00958638
0.00914934  0.0102781
 0.0102781  0.0125309
 0.0116473 0.00962634
0.00962634 0.00867084
  0.0054327 0.000582752
0.000582752  0.00048483
0.00716367 0.00787416
0.00787416 0.00961326
 0.000939934 -9.68857e-05
-9.68857e-05  0.000432867
0.000428322 5.21883e-06
5.21883e-06 0.000470656
 0.0122029 0.00889893
0.00889893 0.00714055
 0.000540482 -6.05864e-05
-6.05864e-05  0.000443954
