      0.0004 -5.22562e-14
-5.22562e-14       0.0004
0.000427591 4.40821e-07
4.40821e-07 0.000417263
0.000427885 1.80447e-07
1.80447e-07 0.000420685
 0.000427693 -2.48821e-07
-2.48821e-07  0.000426049
 0.000427009 -7.97063e-07
-7.97063e-07  0.000433416
 0.000425893 -1.36085e-06
-1.36085e-06   0.00044291
 0.000424502 -1.76933e-06
-1.76933e-06  0.000454654
 0.000423123 -1.81287e-06
-1.81287e-06  0.000468665
 0.000422149 -1.38996e-06
-1.38996e-06  0.000484677
 0.000421876 -7.64052e-07
-7.64052e-07  0.000502132
 0.000422185 -4.63377e-07
-4.63377e-07  0.000520963
0.000422784 -6.4263e-07
-6.4263e-07 0.000542036
 0.000423173 -1.02745e-06
-1.02745e-06  0.000565399
 0.000423482 -1.28733e-06
-1.28733e-06  0.000591246
 0.000423735 -1.15328e-06
-1.15328e-06  0.000619003
 0.000424402 -7.15973e-07
-7.15973e-07  0.000648377
 0.000425637 -1.93825e-07
-1.93825e-07  0.000679169
0.000427412 2.45655e-07
2.45655e-07 0.000711744
0.000429445 5.61738e-07
5.61738e-07 0.000746468
 0.00043118 7.35176e-07
7.35176e-07  0.00078352
0.000431713 7.08284e-07
7.08284e-07 0.000822866
 0.00043091 2.12824e-07
2.12824e-07 0.000864591
  0.00042931 -9.33556e-07
-9.33556e-07  0.000908554
 0.000428199 -2.69628e-06
-2.69628e-06  0.000954615
 0.000428494 -4.85951e-06
-4.85951e-06   0.00100284
 0.000429661 -6.66891e-06
-6.66891e-06   0.00105291
 0.000430256 -7.33513e-06
-7.33513e-06   0.00110478
 0.000429588 -6.53461e-06
-6.53461e-06   0.00115846
 0.000428794 -4.76423e-06
-4.76423e-06   0.00121411
 0.000429147 -2.74376e-06
-2.74376e-06   0.00127179
 0.000430828 -1.04068e-06
-1.04068e-06   0.00133143
 0.000433221 -6.74926e-10
-6.74926e-10   0.00139295
0.000435712 3.16818e-07
3.16818e-07  0.00145643
0.000437931 1.22939e-08
1.22939e-08  0.00152175
 0.000439856 -7.43081e-07
-7.43081e-07   0.00158902
 0.000441367 -1.79917e-06
-1.79917e-06   0.00165833
 0.000442119 -3.00639e-06
-3.00639e-06   0.00172979
0.000441645 -4.1643e-06
-4.1643e-06  0.00180347
 0.000439762 -4.98462e-06
-4.98462e-06   0.00187946
 0.000436979 -5.15018e-06
-5.15018e-06    0.0019578
 0.000434392 -4.45843e-06
-4.45843e-06   0.00203848
 0.000433071 -2.94703e-06
-2.94703e-06   0.00212136
 0.000433461 -1.02028e-06
-1.02028e-06   0.00220613
0.000434984 5.02586e-07
5.02586e-07  0.00229243
0.000436176 7.65575e-07
7.65575e-07  0.00237982
 0.000436286 -1.49335e-07
-1.49335e-07   0.00246884
  0.00043558 -1.58292e-06
-1.58292e-06   0.00255997
 0.000434516 -3.03924e-06
-3.03924e-06   0.00265342
 0.000433304 -4.36301e-06
-4.36301e-06   0.00274918
 0.000432036 -5.61188e-06
-5.61188e-06   0.00284726
 0.000430896 -6.94618e-06
-6.94618e-06   0.00294766
  0.00043021 -8.55135e-06
-8.55135e-06    0.0030504
 0.000430352 -1.05366e-05
-1.05366e-05   0.00315546
 0.000431458 -1.27481e-05
-1.27481e-05   0.00326258
 0.000433024 -1.45695e-05
-1.45695e-05   0.00337124
 0.000433977 -1.51954e-05
-1.51954e-05   0.00348093
 0.000433749 -1.44913e-05
-1.44913e-05    0.0035918
 0.000432835 -1.31304e-05
-1.31304e-05   0.00370444
 0.000431915 -1.18145e-05
-1.18145e-05   0.00381932
 0.000431126 -1.08387e-05
-1.08387e-05   0.00393661
 0.000430173 -1.01149e-05
-1.01149e-05   0.00405634
  0.00042895 -9.34822e-06
-9.34822e-06   0.00417843
 0.000427883 -8.38295e-06
-8.38295e-06   0.00430275
 0.000427323 -7.46406e-06
-7.46406e-06   0.00442917
 0.000426903 -7.05946e-06
-7.05946e-06   0.00455772
 0.000426201 -7.34689e-06
-7.34689e-06   0.00468859
 0.000425543 -8.02579e-06
-8.02579e-06    0.0048218
 0.000425419 -8.60944e-06
-8.60944e-06    0.0049566
0.000425947 -8.7899e-06
-8.7899e-06  0.00509245
 0.000426986 -8.74481e-06
-8.74481e-06   0.00523007
0.000428205 -8.7955e-06
-8.7955e-06  0.00537008
 0.000429255 -9.07841e-06
-9.07841e-06   0.00551247
 0.000430022 -9.52712e-06
-9.52712e-06   0.00565708
 0.000430559 -9.96743e-06
-9.96743e-06   0.00580376
 0.000430839 -1.02782e-05
-1.02782e-05   0.00595226
  0.00043091 -1.02875e-05
-1.02875e-05   0.00610289
  0.00043068 -1.00013e-05
-1.00013e-05   0.00625555
 0.000430262 -9.37621e-06
-9.37621e-06   0.00641035
 0.000429971 -8.38678e-06
-8.38678e-06   0.00656728
 0.000430354 -6.89415e-06
-6.89415e-06    0.0067266
 0.000431597 -4.96415e-06
-4.96415e-06   0.00688833
0.000433118 -2.9568e-06
-2.9568e-06  0.00705244
0.000433333 -1.8489e-06
-1.8489e-06   0.0072185
  0.00043025 -3.58086e-06
-3.58086e-06   0.00738481
 0.000427002 -6.05712e-06
-6.05712e-06   0.00755284
 0.000424895 -8.46044e-06
-8.46044e-06    0.0077229
 0.000423828 -1.06356e-05
-1.06356e-05   0.00789481
 0.000423623 -1.21506e-05
-1.21506e-05   0.00806926
 0.000423887 -1.33038e-05
-1.33038e-05   0.00824623
 0.000424485 -1.44621e-05
-1.44621e-05   0.00842558
  0.00042536 -1.56254e-05
-1.56254e-05   0.00860666
  0.00042679 -1.66197e-05
-1.66197e-05   0.00878967
 0.000428376 -1.71616e-05
-1.71616e-05   0.00897426
 0.000429838 -1.71859e-05
-1.71859e-05   0.00916064
 0.000431024 -1.68534e-05
-1.68534e-05   0.00934905
 0.000431894 -1.63917e-05
-1.63917e-05   0.00953964
0.000432456 -1.5988e-05
-1.5988e-05  0.00973237
0.000432752 -1.5758e-05
-1.5758e-05  0.00992719
 0.000432866 -1.57311e-05
-1.57311e-05     0.010124
 0.000432881 -1.58461e-05
-1.58461e-05    0.0103227
  0.0105232  1.5982e-05
 1.5982e-05 0.000432793
    0.010523 -8.59506e-05
-8.59506e-05  0.000432933
    0.010523 -0.000187663
-0.000187663    0.0004349
   0.0105231 -0.000289102
-0.000289102  0.000439046
   0.0105232 -0.000390381
-0.000390381  0.000445575
   0.0105231 -0.000491667
-0.000491667  0.000454439
   0.0105229 -0.000593096
-0.000593096  0.000465578
   0.0105229 -0.000694693
-0.000694693  0.000478816
   0.0105231 -0.000796356
-0.000796356   0.00049395
   0.0105234 -0.000897915
-0.000897915  0.000510844
   0.0105239 -0.000999222
-0.000999222   0.00052949
  0.0105245 -0.00110037
-0.00110037 0.000550368
  0.0105252 -0.00120128
-0.00120128 0.000573178
  0.0105256 -0.00130178
-0.00130178 0.000597918
   0.010526 -0.00140201
-0.00140201 0.000624628
  0.0105266  -0.0015023
 -0.0015023 0.000653581
  0.0105272 -0.00160253
-0.00160253 0.000684538
  0.0105279 -0.00170293
-0.00170293 0.000717519
  0.0105284 -0.00180368
-0.00180368 0.000752504
  0.0105289 -0.00190483
-0.00190483 0.000789439
  0.0105293 -0.00200637
-0.00200637 0.000828415
  0.0105295 -0.00210806
-0.00210806 0.000869345
  0.0105296 -0.00220979
-0.00220979 0.000912355
  0.0105297 -0.00231139
-0.00231139 0.000957489
  0.0105295 -0.00241272
-0.00241272  0.00100472
  0.0105291 -0.00251367
-0.00251367  0.00105399
  0.0105286 -0.00261424
-0.00261424  0.00110524
  0.0105283 -0.00271457
-0.00271457  0.00115848
  0.0105282 -0.00281492
-0.00281492  0.00121374
   0.010528 -0.00291558
-0.00291558  0.00127107
  0.0105276 -0.00301676
-0.00301676  0.00133047
 0.0105271 -0.0031184
-0.0031184 0.00139196
  0.0105267 -0.00322024
-0.00322024  0.00145556
  0.0105265 -0.00332199
-0.00332199  0.00152127
  0.0105265 -0.00342352
-0.00342352  0.00158899
 0.0105267 -0.0035248
-0.0035248 0.00165854
  0.0105271 -0.00362587
-0.00362587  0.00172978
  0.0105277 -0.00372676
-0.00372676  0.00180284
  0.0105285 -0.00382752
-0.00382752  0.00187794
  0.0105292 -0.00392821
-0.00392821  0.00195525
  0.0105298 -0.00402882
-0.00402882  0.00203468
  0.0105301 -0.00412946
-0.00412946  0.00211628
  0.0105302 -0.00423017
-0.00423017  0.00220001
    0.01053 -0.00433101
-0.00433101  0.00228587
  0.0105296 -0.00443201
-0.00443201  0.00237374
   0.010529 -0.00453316
-0.00453316   0.0024636
  0.0105284 -0.00463446
-0.00463446  0.00255542
  0.0105278 -0.00473583
-0.00473583  0.00264925
  0.0105272 -0.00483712
-0.00483712  0.00274518
  0.0105267 -0.00493812
-0.00493812  0.00284337
 0.0105264 -0.0050386
-0.0050386 0.00294391
  0.0105265 -0.00513862
-0.00513862  0.00304672
   0.010527 -0.00523879
-0.00523879  0.00315134
  0.0105274 -0.00533989
-0.00533989  0.00325701
  0.0105277 -0.00544179
-0.00544179  0.00336398
  0.0105284 -0.00554376
-0.00554376  0.00347317
  0.0105292 -0.00564562
-0.00564562  0.00358494
  0.0105301 -0.00574758
-0.00574758   0.0036991
  0.0105315 -0.00584971
-0.00584971  0.00381533
  0.0105336 -0.00595174
-0.00595174  0.00393345
  0.0105361 -0.00605339
-0.00605339  0.00405351
  0.0105383 -0.00615465
-0.00615465  0.00417566
    0.01054 -0.00625572
-0.00625572      0.0043
   0.010541 -0.00635685
-0.00635685  0.00442647
  0.0105417 -0.00645812
-0.00645812  0.00455499
  0.0105421 -0.00655942
-0.00655942  0.00468547
  0.0105421 -0.00666066
-0.00666066  0.00481795
  0.0105415 -0.00676187
-0.00676187  0.00495254
  0.0105405 -0.00686328
-0.00686328  0.00508939
  0.0105395 -0.00696521
-0.00696521  0.00522838
 0.0105395 -0.0070677
-0.0070677 0.00536982
  0.0105405 -0.00717063
-0.00717063  0.00551331
  0.0105424 -0.00727354
-0.00727354  0.00565849
  0.0105443 -0.00737583
-0.00737583  0.00580507
  0.0105454 -0.00747727
-0.00747727  0.00595311
  0.0105453 -0.00757806
-0.00757806  0.00610292
  0.0105443 -0.00767859
-0.00767859  0.00625485
  0.0105422 -0.00777895
-0.00777895  0.00640888
 0.0105394 -0.0078792
-0.0078792 0.00656529
   0.010536 -0.00797918
-0.00797918   0.0067242
 0.0105326 -0.0080787
-0.0080787 0.00688492
  0.0105299 -0.00817764
-0.00817764  0.00704779
  0.0105284 -0.00827631
-0.00827631  0.00721263
  0.0105282 -0.00837505
-0.00837505   0.0073793
  0.0105287 -0.00847448
-0.00847448  0.00754712
  0.0105299 -0.00857413
-0.00857413  0.00771752
  0.0105309 -0.00867454
-0.00867454  0.00788956
  0.0105318 -0.00877534
-0.00877534  0.00806368
 0.0105317 -0.0088772
-0.0088772 0.00823896
  0.0105317 -0.00897892
-0.00897892  0.00841702
  0.0105315 -0.00908091
-0.00908091  0.00859699
  0.0105313 -0.00918291
-0.00918291  0.00877953
  0.0105314 -0.00928497
-0.00928497  0.00896408
  0.0105316 -0.00938705
-0.00938705   0.0091506
  0.0105321 -0.00948908
-0.00948908  0.00933906
  0.0105327 -0.00959103
-0.00959103  0.00952945
 0.0105335 -0.0096929
-0.0096929 0.00972176
  0.0105343 -0.00979466
-0.00979466  0.00991596
  0.0105349 -0.00989636
-0.00989636   0.0101122
  0.0105353 -0.00999799
-0.00999799   0.0103102
0.0105102 0.0100996
0.0100996 0.0105354
 0.0105084 0.00999621
0.00999621  0.0103329
 0.0105078 0.00989359
0.00989359  0.0101324
 0.0105077  0.0097916
 0.0097916 0.00993417
  0.010508 0.00968998
0.00968998 0.00973832
 0.0105084  0.0095886
 0.0095886 0.00954463
 0.0105088 0.00948743
0.00948743 0.00935305
  0.010509 0.00938641
0.00938641 0.00916367
 0.0105091 0.00928541
0.00928541 0.00897653
 0.0105091 0.00918428
0.00918428 0.00879158
 0.0105092 0.00908302
0.00908302 0.00860871
 0.0105101 0.00898122
0.00898122 0.00842841
 0.0105108 0.00887967
0.00887967  0.0082498
 0.0105109 0.00877855
0.00877855 0.00807314
 0.0105108 0.00867778
0.00867778 0.00789802
 0.0105106 0.00857702
0.00857702 0.00772498
 0.0105101 0.00847637
0.00847637 0.00755399
 0.0105098 0.00837522
0.00837522 0.00738608
  0.010509 0.00827489
0.00827489 0.00721953
 0.0105084 0.00817477
0.00817477 0.00705466
 0.0105081 0.00807449
0.00807449 0.00689174
  0.010508 0.00797405
0.00797405 0.00673108
  0.010508 0.00787369
0.00787369 0.00657273
 0.0105084 0.00777346
0.00777346 0.00641617
 0.0105092 0.00767301
0.00767301 0.00626107
 0.0105102 0.00757213
0.00757213 0.00610773
 0.0105113 0.00747096
0.00747096 0.00595653
 0.0105125 0.00736967
0.00736967 0.00580757
 0.0105136 0.00726837
0.00726837 0.00566081
 0.0105146 0.00716706
0.00716706  0.0055162
 0.0105155 0.00706579
0.00706579  0.0053737
 0.0105161  0.0069646
 0.0069646 0.00523329
 0.0105163 0.00686353
0.00686353 0.00509494
 0.0105162 0.00676258
0.00676258 0.00495867
 0.0105158 0.00666171
0.00666171  0.0048245
  0.010515 0.00656087
0.00656087 0.00469245
 0.0105142 0.00646005
0.00646005  0.0045625
 0.0105135 0.00635923
0.00635923 0.00443455
 0.0105131 0.00625839
0.00625839 0.00430843
  0.010513 0.00615747
0.00615747 0.00418401
 0.0105131  0.0060564
 0.0060564 0.00406133
 0.0105134 0.00595514
0.00595514 0.00394059
 0.0105135 0.00585364
0.00585364 0.00382197
 0.0105136 0.00575188
0.00575188 0.00370557
 0.0105137 0.00564991
0.00564991 0.00359137
 0.0105141 0.00554789
0.00554789 0.00347933
 0.0105144 0.00544611
0.00544611 0.00336932
 0.0105144 0.00534496
0.00534496 0.00326112
 0.0105139 0.00524458
0.00524458 0.00315463
 0.0105134 0.00514471
0.00514471 0.00304992
 0.0105134  0.0050449
 0.0050449 0.00294721
 0.0105139 0.00494484
0.00494484 0.00284658
 0.0105144 0.00484439
0.00484439 0.00274808
 0.0105145 0.00474352
0.00474352  0.0026517
 0.0105138 0.00464234
0.00464234 0.00255749
 0.0105123 0.00454107
0.00454107 0.00246551
 0.0105106 0.00443995
0.00443995 0.00237586
 0.0105092 0.00433916
0.00433916 0.00228852
 0.0105082 0.00423864
0.00423864 0.00220326
 0.0105078 0.00413798
0.00413798 0.00211962
 0.0105077 0.00403689
0.00403689 0.00203738
 0.0105079  0.0039356
 0.0039356 0.00195681
 0.0105084 0.00383449
0.00383449 0.00187824
 0.0105092 0.00373362
0.00373362 0.00180189
 0.0105098 0.00363286
0.00363286 0.00172784
   0.01051  0.0035321
 0.0035321 0.00165605
 0.0105098 0.00343126
0.00343126 0.00158646
 0.0105091 0.00333032
0.00333032 0.00151903
 0.0105082 0.00322924
0.00322924 0.00145371
 0.0105075 0.00312804
0.00312804 0.00139039
  0.010507 0.00302681
0.00302681 0.00132893
 0.0105067 0.00292571
0.00292571  0.0012693
 0.0105065 0.00282474
0.00282474 0.00121156
 0.0105065 0.00272383
0.00272383 0.00115586
 0.0105065 0.00262279
0.00262279 0.00110213
 0.0105066 0.00252155
0.00252155 0.00105033
 0.0105069  0.0024202
 0.0024202 0.00100048
 0.0105072 0.00231888
0.00231888 0.00095263
  0.0105074  0.00221775
 0.00221775 0.000906927
 0.0105072 0.00211683
0.00211683 0.00086343
  0.0105066  0.00201607
 0.00201607 0.000822132
  0.0105059  0.00191538
 0.00191538 0.000782984
  0.0105052  0.00181478
 0.00181478 0.000745943
  0.0105048  0.00171414
 0.00171414 0.000710819
  0.0105045  0.00161345
 0.00161345 0.000677579
  0.0105041  0.00151249
 0.00151249 0.000646127
  0.0105038  0.00141149
 0.00141149 0.000616872
  0.0105033  0.00131032
 0.00131032 0.000589841
  0.0105028   0.0012089
  0.0012089 0.000564916
  0.0105025  0.00110729
 0.00110729 0.000542027
  0.0105024  0.00100575
 0.00100575 0.000520943
  0.0105027 0.000904519
0.000904519 0.000501704
  0.0105029 0.000803625
0.000803625 0.000484277
  0.0105032 0.000702888
0.000702888 0.000468885
  0.0105035 0.000602073
0.000602073 0.000455657
  0.0105039 0.000501033
0.000501033 0.000444556
  0.0105045 0.000399784
0.000399784 0.000435481
  0.0105052 0.000298455
0.000298455 0.000428384
  0.0105059 0.000197155
0.000197155  0.00042326
  0.0105065 9.59259e-05
9.59259e-05 0.000420104
0.000418887  5.2289e-06
 5.2289e-06   0.0105068
0.000418504 4.68613e-06
4.68613e-06    0.010306
0.000418255 4.14148e-06
4.14148e-06   0.0101071
0.000418178 3.68412e-06
3.68412e-06  0.00991011
 0.00041827 3.40543e-06
3.40543e-06  0.00971517
0.000418451 3.36853e-06
3.36853e-06  0.00952229
0.000418599 3.51761e-06
3.51761e-06  0.00933157
 0.00041863 3.68457e-06
3.68457e-06  0.00914306
0.000418548 3.67173e-06
3.67173e-06  0.00895661
0.000418479 3.38478e-06
3.38478e-06  0.00877202
0.000418608 2.92835e-06
2.92835e-06  0.00858916
0.000419085 2.49194e-06
2.49194e-06  0.00840825
0.000419813 2.16052e-06
2.16052e-06  0.00822932
 0.00042055 1.94798e-06
1.94798e-06  0.00805248
0.000421119 1.83317e-06
1.83317e-06  0.00787778
0.000421476 1.79779e-06
1.79779e-06  0.00770522
0.000421833 1.75427e-06
1.75427e-06  0.00753485
0.000421998 1.87127e-06
1.87127e-06  0.00736649
0.000422136 2.11294e-06
2.11294e-06   0.0072001
0.000422322 2.36655e-06
2.36655e-06  0.00703554
0.000422646 2.40464e-06
2.40464e-06  0.00687295
0.000422983 2.17291e-06
2.17291e-06  0.00671241
0.000423069 1.83968e-06
1.83968e-06  0.00655381
0.000423004 1.38477e-06
1.38477e-06  0.00639737
0.000422693  9.9378e-07
 9.9378e-07  0.00624297
0.000422245 6.60525e-07
6.60525e-07  0.00609075
 0.00042162 5.05039e-07
5.05039e-07  0.00594052
0.000420955 4.45404e-07
4.45404e-07  0.00579235
0.000420368  3.9503e-07
 3.9503e-07   0.0056462
0.000419969 2.73639e-07
2.73639e-07  0.00550196
0.000419823 8.35267e-08
8.35267e-08  0.00535952
 0.000419904 -6.93039e-08
-6.93039e-08   0.00521885
 0.000420076 -6.06214e-08
-6.06214e-08   0.00508004
0.000420152 1.48827e-07
1.48827e-07  0.00494327
0.000419999 4.97758e-07
4.97758e-07   0.0048087
0.000419594 8.58542e-07
8.58542e-07  0.00467644
0.000418989  1.1274e-06
 1.1274e-06  0.00454644
0.000418374 1.16216e-06
1.16216e-06  0.00441885
0.000417903 1.00768e-06
1.00768e-06  0.00429316
0.000417707 7.83237e-07
7.83237e-07  0.00416922
0.000417756 6.84983e-07
6.84983e-07  0.00404694
0.000417946 7.50972e-07
7.50972e-07  0.00392653
0.000418167 8.96573e-07
8.96573e-07  0.00380827
0.000418307 1.10335e-06
1.10335e-06  0.00369234
0.000418349 1.47862e-06
1.47862e-06  0.00357877
0.000418485 2.10105e-06
2.10105e-06  0.00346747
0.000418909 2.85536e-06
2.85536e-06  0.00335821
0.000419577 3.43387e-06
3.43387e-06  0.00325068
0.000420276 3.56923e-06
3.56923e-06  0.00314479
0.000420886 3.24524e-06
3.24524e-06  0.00304069
0.000421481 2.62473e-06
2.62473e-06  0.00293858
0.000422215 1.87361e-06
1.87361e-06  0.00283856
 0.00042323 1.10629e-06
1.10629e-06  0.00274061
0.000424598 4.11738e-07
4.11738e-07   0.0026447
 0.000426213 -1.46722e-07
-1.46722e-07   0.00255076
 0.000427889 -4.82756e-07
-4.82756e-07   0.00245891
 0.000429191 -6.03626e-07
-6.03626e-07   0.00236913
 0.000429772 -5.63435e-07
-5.63435e-07   0.00228147
 0.000429391 -4.36028e-07
-4.36028e-07   0.00219592
 0.000428299 -3.32315e-07
-3.32315e-07    0.0021125
 0.000426922 -3.18613e-07
-3.18613e-07    0.0020312
 0.000425657 -3.90749e-07
-3.90749e-07   0.00195194
 0.000424703 -4.64902e-07
-4.64902e-07   0.00187459
 0.000424043 -4.08778e-07
-4.08778e-07   0.00179908
 0.000423542 -1.11782e-07
-1.11782e-07   0.00172544
0.000423093  4.6099e-07
 4.6099e-07  0.00165379
0.000422705 1.27443e-06
1.27443e-06  0.00158427
0.000422459 2.25625e-06
2.25625e-06  0.00151696
0.000422369 3.30584e-06
3.30584e-06  0.00145192
 0.00042228 4.26477e-06
4.26477e-06  0.00138911
0.000421905 4.87728e-06
4.87728e-06  0.00132843
0.000421059 4.83819e-06
4.83819e-06  0.00126958
0.000419957  4.0713e-06
 4.0713e-06  0.00121218
0.000419113 2.99191e-06
2.99191e-06  0.00115622
0.000418734  2.1471e-06
 2.1471e-06   0.0011022
0.000418557 1.65565e-06
1.65565e-06  0.00105061
0.000418338 1.23696e-06
1.23696e-06  0.00100151
0.000418206 6.65262e-07
6.65262e-07 0.000954492
0.000418444 1.25494e-07
1.25494e-07 0.000909136
 0.000419083 -2.73938e-08
-2.73938e-08  0.000865476
 0.000419412 -3.00109e-07
-3.00109e-07  0.000823206
0.000420096 9.93243e-08
9.93243e-08 0.000783842
0.000420559 4.53736e-07
4.53736e-07 0.000746617
0.000420481 5.48387e-07
5.48387e-07 0.000711406
0.000420402 8.06646e-07
8.06646e-07  0.00067851
0.000419964 9.82193e-07
9.82193e-07 0.000647788
0.000419024 8.69448e-07
8.69448e-07 0.000619141
0.000417986 5.27188e-07
5.27188e-07 0.000592679
 0.000417201 -1.07403e-08
-1.07403e-08   0.00056826
 0.000416548 -7.67883e-07
-7.67883e-07   0.00054546
 0.000416218 -1.36148e-06
-1.36148e-06  0.000524464
0.000416257 -1.6458e-06
-1.6458e-06 0.000505572
 0.000416274 -1.69921e-06
-1.69921e-06   0.00048867
0.000416236 -1.6068e-06
-1.6068e-06  0.00047384
 0.000416172 -1.43335e-06
-1.43335e-06  0.000461046
 0.000416116 -1.19377e-06
-1.19377e-06  0.000450233
  0.00041607 -8.98952e-07
-8.98952e-07  0.000441413
0.000416014 -6.0058e-07
-6.0058e-07 0.000434652
0.000415929  -3.891e-07
 -3.891e-07 0.000429999
 0.000415822 -3.52748e-07
-3.52748e-07  0.000427429
