 8.9567e-06  8.2256e-08
 8.2256e-08 6.17552e-06
 1.00759e-05 -4.06333e-07
-4.06333e-07  7.23393e-06
 8.52696e-06 -3.85431e-07
-3.85431e-07  6.28773e-06
 8.34586e-06 -2.29836e-07
-2.29836e-07  7.57201e-06
9.00713e-06 6.90723e-08
6.90723e-08 8.23681e-06
7.77979e-06 3.54338e-07
3.54338e-07 8.11098e-06
 7.60648e-06 -3.13246e-08
-3.13246e-08  7.91031e-06
 1.43437e-05 -1.16834e-07
-1.16834e-07  8.99772e-06
7.21627e-06 3.78768e-07
3.78768e-07 9.53188e-06
8.98545e-06 3.10208e-07
3.10208e-07  5.7448e-06
7.00906e-06 4.37201e-07
4.37201e-07 6.03939e-06
 7.15286e-06 -4.39002e-07
-4.39002e-07  8.32051e-06
7.02235e-06 2.96442e-08
2.96442e-08 7.45478e-06
7.84364e-06 2.41832e-08
2.41832e-08 8.39177e-06
6.89644e-06 3.91061e-07
3.91061e-07 7.54552e-06
6.57407e-06 -4.5724e-07
-4.5724e-07  6.7565e-06
1.03465e-05 1.80495e-07
1.80495e-07 6.95003e-06
7.38879e-06 -8.2454e-08
-8.2454e-08 7.31016e-06
7.44621e-06 2.98473e-08
2.98473e-08 5.62074e-06
 1.0983e-05 7.18651e-07
7.18651e-07 6.48203e-06
2.46433e-05 1.16122e-05
1.16122e-05 2.38711e-05
 8.61484e-06 -1.05035e-07
-1.05035e-07  7.93443e-06
 7.55998e-06 -3.64966e-08
-3.64966e-08  7.63154e-06
1.51811e-05 3.16758e-06
3.16758e-06 8.96274e-06
5.25538e-06 -2.4549e-07
-2.4549e-07 7.32663e-06
1.06339e-05 4.99949e-08
4.99949e-08 6.92961e-06
6.98531e-06 4.81864e-07
4.81864e-07 6.81466e-06
6.22097e-06   1.608e-08
  1.608e-08 6.39658e-06
 8.13166e-06 -7.16578e-08
-7.16578e-08  7.62052e-06
 6.02074e-06 -5.23139e-08
-5.23139e-08  5.22694e-06
 6.84958e-06 -1.04171e-07
-1.04171e-07  7.25449e-06
 1.88464e-05 -4.70561e-06
-4.70561e-06  1.09904e-05
 6.09865e-06 -3.91914e-07
-3.91914e-07  6.82174e-06
 6.53387e-06 -4.72149e-07
-4.72149e-07  5.77749e-06
8.98867e-06 -7.0017e-08
-7.0017e-08 8.32441e-06
    7.78e-06 -7.64663e-08
-7.64663e-08  7.74723e-06
 1.12128e-05 -3.05231e-07
-3.05231e-07  7.54021e-06
8.50967e-06 1.03467e-07
1.03467e-07 9.22281e-06
8.18455e-06 5.56116e-08
5.56116e-08 5.79081e-06
8.48972e-06 -9.9939e-08
-9.9939e-08 7.67498e-06
7.94386e-06  4.2711e-07
 4.2711e-07 7.28341e-06
   8.184e-06 -8.47586e-07
-8.47586e-07  1.38793e-05
 1.63289e-05 -3.97067e-06
-3.97067e-06  9.85754e-06
 1.01997e-05 -1.19117e-08
-1.19117e-08  8.71052e-06
8.55616e-06 6.05365e-08
6.05365e-08 9.15122e-06
 6.08414e-06 -5.40382e-08
-5.40382e-08  7.90837e-06
9.37864e-06 8.97249e-09
8.97249e-09 8.48492e-06
 7.86968e-06 -4.73979e-08
-4.73979e-08  7.19908e-06
1.11525e-05 5.24438e-06
5.24438e-06 1.39273e-05
  4.9044e-06 -8.95295e-07
-8.95295e-07  5.06197e-06
 6.73585e-06 -6.35057e-08
-6.35057e-08  7.12152e-06
 7.99074e-06 -3.57156e-07
-3.57156e-07  7.59312e-06
 6.49806e-06 -3.85444e-07
-3.85444e-07  8.80195e-06
  8.6763e-06 -8.79574e-08
-8.79574e-08  9.35033e-06
  9.2574e-06 -1.28269e-08
-1.28269e-08  1.01283e-05
 1.43229e-05 -6.96654e-08
-6.96654e-08  9.01667e-06
 9.05609e-06 -6.73238e-08
-6.73238e-08  8.35069e-06
 8.29174e-06 -8.01619e-09
-8.01619e-09   7.8229e-06
6.78984e-06 3.99042e-08
3.99042e-08 5.63329e-06
 8.94606e-06 -6.57159e-08
-6.57159e-08  7.99215e-06
5.87366e-06 8.77254e-07
8.77254e-07 5.29863e-06
7.59411e-06 5.40983e-08
5.40983e-08 8.41843e-06
7.31183e-06 5.65992e-07
5.65992e-07 6.53877e-06
8.88966e-06 2.41432e-07
2.41432e-07   8.083e-06
 5.97595e-06 -9.65334e-07
-9.65334e-07  6.18312e-06
 6.59971e-06 -4.18154e-07
-4.18154e-07  8.26346e-06
 7.33614e-06 -4.40473e-08
-4.40473e-08  6.21082e-06
 5.59936e-06 -2.98581e-08
-2.98581e-08  7.22768e-06
2.15415e-05 8.68825e-06
8.68825e-06 1.69715e-05
  1.1592e-05 -4.67235e-06
-4.67235e-06  1.95322e-05
 6.48088e-06 -9.92547e-07
-9.92547e-07  6.32201e-06
7.54404e-06 3.72843e-07
3.72843e-07 6.99808e-06
 8.21937e-06 -2.66673e-08
-2.66673e-08    6.566e-06
 8.05333e-06 -2.28482e-09
-2.28482e-09  8.03047e-06
6.75675e-06 -4.0369e-07
-4.0369e-07 8.33213e-06
 8.63768e-06 -3.55355e-07
-3.55355e-07  7.54685e-06
8.05472e-06 8.89352e-08
8.89352e-08 8.08232e-06
7.94265e-06 6.53021e-07
6.53021e-07 7.35743e-06
 7.37088e-06 -1.09213e-07
-1.09213e-07  7.02543e-06
8.03889e-06 8.91626e-08
8.91626e-08 8.01408e-06
7.32497e-06 7.71836e-08
7.71836e-08  6.3541e-06
 7.71117e-06 -1.25064e-07
-1.25064e-07  7.83943e-06
 1.0292e-05 -3.3274e-07
-3.3274e-07 8.59201e-06
 9.56042e-06 -4.24312e-08
-4.24312e-08  9.50634e-06
 5.6759e-06 3.47627e-08
3.47627e-08 6.17416e-06
6.75477e-06 1.13684e-07
1.13684e-07 5.91055e-06
 7.29758e-06 -1.48145e-07
-1.48145e-07  8.03584e-06
 5.87866e-06 -1.32102e-07
-1.32102e-07  5.31812e-06
 7.17933e-06 -2.06125e-09
-2.06125e-09  5.84368e-06
8.29835e-06 2.88204e-07
2.88204e-07 7.62736e-06
7.95297e-06 4.71368e-08
4.71368e-08 9.30261e-06
8.10655e-06 6.93447e-08
6.93447e-08 6.89637e-06
 6.63469e-06 -1.25995e-07
-1.25995e-07  6.73698e-06
1.94365e-05 5.20751e-06
5.20751e-06 1.15969e-05
 5.61187e-06 -4.25499e-07
-4.25499e-07   6.8919e-06
9.78558e-06 1.82306e-07
1.82306e-07 8.78674e-06
8.67326e-06 1.21513e-07
1.21513e-07 8.36092e-06
 6.66166e-06 -4.46325e-07
-4.46325e-07  7.07896e-06
 4.96511e-06 -4.34318e-07
-4.34318e-07  5.15575e-06
 7.79398e-06 -2.19607e-07
-2.19607e-07  9.32796e-06
5.64848e-06 1.84202e-08
1.84202e-08 6.84965e-06
5.31179e-06 9.60726e-08
9.60726e-08 6.55251e-06
 9.64026e-06 -2.11286e-07
-2.11286e-07  8.50084e-06
  6.8949e-06 -3.90947e-07
-3.90947e-07  9.36482e-06
 6.62628e-06 -4.89604e-07
-4.89604e-07  6.30996e-06
9.08607e-06 5.01661e-08
5.01661e-08 1.04867e-05
 9.59724e-06 -4.67027e-07
-4.67027e-07   7.4253e-06
 7.2455e-06  4.5813e-09
 4.5813e-09 5.76877e-06
 7.23107e-06 -1.36039e-08
-1.36039e-08  6.88594e-06
 6.11209e-06 -1.81366e-07
-1.81366e-07  6.23903e-06
    6.8e-06  6.0251e-08
 6.0251e-08 1.10898e-05
9.98025e-06 4.68385e-07
4.68385e-07 7.84811e-06
6.71528e-06  6.5972e-08
 6.5972e-08 7.54097e-06
7.33973e-06 1.05841e-08
1.05841e-08  5.7795e-06
6.35045e-06 1.19321e-08
1.19321e-08 7.08657e-06
 7.3257e-06 5.64176e-07
5.64176e-07 9.02668e-06
 2.01747e-05 -5.18154e-06
-5.18154e-06  1.16663e-05
 8.1678e-06 3.82498e-07
3.82498e-07  9.1865e-06
6.53156e-06 6.35625e-08
6.35625e-08 5.78264e-06
8.31346e-06 2.46838e-07
2.46838e-07 8.74114e-06
 5.22021e-06 -3.56057e-10
-3.56057e-10  5.99765e-06
8.14236e-06 3.07628e-07
3.07628e-07 5.88118e-06
 9.27691e-06 -4.05164e-07
-4.05164e-07  6.71269e-06
 9.80319e-06 -3.28237e-07
-3.28237e-07  6.81177e-06
7.48782e-06  9.0018e-09
 9.0018e-09 7.25595e-06
 7.05135e-06 -6.25915e-08
-6.25915e-08  7.13325e-06
  9.9664e-06 -5.56556e-08
-5.56556e-08  8.66895e-06
 6.70988e-06 -2.93889e-08
-2.93889e-08  6.74249e-06
  7.7209e-06 -2.59738e-07
-2.59738e-07  9.34928e-06
9.33982e-06 6.15876e-08
6.15876e-08 7.95539e-06
 5.94175e-06 -4.48742e-08
-4.48742e-08  6.46937e-06
9.64519e-06 1.43595e-07
1.43595e-07 9.39716e-06
9.63573e-06 6.52783e-08
6.52783e-08 8.55233e-06
9.77932e-06 3.96957e-06
3.96957e-06 1.79853e-05
 7.6543e-06 5.98431e-07
5.98431e-07 8.17434e-06
 7.80217e-06 -1.96349e-07
-1.96349e-07  7.61623e-06
 8.76068e-06 -8.90206e-07
-8.90206e-07  1.47179e-05
 8.67731e-06 -4.61605e-08
-4.61605e-08  8.58456e-06
 2.06522e-05 -5.68458e-06
-5.68458e-06   1.3468e-05
 1.54999e-05 -6.91961e-06
-6.91961e-06  1.56538e-05
 8.13022e-06 -4.00081e-08
-4.00081e-08  7.80195e-06
7.82943e-06 -1.5052e-06
-1.5052e-06 1.07329e-05
 6.42893e-06 -1.71228e-10
-1.71228e-10  6.38432e-06
7.11825e-06 1.76653e-06
1.76653e-06 1.25936e-05
7.57726e-06 1.85738e-08
1.85738e-08  7.7109e-06
 6.09304e-06 -2.70738e-07
-2.70738e-07  6.49245e-06
 8.25028e-06 -1.04784e-08
-1.04784e-08  8.71266e-06
 6.95267e-06 -1.26086e-07
-1.26086e-07  7.32841e-06
 9.26094e-06 -5.43014e-08
-5.43014e-08  9.42906e-06
1.21443e-05 1.97013e-06
1.97013e-06 7.44209e-06
 6.39138e-06 -9.46731e-07
-9.46731e-07  6.42591e-06
 8.76952e-06 -1.24773e-07
-1.24773e-07  8.11909e-06
6.38111e-06 9.86532e-08
9.86532e-08 4.92267e-06
1.48024e-05 8.88086e-07
8.88086e-07 8.22748e-06
 8.68565e-06 -1.39641e-08
-1.39641e-08  8.09555e-06
7.34547e-06 4.42616e-07
4.42616e-07 9.04423e-06
 5.81506e-06 -1.83708e-07
-1.83708e-07  5.74301e-06
1.10144e-05  2.3445e-06
 2.3445e-06 7.23319e-06
5.92854e-06 7.62352e-08
7.62352e-08 6.51817e-06
5.34614e-06 5.29954e-08
5.29954e-08 6.19749e-06
8.58022e-06 3.45727e-08
3.45727e-08 8.00155e-06
9.07617e-06 2.49752e-06
2.49752e-06 1.46834e-05
9.31076e-06 -1.8692e-07
-1.8692e-07 8.02122e-06
1.04669e-05 6.41769e-08
6.41769e-08 8.99803e-06
 7.70889e-06 -3.87921e-08
-3.87921e-08  6.98014e-06
8.08146e-06 5.98366e-08
5.98366e-08   8.294e-06
 6.96641e-06 -5.07585e-07
-5.07585e-07  1.02949e-05
 7.12024e-06 -3.62979e-07
-3.62979e-07  7.23386e-06
 6.36678e-06 -1.02301e-07
-1.02301e-07   7.1021e-06
7.65087e-06 2.18898e-07
2.18898e-07 7.46636e-06
   5.467e-06 -4.30024e-07
-4.30024e-07   6.6549e-06
 5.9374e-06  -1.321e-09
 -1.321e-09 6.94712e-06
 6.32127e-06 -5.83359e-07
-5.83359e-07  5.71084e-06
  1.0034e-05 -1.71174e-09
-1.71174e-09  8.96929e-06
8.27328e-06 3.95281e-08
3.95281e-08 7.98663e-06
6.26726e-06 2.51509e-08
2.51509e-08 5.10578e-06
8.30725e-06 3.17595e-08
3.17595e-08 8.02086e-06
 8.19828e-06 -1.26771e-07
-1.26771e-07  7.81032e-06
6.72315e-06  1.6605e-07
 1.6605e-07 9.45331e-06
  1.4223e-05 -2.80028e-07
-2.80028e-07  8.84603e-06
6.69981e-06 5.87001e-07
5.87001e-07 7.85073e-06
 8.23917e-06 -8.85145e-08
-8.85145e-08  7.40591e-06
6.08447e-06 2.85375e-07
2.85375e-07 7.50217e-06
5.29285e-06 1.78738e-07
1.78738e-07 6.43592e-06
 1.63941e-05 -4.10739e-06
-4.10739e-06  1.00019e-05
7.85649e-06 4.86699e-07
4.86699e-07 9.18086e-06
7.14896e-06 5.70878e-07
5.70878e-07 6.42818e-06
