  0.0109731 -0.00439304
-0.00439304  0.00259316
0.000565316 9.33203e-05
9.33203e-05 0.000506964
 0.0105667 -0.0110016
-0.0110016  0.0132722
 0.00100515 0.000199105
0.000199105 0.000525753
 0.00384578 -0.00530379
-0.00530379  0.00996993
0.000663986  0.00063884
 0.00063884  0.00673315
0.000551607 0.000343514
0.000343514  0.00218604
  0.00077959 -0.000962601
-0.000962601    0.0140928
  0.0017107 -0.00350684
-0.00350684   0.0130544
 0.00043128 1.01803e-05
1.01803e-05 0.000439611
  0.0106972 -0.00148737
-0.00148737 0.000855323
 0.0136248 -0.0103878
-0.0103878 0.00927928
0.000508431 -0.00022565
-0.00022565  0.00132876
 0.000659893 -0.000666537
-0.000666537   0.00772685
0.000930332 -0.00167366
-0.00167366   0.0103649
 0.0132396 -0.0103481
-0.0103481 0.00945983
  0.0103014 0.000890281
0.000890281 0.000738467
 0.00305921 0.000400787
0.000400787 0.000574877
  0.0111135 -0.00665749
-0.00665749  0.00505564
0.000440159 1.66481e-05
1.66481e-05 0.000459704
 0.0145483 -0.0132949
-0.0132949  0.0144602
  0.00617358 -0.000604498
-0.000604498  0.000635015
0.000552341 0.000349464
0.000349464  0.00240205
 0.0121557 -0.0119929
-0.0119929  0.0136229
0.000439825 1.85546e-05
1.85546e-05 0.000438455
  0.0104928  0.00089099
 0.00089099 0.000738854
 0.000649207 -0.000555236
-0.000555236   0.00869809
  0.00203533 -0.000229517
-0.000229517  0.000508238
 0.00293827 0.000439336
0.000439336 0.000589842
0.000476578  0.00014702
 0.00014702    0.001383
 0.00337843 0.000389108
0.000389108 0.000573061
  0.0120933  0.00117374
 0.00117374 0.000816281
 0.00047356 0.000103394
0.000103394 0.000699739
  0.0130208 -0.00986589
-0.00986589  0.00878986
  0.0103086 -0.00315833
-0.00315833  0.00172773
 0.000631993 -0.000554317
-0.000554317   0.00658351
 0.0100643 -0.0109852
-0.0109852  0.0139434
0.000627757 0.000557573
0.000557573  0.00376784
  0.0109576 -0.00299646
-0.00299646  0.00154199
 0.00133652  0.00026455
 0.00026455 0.000546928
 0.00802592 0.000748465
0.000748465 0.000700836
0.000756603 0.000969135
0.000969135   0.0107106
  0.0120564 0.000994057
0.000994057  0.00077105
0.00521177 -0.0062639
-0.0062639 0.00972509
  0.0102164 -0.00676147
-0.00676147  0.00565637
 0.00277258 -0.00496938
-0.00496938   0.0128614
 0.00521165 -0.00762013
-0.00762013   0.0139355
   0.0015819 -0.000262328
-0.000262328  0.000523655
 0.000455641 -2.71385e-06
-2.71385e-06  0.000446891
0.000446101 -4.3598e-05
-4.3598e-05  0.00047368
 0.00552844 -0.00680257
-0.00680257   0.0105516
 0.00797606 -0.00953848
-0.00953848    0.013537
0.000490206 9.11453e-05
9.11453e-05 0.000574194
 0.000648777 -0.000648145
-0.000648145    0.0053711
 0.00984351 -0.00242327
-0.00242327  0.00131721
0.000785007 -0.00099633
-0.00099633   0.0141092
  0.0136378 -0.00542363
-0.00542363  0.00303592
0.00490872 -0.0062112
-0.0062112  0.0101606
 0.000604953 -0.000331987
-0.000331987   0.00706141
 0.00286627 0.000480696
0.000480696 0.000608698
   0.0108899 -0.000832323
-0.000832323  0.000701133
 0.000536021 -0.000289891
-0.000289891   0.00155925
 0.00925504 0.000679724
0.000679724 0.000693317
   0.006156 0.000754743
0.000754743 0.000695883
 0.000497193 -8.70284e-05
-8.70284e-05  0.000516113
0.000494314  0.00011784
 0.00011784 0.000668979
  0.0109454 -0.00836793
-0.00836793  0.00770339
 0.00316865 -0.00540079
-0.00540079   0.0127519
 0.0134307 -0.0127856
-0.0127856  0.0140959
  0.0142236 0.000189001
0.000189001 0.000732628
  0.0101215 -0.00932132
-0.00932132   0.0101565
  0.0103708 -0.00149127
-0.00149127 0.000864156
  0.0131387 -0.00609799
-0.00609799   0.0037646
  0.0104756 -0.00767724
-0.00767724  0.00690316
0.000499874 0.000131967
0.000131967 0.000712701
0.000838892 0.000168062
0.000168062 0.000520179
0.000618498 0.000522681
0.000522681  0.00447679
 0.00985844 -0.00106273
-0.00106273 0.000752387
  0.00128286 -0.000208859
-0.000208859  0.000504134
0.000619603  0.00052318
 0.00052318  0.00458411
0.000563408 0.000352438
0.000352438  0.00376048
  0.00479446 -0.000477638
-0.000477638  0.000595951
 0.00774065 -0.00958702
-0.00958702   0.0141458
 0.00142829 -0.00262301
-0.00262301  0.00984567
  0.00223175 -0.000211989
-0.000211989  0.000505458
 0.000616968 -0.000375691
-0.000375691   0.00773073
0.000522539 0.000233071
0.000233071  0.00124382
0.000466626 0.000119903
0.000119903  0.00104516
 0.000534112 -0.000274165
-0.000274165   0.00319392
 0.00712473 0.000752052
0.000752052 0.000696929
 0.00222049 -0.00431622
-0.00431622   0.0133474
  0.0107701 -0.00607952
-0.00607952   0.0044678
0.000494608 0.000182125
0.000182125  0.00118236
 0.0124784 -0.0123616
-0.0123616  0.0141271
 0.00045737 5.68928e-05
5.68928e-05 0.000528928
0.000848055 -0.00135615
-0.00135615  0.00956719
  0.0103907 -0.00578868
-0.00578868  0.00426493
 0.0132769 -0.0105303
-0.0105303 0.00974641
0.000439033 4.22609e-05
4.22609e-05  0.00054134
0.000543513 0.000241479
0.000241479  0.00108678
 0.00346345 -0.00523843
-0.00523843   0.0108628
 0.00634973 0.000415006
0.000415006 0.000614758
 0.00712572 -0.00911704
-0.00911704   0.0140123
0.000507144 0.000116254
0.000116254 0.000624164
  0.0131677 -0.00996672
-0.00996672  0.00886521
 0.0099211  -0.006954
 -0.006954 0.00612795
0.000649267 0.000124289
0.000124289 0.000516436
  0.0110654 -0.00715254
-0.00715254  0.00575413
  0.00179506 -0.000258948
-0.000258948  0.000518703
 0.000468947 -0.000109216
-0.000109216  0.000717074
0.000496799 5.87064e-05
5.87064e-05 0.000485145
 0.00842723 0.000947361
0.000947361 0.000752608
 0.00468502 0.000466286
0.000466286 0.000608061
 0.0129477 -0.0076804
-0.0076804 0.00562501
 0.00555639 -0.00766168
-0.00766168   0.0130697
0.000700522 0.000752894
0.000752894   0.0089572
 0.0121506 0.00125713
0.00125713  0.0008396
0.000693014 0.000747769
0.000747769  0.00695513
 0.000500436 -0.000213493
-0.000213493   0.00200241
0.000665357 0.000657314
0.000657314  0.00584561
 0.00200963 0.000199665
0.000199665 0.000504856
  0.0128334 -0.00267697
-0.00267697  0.00125566
 0.0102882 -0.0109376
-0.0109376  0.0134977
 0.00051221 6.53708e-05
6.53708e-05 0.000488391
   0.0074515 -0.000535709
-0.000535709  0.000634718
0.000516541 0.000246491
0.000246491  0.00159754
 0.00689603 -0.00737745
-0.00737745  0.00979858
 0.00221695 0.000298138
0.000298138 0.000538788
0.000539687 0.000224815
0.000224815  0.00100666
  0.00209344 -0.000386859
-0.000386859  0.000572786
 0.00139033   0.0001802
  0.0001802 0.000496807
  0.013906  -0.003967
 -0.003967 0.00191532
  0.00332008 -0.000535363
-0.000535363  0.000615282
0.000517185 9.69022e-06
9.69022e-06 0.000461853
  0.0134062 -0.00166434
-0.00166434  0.00088623
 0.00898743 -0.00872373
-0.00872373   0.0101605
   0.0141621 -0.000545529
-0.000545529  0.000721372
 0.00297689 -0.00534329
-0.00534329   0.0136304
 0.00074896 0.000274161
0.000274161   0.0139877
  0.0131784 0.000751655
0.000751655 0.000757634
  0.0135878 -0.00850521
-0.00850521  0.00646102
0.000690986 0.000536286
0.000536286    0.011592
 0.000484798 -0.000173614
-0.000173614   0.00120058
0.000465842  1.0006e-05
 1.0006e-05 0.000434364
 0.00370197 -0.00608721
-0.00608721   0.0133511
 0.000756375 -0.000107358
-0.000107358  0.000464254
  0.0103051 -0.00799727
-0.00799727  0.00755516
  0.00547801 -0.000434012
-0.000434012  0.000593576
  0.0139063 -0.00584245
-0.00584245  0.00337505
 0.0120265 -0.0117518
-0.0117518   0.013215
 0.000504316 -9.50871e-05
-9.50871e-05  0.000527307
  0.00554828 -0.000596457
-0.000596457  0.000628963
  0.0004967 -0.00017828
-0.00017828  0.00229077
 0.0110291 -0.0116357
-0.0116357  0.0142004
  0.0135653 -0.00610271
-0.00610271   0.0036823
  0.0134387 -0.00106673
-0.00106673  0.00075815
 0.000460266 -9.82724e-05
-9.82724e-05  0.000722365
0.000430048 3.80861e-07
3.80861e-07  0.00043512
  0.00273001 -0.000252933
-0.000252933  0.000522406
  0.00262974 -0.000210344
-0.000210344  0.000511453
 0.00415727 -0.00559927
-0.00559927   0.0100786
 0.0138406 -0.0118784
-0.0118784  0.0117541
 0.00112106 0.000247664
0.000247664 0.000554218
0.000961249 -0.00166339
-0.00166339  0.00955837
 0.000584792 -0.000413328
-0.000413328   0.00458474
 0.000576218 -0.000426996
-0.000426996   0.00297722
0.000695124 0.000628322
0.000628322   0.0111276
 0.00919959 -0.00890141
-0.00890141   0.0102885
 0.00677951 -0.00767682
-0.00767682   0.0106615
 0.00648056 0.000660067
0.000660067 0.000669276
0.000452346 4.95856e-05
4.95856e-05 0.000513717
0.00604679 -0.0080021
-0.0080021  0.0129556
0.000509517 4.23773e-05
4.23773e-05 0.000446327
 0.00106492 -0.00192201
-0.00192201  0.00969152
 0.00412473 -0.00655768
-0.00655768   0.0135891
0.000495682 0.000186009
0.000186009  0.00209061
0.00382219 -0.0062549
-0.0062549  0.0135661
 0.00881692 -0.00859848
-0.00859848   0.0100939
0.000693984 0.000661526
0.000661526   0.0105944
 0.000757807 -0.000823709
-0.000823709    0.0139798
0.000678248 0.000616047
0.000616047  0.00954408
  0.00135942 -0.000247578
-0.000247578  0.000523133
 0.00101741 -0.00193052
-0.00193052   0.0106517
 0.00711122   0.0004384
  0.0004384 0.000629593
  0.0120942 0.000990822
0.000990822 0.000770998
0.000701902 0.000774011
0.000774011  0.00780823
  0.0093732 0.000659178
0.000659178 0.000690214
