1.19917e-05 3.30206e-06
3.30206e-06  1.4279e-05
1.17741e-05 2.76129e-06
2.76129e-06 1.52095e-05
1.13813e-05 2.11303e-06
2.11303e-06 1.52879e-05
1.13277e-05 1.42656e-06
1.42656e-06 1.57575e-05
1.14523e-05 1.01219e-06
1.01219e-06 1.61584e-05
1.18458e-05 9.04245e-07
9.04245e-07 1.67551e-05
 1.2072e-05 1.34574e-06
1.34574e-06 1.69334e-05
1.21373e-05 1.85321e-06
1.85321e-06 1.82807e-05
1.21448e-05 2.15316e-06
2.15316e-06 1.93469e-05
1.21251e-05 1.95856e-06
1.95856e-06 2.10624e-05
1.23555e-05 9.61826e-07
9.61826e-07 2.08052e-05
1.29895e-05 3.14076e-07
3.14076e-07 1.98811e-05
 1.40015e-05 -4.89672e-07
-4.89672e-07  1.82302e-05
1.51203e-05 -1.0476e-06
-1.0476e-06  1.8671e-05
1.57678e-05 -1.0603e-06
-1.0603e-06 1.85992e-05
 1.61207e-05 -1.35698e-06
-1.35698e-06  1.90519e-05
 1.71767e-05 -1.58559e-06
-1.58559e-06  1.98467e-05
1.68001e-05 -1.0378e-06
-1.0378e-06 1.95404e-05
 1.67164e-05 -1.62874e-07
-1.62874e-07  1.97935e-05
 1.6939e-05 5.91781e-07
5.91781e-07 1.90219e-05
1.72605e-05 7.04088e-07
7.04088e-07 1.86387e-05
 1.7622e-05 5.85064e-07
5.85064e-07 1.82916e-05
 1.74916e-05 -1.21381e-07
-1.21381e-07  1.79599e-05
 1.73277e-05 -7.71087e-07
-7.71087e-07  1.77272e-05
 1.70908e-05 -1.73815e-06
-1.73815e-06  1.85961e-05
 1.63937e-05 -2.09943e-06
-2.09943e-06  1.87513e-05
  1.5749e-05 -2.76161e-06
-2.76161e-06  1.96541e-05
1.49983e-05 -3.1883e-06
-3.1883e-06 2.07012e-05
 1.41336e-05 -3.00866e-06
-3.00866e-06  2.18638e-05
 1.36026e-05 -3.09908e-06
-3.09908e-06  2.30503e-05
 1.32779e-05 -2.87051e-06
-2.87051e-06  2.23902e-05
 1.33136e-05 -2.72708e-06
-2.72708e-06  2.00516e-05
 1.35144e-05 -2.46383e-06
-2.46383e-06  1.80971e-05
 1.35591e-05 -1.72802e-06
-1.72802e-06  1.69263e-05
 1.33455e-05 -1.08823e-06
-1.08823e-06  1.56785e-05
  1.2848e-05 -4.53298e-07
-4.53298e-07  1.52045e-05
 1.21203e-05 -2.13647e-08
-2.13647e-08  1.53365e-05
1.13519e-05 7.68392e-08
7.68392e-08 1.59433e-05
 1.08331e-05 -5.58154e-08
-5.58154e-08   1.7795e-05
 1.06033e-05 -4.52107e-07
-4.52107e-07  1.79191e-05
 1.06864e-05 -6.38833e-07
-6.38833e-07  1.75421e-05
 1.09452e-05 -5.64671e-07
-5.64671e-07  1.70809e-05
 1.12844e-05 -2.85315e-07
-2.85315e-07   1.7207e-05
1.14299e-05 1.75809e-07
1.75809e-07  1.6974e-05
1.15441e-05 8.26467e-07
8.26467e-07 1.76642e-05
1.17477e-05 1.92362e-06
1.92362e-06 1.97362e-05
1.24219e-05 3.54061e-06
3.54061e-06 2.25273e-05
1.35711e-05 5.25951e-06
5.25951e-06 2.56207e-05
1.48981e-05 6.51738e-06
6.51738e-06 2.83054e-05
1.54115e-05  5.2875e-06
 5.2875e-06 2.55055e-05
1.58763e-05 3.59316e-06
3.59316e-06 2.32707e-05
1.67396e-05 2.23944e-06
2.23944e-06   2.337e-05
1.81482e-05 6.33072e-07
6.33072e-07 2.37208e-05
 2.01039e-05 -9.51272e-07
-9.51272e-07  2.39601e-05
 2.21512e-05 -1.69296e-06
-1.69296e-06   1.8852e-05
 2.46018e-05 -2.21461e-06
-2.21461e-06  1.80056e-05
 2.64607e-05 -2.46204e-06
-2.46204e-06  1.79202e-05
 2.76867e-05 -2.78472e-06
-2.78472e-06  1.83509e-05
 2.72744e-05 -2.59297e-06
-2.59297e-06  1.88467e-05
 2.54008e-05 -1.95759e-06
-1.95759e-06  1.87437e-05
 2.35127e-05 -1.71538e-06
-1.71538e-06  2.01525e-05
  2.187e-05 -2.2447e-06
-2.2447e-06 2.14518e-05
 2.06293e-05 -2.28027e-06
-2.28027e-06  2.18484e-05
1.97936e-05  -2.089e-06
 -2.089e-06 2.17236e-05
 1.90041e-05 -1.22952e-06
-1.22952e-06  2.05976e-05
 1.84453e-05 -3.47069e-07
-3.47069e-07  2.10245e-05
1.80528e-05 1.32479e-06
1.32479e-06   2.286e-05
1.79019e-05 3.71842e-06
3.71842e-06 2.39834e-05
1.83058e-05 6.39282e-06
6.39282e-06 2.66732e-05
1.85077e-05 8.20776e-06
8.20776e-06 2.93178e-05
 1.8046e-05 8.76679e-06
8.76679e-06 2.88988e-05
1.71754e-05 9.18617e-06
9.18617e-06 3.19533e-05
1.54319e-05 6.87372e-06
6.87372e-06 2.92828e-05
1.42935e-05 4.49847e-06
4.49847e-06 2.59802e-05
1.39939e-05 3.02836e-06
3.02836e-06 2.34394e-05
1.39687e-05 2.23055e-06
2.23055e-06 2.16895e-05
1.38622e-05 1.63925e-06
1.63925e-06 2.11173e-05
1.38854e-05 9.87041e-07
9.87041e-07 2.15441e-05
 1.41214e-05 -1.07621e-07
-1.07621e-07   2.0361e-05
 1.51397e-05 -1.09691e-07
-1.09691e-07  1.95674e-05
 1.58044e-05 -2.07194e-07
-2.07194e-07  1.80548e-05
1.70955e-05 5.60731e-07
5.60731e-07 1.81231e-05
1.78009e-05 5.24353e-07
5.24353e-07 1.79162e-05
1.76629e-05 4.95691e-07
4.95691e-07 1.66402e-05
1.78615e-05 9.37471e-07
9.37471e-07 1.62018e-05
1.75979e-05 1.28206e-06
1.28206e-06  1.6699e-05
1.71037e-05 1.15248e-06
1.15248e-06 1.79103e-05
1.62388e-05 5.30501e-07
5.30501e-07  1.9002e-05
 1.53746e-05 -5.64223e-08
-5.64223e-08  2.00697e-05
  1.4949e-05 -8.52902e-07
-8.52902e-07  2.08604e-05
 1.49947e-05 -2.47652e-06
-2.47652e-06  2.13825e-05
 1.50479e-05 -2.80307e-06
-2.80307e-06  2.05179e-05
  1.5115e-05 -2.57705e-06
-2.57705e-06  2.01645e-05
 1.48854e-05 -2.61307e-06
-2.61307e-06  2.12154e-05
 1.48384e-05 -2.09608e-06
-2.09608e-06  2.09843e-05
 1.48542e-05 -1.53866e-06
-1.53866e-06  2.08879e-05
 1.49488e-05 -9.35668e-07
-9.35668e-07  2.14758e-05
 1.50717e-05 -4.14431e-07
-4.14431e-07  2.23104e-05
 1.52655e-05 -2.84341e-07
-2.84341e-07  2.32637e-05
 1.52982e-05 -1.94984e-07
-1.94984e-07  2.36192e-05
2.40264e-05  4.8786e-07
 4.8786e-07 1.53368e-05
2.51813e-05 2.28036e-07
2.28036e-07 1.58391e-05
 2.61636e-05 -4.19245e-07
-4.19245e-07  1.62911e-05
 2.55996e-05 -1.24963e-06
-1.24963e-06  1.67415e-05
  2.4421e-05 -2.05935e-06
-2.05935e-06   1.6805e-05
 2.21977e-05 -2.84826e-06
-2.84826e-06  1.76737e-05
 1.96521e-05 -3.29774e-06
-3.29774e-06  1.90439e-05
 1.7205e-05 -3.1224e-06
-3.1224e-06  2.0261e-05
 1.54144e-05 -2.24484e-06
-2.24484e-06  2.19261e-05
 1.46256e-05 -9.82766e-07
-9.82766e-07  2.14617e-05
 1.47299e-05 -4.27101e-07
-4.27101e-07  2.11162e-05
 1.52215e-05 -5.84765e-07
-5.84765e-07  2.20711e-05
 1.56028e-05 -1.34372e-06
-1.34372e-06  2.42935e-05
 1.57363e-05 -1.41917e-06
-1.41917e-06  2.63993e-05
 1.5978e-05  -7.954e-07
 -7.954e-07 2.85882e-05
1.65021e-05 5.50472e-07
5.50472e-07 2.67657e-05
1.79397e-05 1.57302e-06
1.57302e-06 2.50712e-05
2.04879e-05 2.86742e-06
2.86742e-06 2.38598e-05
2.30783e-05 3.47881e-06
3.47881e-06 2.23458e-05
2.51587e-05 3.94991e-06
3.94991e-06  2.1614e-05
2.56501e-05 4.12809e-06
4.12809e-06 2.16442e-05
2.41892e-05 3.64725e-06
3.64725e-06 2.24052e-05
2.17884e-05 1.93831e-06
1.93831e-06 2.24637e-05
2.05164e-05 -4.3716e-07
-4.3716e-07 2.47481e-05
 2.12016e-05 -4.20744e-06
-4.20744e-06  2.72041e-05
 2.39078e-05 -8.36702e-06
-8.36702e-06  3.05206e-05
 2.60979e-05 -1.11713e-05
-1.11713e-05  3.41305e-05
 2.37338e-05 -7.62957e-06
-7.62957e-06  3.11762e-05
 2.18917e-05 -4.24792e-06
-4.24792e-06  3.20757e-05
2.20068e-05 2.85275e-07
2.85275e-07 3.45713e-05
2.40814e-05 4.05827e-06
4.05827e-06 3.50527e-05
 2.7114e-05 6.94819e-06
6.94819e-06 3.22425e-05
3.02893e-05 7.86963e-06
7.86963e-06 3.20793e-05
 3.2855e-05 7.77175e-06
7.77175e-06 2.73467e-05
 3.6162e-05 7.86642e-06
7.86642e-06 2.96145e-05
3.79371e-05 5.97718e-06
5.97718e-06 2.80861e-05
3.88324e-05  3.9217e-06
 3.9217e-06 2.70408e-05
3.81168e-05 2.00501e-06
2.00501e-06 2.66652e-05
3.51622e-05 2.61686e-07
2.61686e-07 2.61486e-05
3.12242e-05  -6.602e-08
 -6.602e-08 2.65618e-05
2.77489e-05 1.35136e-06
1.35136e-06 2.85611e-05
2.62378e-05 4.44589e-06
4.44589e-06 3.13483e-05
2.76611e-05 8.78766e-06
8.78766e-06 3.62583e-05
 3.1054e-05 1.33614e-05
1.33614e-05 3.98974e-05
3.30696e-05 1.36721e-05
1.36721e-05 3.71074e-05
  3.282e-05 1.13914e-05
1.13914e-05 3.34632e-05
3.13436e-05  8.4125e-06
 8.4125e-06 3.06398e-05
2.93145e-05 5.28269e-06
5.28269e-06 2.79059e-05
2.71386e-05 1.88691e-06
1.88691e-06 2.83049e-05
 2.47837e-05 -5.39045e-07
-5.39045e-07  2.76823e-05
 2.38635e-05 -3.82431e-06
-3.82431e-06  3.15604e-05
 2.31676e-05 -6.49242e-06
-6.49242e-06  3.33682e-05
 2.43422e-05 -1.15051e-05
-1.15051e-05  4.06888e-05
 2.64547e-05 -1.55402e-05
-1.55402e-05  4.18922e-05
 2.89374e-05 -1.79796e-05
-1.79796e-05   4.1286e-05
 2.92763e-05 -1.69624e-05
-1.69624e-05  3.72081e-05
 2.74086e-05 -1.33729e-05
-1.33729e-05  3.11559e-05
 2.52283e-05 -9.74223e-06
-9.74223e-06  2.64827e-05
 2.36744e-05 -6.94036e-06
-6.94036e-06  2.31946e-05
 2.26685e-05 -5.07324e-06
-5.07324e-06  2.11286e-05
 2.13764e-05 -3.47448e-06
-3.47448e-06  1.92882e-05
 1.98342e-05 -2.10976e-06
-2.10976e-06  1.97218e-05
 1.83921e-05 -4.63535e-07
-4.63535e-07  1.95428e-05
1.75739e-05 1.05412e-06
1.05412e-06 1.95439e-05
1.67911e-05 1.70757e-06
1.70757e-06 1.97469e-05
1.57583e-05 1.69215e-06
1.69215e-06 2.14296e-05
1.44571e-05 9.83955e-07
9.83955e-07 2.15851e-05
1.42733e-05 3.98779e-07
3.98779e-07 2.29072e-05
1.48802e-05 1.13902e-07
1.13902e-07 2.16985e-05
1.60419e-05 5.41396e-07
5.41396e-07 1.94154e-05
1.74333e-05 8.38284e-07
8.38284e-07 1.79524e-05
1.88033e-05  1.1092e-06
 1.1092e-06  1.7608e-05
1.99725e-05 9.72117e-07
9.72117e-07 1.81132e-05
2.06951e-05 4.90455e-07
4.90455e-07 1.81678e-05
2.12183e-05 2.63276e-07
2.63276e-07 1.82306e-05
2.13989e-05 3.60417e-07
3.60417e-07 1.82148e-05
2.11539e-05 9.41812e-07
9.41812e-07 1.82672e-05
2.06154e-05 2.01555e-06
2.01555e-06 1.85771e-05
2.04046e-05 3.92106e-06
3.92106e-06 1.99564e-05
2.12196e-05 6.59627e-06
6.59627e-06 2.14723e-05
2.37379e-05 1.04289e-05
1.04289e-05 2.41545e-05
  2.744e-05 1.50136e-05
1.50136e-05 2.75259e-05
3.02636e-05 1.95468e-05
1.95468e-05 3.32152e-05
2.45016e-05 1.54558e-05
1.54558e-05 3.09894e-05
1.94614e-05 1.14837e-05
1.14837e-05 2.98314e-05
1.56116e-05 6.94395e-06
6.94395e-06 2.81679e-05
1.31404e-05 2.34105e-06
2.34105e-06 2.44522e-05
 1.26634e-05 -4.30885e-07
-4.30885e-07  2.49412e-05
 1.29676e-05 -2.16495e-06
-2.16495e-06  2.30847e-05
 1.37244e-05 -3.75405e-06
-3.75405e-06  2.31792e-05
 1.49796e-05 -4.87537e-06
-4.87537e-06  2.17665e-05
 1.67919e-05 -5.93356e-06
-5.93356e-06  2.13487e-05
1.87842e-05 -6.2518e-06
-6.2518e-06 1.98267e-05
 2.06071e-05 -5.80747e-06
-5.80747e-06  1.85364e-05
2.21278e-05 -4.8432e-06
-4.8432e-06 1.72949e-05
2.33712e-05 -3.8209e-06
-3.8209e-06  1.6467e-05
 2.42803e-05 -2.98086e-06
-2.98086e-06  1.59627e-05
 2.50032e-05 -2.70642e-06
-2.70642e-06  1.60223e-05
 2.52429e-05 -2.51764e-06
-2.51764e-06  1.56143e-05
 2.54227e-05 -2.72968e-06
-2.72968e-06  1.55135e-05
1.46977e-05 2.80556e-06
2.80556e-06 2.53225e-05
1.43895e-05 1.45928e-06
1.45928e-06 2.45187e-05
 1.4458e-05 4.40902e-07
4.40902e-07 2.27937e-05
 1.46385e-05 -1.75794e-07
-1.75794e-07  2.20113e-05
 1.46282e-05 -5.45129e-07
-5.45129e-07   2.1877e-05
  1.4315e-05 -8.07527e-07
-8.07527e-07  2.17023e-05
 1.39395e-05 -1.46306e-06
-1.46306e-06  2.29354e-05
 1.37531e-05 -2.52923e-06
-2.52923e-06  2.48034e-05
 1.38329e-05 -3.50227e-06
-3.50227e-06  2.44334e-05
 1.50256e-05 -5.64131e-06
-5.64131e-06  2.70549e-05
 1.60104e-05 -6.94944e-06
-6.94944e-06   2.7348e-05
1.62654e-05 -6.7836e-06
-6.7836e-06 2.69491e-05
 1.65914e-05 -6.48794e-06
-6.48794e-06  2.71377e-05
  1.654e-05 -5.2417e-06
-5.2417e-06 2.68433e-05
 1.62195e-05 -3.12517e-06
-3.12517e-06  2.54469e-05
 1.63201e-05 -1.12371e-06
-1.12371e-06  2.48213e-05
1.67384e-05 5.53123e-07
5.53123e-07 2.21438e-05
1.75768e-05 2.01872e-06
2.01872e-06 2.26918e-05
1.82646e-05 2.68034e-06
2.68034e-06 2.26279e-05
1.88217e-05 2.88059e-06
2.88059e-06 2.31131e-05
1.90377e-05  2.4856e-06
 2.4856e-06 2.25619e-05
1.88622e-05 9.86482e-07
9.86482e-07 2.11348e-05
 1.87962e-05 -3.60314e-07
-3.60314e-07   2.0055e-05
1.88234e-05 -1.0588e-06
-1.0588e-06  2.0489e-05
 1.84718e-05 -1.53186e-06
-1.53186e-06  2.05141e-05
 1.78245e-05 -1.37824e-06
-1.37824e-06  2.06568e-05
 1.71018e-05 -5.73372e-07
-5.73372e-07  2.08019e-05
 1.6572e-05 8.09926e-07
8.09926e-07 2.01902e-05
1.67374e-05 2.56209e-06
2.56209e-06 2.29393e-05
1.65722e-05 3.20455e-06
3.20455e-06 2.26354e-05
1.58138e-05 2.79023e-06
2.79023e-06 2.09604e-05
1.49712e-05  1.7758e-06
 1.7758e-06 2.08231e-05
1.43074e-05 4.27526e-07
4.27526e-07 2.03862e-05
 1.40764e-05 -8.28313e-07
-8.28313e-07  2.17071e-05
 1.42053e-05 -2.08255e-06
-2.08255e-06  2.39088e-05
 1.43474e-05 -2.27715e-06
-2.27715e-06  2.33946e-05
 1.47516e-05 -2.14278e-06
-2.14278e-06   2.2346e-05
 1.54093e-05 -1.77296e-06
-1.77296e-06  2.10967e-05
 1.60732e-05 -9.11253e-07
-9.11253e-07  1.88358e-05
 1.68978e-05 -1.47366e-07
-1.47366e-07  1.87165e-05
1.76603e-05 7.52502e-07
7.52502e-07   1.885e-05
1.80853e-05 1.41592e-06
1.41592e-06   1.874e-05
 1.8169e-05 1.95121e-06
1.95121e-06 1.88827e-05
1.80402e-05 2.56746e-06
2.56746e-06 1.98115e-05
1.74444e-05 2.62749e-06
2.62749e-06 2.01643e-05
1.67491e-05 2.34845e-06
2.34845e-06 2.04611e-05
1.59995e-05 2.00203e-06
2.00203e-06 2.05958e-05
1.53452e-05  1.4636e-06
 1.4636e-06 2.13761e-05
1.47254e-05 1.17527e-06
1.17527e-06 2.17022e-05
1.42137e-05 1.38505e-06
1.38505e-06 2.27029e-05
1.40441e-05 2.53991e-06
2.53991e-06 2.48769e-05
1.47554e-05 5.07564e-06
5.07564e-06 2.94616e-05
1.61739e-05 7.27755e-06
7.27755e-06 3.10991e-05
1.76921e-05 8.66393e-06
8.66393e-06 3.34115e-05
1.86695e-05 7.98466e-06
7.98466e-06 3.27778e-05
2.06135e-05 7.02568e-06
7.02568e-06 3.22219e-05
2.24183e-05 6.51215e-06
6.51215e-06  3.3196e-05
2.26777e-05 2.64354e-06
2.64354e-06 2.86919e-05
2.56748e-05 8.01863e-07
8.01863e-07 2.96198e-05
 2.91309e-05 -6.59357e-07
-6.59357e-07  2.99906e-05
 3.34203e-05 -1.22319e-06
-1.22319e-06  3.03225e-05
 3.74864e-05 -8.50772e-07
-8.50772e-07  3.11878e-05
 4.04409e-05 -1.18007e-07
-1.18007e-07  3.28229e-05
 4.06704e-05 -2.41455e-06
-2.41455e-06  2.94771e-05
  4.2059e-05 -5.90491e-06
-5.90491e-06  2.89259e-05
   4.166e-05 -7.35344e-06
-7.35344e-06  2.78606e-05
 4.36078e-05 -9.34624e-06
-9.34624e-06  2.99286e-05
  4.0998e-05 -1.03998e-05
-1.03998e-05  3.08343e-05
 3.90326e-05 -1.11556e-05
-1.11556e-05  3.40609e-05
 3.73972e-05 -1.31532e-05
-1.31532e-05  3.59744e-05
 3.82079e-05 -1.67238e-05
-1.67238e-05  4.02337e-05
 4.40007e-05 -2.58973e-05
-2.58973e-05  5.19878e-05
 5.09033e-05 -3.31432e-05
-3.31432e-05  5.77722e-05
 5.99473e-05 -4.20834e-05
-4.20834e-05  6.75474e-05
 6.62154e-05 -4.53307e-05
-4.53307e-05  7.01039e-05
4.86566e-05 -2.5574e-05
-2.5574e-05 4.80036e-05
 4.25929e-05 -1.89252e-05
-1.89252e-05  4.07503e-05
 3.99495e-05 -1.67396e-05
-1.67396e-05  4.30215e-05
 3.61935e-05 -1.45571e-05
-1.45571e-05  4.18277e-05
  3.1568e-05 -1.23497e-05
-1.23497e-05  4.23882e-05
 2.66459e-05 -9.15773e-06
-9.15773e-06  4.36997e-05
 2.26881e-05 -4.87343e-06
-4.87343e-06  4.61587e-05
2.07353e-05 4.78282e-07
4.78282e-07 4.86059e-05
2.28304e-05 1.00618e-05
1.00618e-05 5.98876e-05
2.56269e-05 1.60674e-05
1.60674e-05 6.19288e-05
 2.8731e-05 2.06837e-05
2.06837e-05 5.67525e-05
3.13725e-05 2.21304e-05
2.21304e-05 5.22092e-05
3.21682e-05 2.08087e-05
2.08087e-05 4.62322e-05
3.01033e-05 1.66622e-05
1.66622e-05 3.93012e-05
 2.7684e-05 1.26274e-05
1.26274e-05 3.37389e-05
2.75496e-05  1.1974e-05
 1.1974e-05 3.44172e-05
2.56883e-05 8.46438e-06
8.46438e-06 3.11152e-05
2.43347e-05 5.06346e-06
5.06346e-06 2.77845e-05
2.41024e-05 2.71446e-06
2.71446e-06 2.70413e-05
2.44985e-05 5.42183e-07
5.42183e-07 2.52948e-05
 2.54293e-05 -1.31059e-06
-1.31059e-06  2.38228e-05
 2.66861e-05 -2.92779e-06
-2.92779e-06  2.25415e-05
 2.80375e-05 -4.38899e-06
-4.38899e-06  2.14092e-05
 2.92628e-05 -5.76221e-06
-5.76221e-06  2.04103e-05
 3.11797e-05 -7.81997e-06
-7.81997e-06  2.03335e-05
1.94403e-05 8.90513e-06
8.90513e-06 3.14058e-05
1.61034e-05 4.50231e-06
4.50231e-06 2.79678e-05
1.49999e-05 1.75171e-06
1.75171e-06 2.56354e-05
  1.4534e-05 -5.84776e-08
-5.84776e-08  2.34925e-05
 1.47771e-05 -1.17508e-06
-1.17508e-06  2.23402e-05
 1.5203e-05 -1.9376e-06
-1.9376e-06 2.14762e-05
 1.54777e-05 -2.01603e-06
-2.01603e-06  1.97934e-05
 1.56342e-05 -2.19842e-06
-2.19842e-06  1.89303e-05
 1.55805e-05 -2.31273e-06
-2.31273e-06  1.87584e-05
 1.57715e-05 -3.32306e-06
-3.32306e-06  2.04597e-05
 1.58805e-05 -4.23528e-06
-4.23528e-06  2.17428e-05
 1.72696e-05 -5.96728e-06
-5.96728e-06  2.37693e-05
1.82282e-05 -6.7055e-06
-6.7055e-06 2.35294e-05
 1.84556e-05 -6.92437e-06
-6.92437e-06  2.34258e-05
 1.74754e-05 -5.76563e-06
-5.76563e-06  2.19634e-05
  1.6597e-05 -4.81595e-06
-4.81595e-06  2.08929e-05
 1.56669e-05 -4.13968e-06
-4.13968e-06   2.0085e-05
 1.4956e-05 -3.8864e-06
-3.8864e-06 2.07821e-05
 1.38306e-05 -2.88577e-06
-2.88577e-06  2.11418e-05
 1.30915e-05 -1.78723e-06
-1.78723e-06  2.15523e-05
 1.27196e-05 -6.40694e-07
-6.40694e-07  2.08136e-05
1.25634e-05 1.68419e-07
1.68419e-07 2.06721e-05
1.26481e-05 1.12321e-06
1.12321e-06 2.26166e-05
1.32358e-05 2.50348e-06
2.50348e-06 2.44782e-05
1.43551e-05 3.67531e-06
3.67531e-06 2.53429e-05
1.56356e-05 3.92893e-06
3.92893e-06 2.46396e-05
1.69718e-05 3.61345e-06
3.61345e-06 2.24251e-05
1.83809e-05 3.31723e-06
3.31723e-06 2.10058e-05
1.98264e-05 2.99425e-06
2.99425e-06 2.08977e-05
2.12365e-05 2.78343e-06
2.78343e-06 2.13747e-05
2.21318e-05  1.9673e-06
 1.9673e-06 2.02544e-05
2.29036e-05 1.71203e-06
1.71203e-06 2.05379e-05
2.33793e-05 1.79679e-06
1.79679e-06 2.13813e-05
2.34473e-05 1.71507e-06
1.71507e-06 2.25011e-05
2.25719e-05 1.42474e-06
1.42474e-06 2.21634e-05
2.16625e-05 1.74429e-06
1.74429e-06  2.3272e-05
2.06561e-05 2.13591e-06
2.13591e-06 2.48293e-05
1.99208e-05 2.82851e-06
2.82851e-06 2.75259e-05
1.95941e-05 3.12561e-06
3.12561e-06 3.00793e-05
1.94209e-05 2.57425e-06
2.57425e-06 2.77894e-05
1.97361e-05 2.53864e-06
2.53864e-06 2.69579e-05
2.00703e-05 1.90697e-06
1.90697e-06 2.45763e-05
2.03038e-05 1.13926e-06
1.13926e-06 2.36854e-05
 2.03476e-05 -9.66561e-07
-9.66561e-07  2.34614e-05
 2.06775e-05 -2.89303e-06
-2.89303e-06  2.46217e-05
 2.19485e-05 -5.97795e-06
-5.97795e-06  2.69393e-05
 2.28147e-05 -7.68084e-06
-7.68084e-06  2.73654e-05
  2.2807e-05 -7.98282e-06
-7.98282e-06  2.71395e-05
 2.14437e-05 -6.07258e-06
-6.07258e-06  2.47967e-05
 2.02643e-05 -3.70166e-06
-3.70166e-06  2.39157e-05
 1.98807e-05 -1.50359e-06
-1.50359e-06  2.14699e-05
2.04952e-05 6.50727e-09
6.50727e-09 2.03625e-05
2.12263e-05 9.54166e-07
9.54166e-07 1.90241e-05
2.11649e-05 9.44308e-07
9.44308e-07 1.77769e-05
1.99856e-05 5.78894e-07
5.78894e-07 1.68289e-05
 1.8093e-05 1.76611e-07
1.76611e-07 1.65747e-05
 1.59645e-05 -3.96292e-08
-3.96292e-08  1.70703e-05
1.41296e-05 4.20215e-07
4.20215e-07  1.8881e-05
1.29708e-05 1.28374e-06
1.28374e-06 2.29615e-05
1.23984e-05 1.79251e-06
1.79251e-06 2.23967e-05
1.21933e-05   1.446e-06
  1.446e-06 2.05205e-05
1.23891e-05 8.69303e-07
8.69303e-07 1.83244e-05
1.30416e-05 6.74771e-07
6.74771e-07 1.64989e-05
1.39958e-05 9.76903e-07
9.76903e-07 1.57204e-05
1.46248e-05 1.10392e-06
1.10392e-06  1.5009e-05
1.48902e-05 1.42441e-06
1.42441e-06 1.44305e-05
1.45589e-05 1.62489e-06
1.62489e-06 1.45481e-05
1.37375e-05 1.67999e-06
1.67999e-06 1.48025e-05
1.27392e-05  1.5665e-06
 1.5665e-06 1.54246e-05
1.18693e-05 1.14572e-06
1.14572e-06 1.64475e-05
1.13158e-05 5.51121e-07
5.51121e-07 1.68163e-05
1.10121e-05 3.84979e-07
3.84979e-07 1.60126e-05
1.08205e-05 4.00823e-07
4.00823e-07  1.5243e-05
1.06733e-05 3.23199e-07
3.23199e-07 1.42828e-05
1.07966e-05 2.87069e-07
2.87069e-07 1.37546e-05
 1.10529e-05 -4.87564e-08
-4.87564e-08  1.29973e-05
 1.15325e-05 -5.98383e-07
-5.98383e-07  1.24675e-05
 1.21487e-05 -1.01751e-06
-1.01751e-06  1.18266e-05
 1.26888e-05 -1.42571e-06
-1.42571e-06  1.19969e-05
 1.25314e-05 -1.28345e-06
-1.28345e-06  1.17456e-05
 1.18552e-05 -9.96141e-07
-9.96141e-07  1.20123e-05
 1.10328e-05 -6.32453e-07
-6.32453e-07  1.26889e-05
 1.0247e-05  3.6168e-08
 3.6168e-08 1.30722e-05
9.79526e-06  6.8947e-07
 6.8947e-07 1.32081e-05
9.62735e-06 1.16974e-06
1.16974e-06  1.3035e-05
9.53523e-06 1.39136e-06
1.39136e-06 1.26804e-05
9.11187e-06 1.13185e-06
1.13185e-06 1.27572e-05
8.70261e-06 8.41351e-07
8.41351e-07 1.27521e-05
8.21489e-06 2.04384e-07
2.04384e-07 1.30313e-05
8.03433e-06  -5.348e-07
 -5.348e-07 1.35932e-05
 8.24435e-06 -1.34745e-06
-1.34745e-06  1.43232e-05
 8.54591e-06 -1.68103e-06
-1.68103e-06  1.39109e-05
 8.99724e-06 -1.54867e-06
-1.54867e-06  1.37746e-05
 9.39447e-06 -1.18353e-06
-1.18353e-06  1.31508e-05
 9.9626e-06 -8.6414e-07
-8.6414e-07 1.29352e-05
 1.06664e-05 -9.14074e-07
-9.14074e-07   1.3086e-05
 1.13871e-05 -1.46925e-06
-1.46925e-06  1.27678e-05
 1.24329e-05 -2.02453e-06
-2.02453e-06  1.26384e-05
 1.35037e-05 -2.57784e-06
-2.57784e-06  1.25266e-05
 1.43471e-05 -3.07315e-06
-3.07315e-06  1.24369e-05
