  0.0425371 0.000374341
0.000374341   0.0402028
 0.0417113 0.00362148
0.00362148  0.0509175
  0.0401134 0.000122147
0.000122147   0.0404999
  0.0417995 0.000298522
0.000298522   0.0401776
   0.040296 0.000564956
0.000564956   0.0458765
  0.0407377 0.000151061
0.000151061   0.0401221
 0.0512936 0.00825374
0.00825374  0.0468828
  0.0417307 0.000231681
0.000231681   0.0401578
  0.050504 0.00376303
0.00376303   0.041821
  0.0403947 0.000179461
0.000179461   0.0401577
   0.0424381 -0.000622827
-0.000622827     0.040366
 0.0548407 0.00111882
0.00111882  0.0404574
 0.055481 0.0142882
0.0142882  0.054636
  0.0403129 0.000641279
0.000641279   0.0458882
 0.0403732 0.00016224
0.00016224  0.0401431
0.0552353 0.0113346
0.0113346  0.049337
  0.0427157 0.000455964
0.000455964   0.0402291
   0.0401573 -0.000145765
-0.000145765    0.0407749
  0.0405554 -0.00125119
-0.00125119   0.0525363
   0.0404085 -0.000735789
-0.000735789    0.0494632
    0.040366 -0.000730918
-0.000730918    0.0467402
 0.0539481 0.00426104
0.00426104  0.0417382
   0.0401883 -1.89385e-05
-1.89385e-05    0.0401229
  0.0467526 0.000415172
0.000415172   0.0402623
  0.0402257 0.000384848
0.000384848   0.0431165
 0.0401294 0.00014827
0.00014827  0.0409366
  0.0417855 0.000209606
0.000209606   0.0401534
  0.0402192 0.000383578
0.000383578    0.042035
   0.0403171 -0.000603866
-0.000603866     0.043807
  0.0401192 0.000109532
0.000109532   0.0402322
0.0542884 0.0141977
0.0141977  0.055649
 0.0513551 0.00892525
0.00892525  0.0479413
0.0533754 0.0135617
0.0135617 0.0551356
 0.0402986 0.00050501
0.00050501    0.04682
 0.0424621 0.00440758
0.00440758  0.0504728
   0.0402782 -0.000494839
-0.000494839    0.0436335
  0.040126 0.00014218
0.00014218  0.0404423
 0.0510517 0.00598753
0.00598753  0.0438767
   0.0401431 -8.97059e-05
-8.97059e-05    0.0403794
   0.0545292 -0.000428205
-0.000428205    0.0404213
0.0542979 0.0136103
0.0136103 0.0542408
0.0549539 0.0105303
0.0105303 0.0482515
  0.0444765 0.000254644
0.000254644   0.0402091
  0.0401932 0.000292452
0.000292452   0.0424842
0.0550349 0.0103409
0.0103409 0.0479292
   0.0402949 -0.000327712
-0.000327712    0.0408852
    0.04135 -0.00035988
-0.00035988   0.0402662
   0.0494476 -0.000750089
-0.000750089    0.0403884
 0.0510736 0.00639942
0.00639942  0.0443653
  0.0506536 0.000725777
0.000725777   0.0403612
 0.0515896 0.00168477
0.00168477  0.0405709
  0.0409877 0.000257434
0.000257434   0.0401696
  0.0448607 0.000203553
0.000203553   0.0402116
   0.0401826 -4.31788e-05
-4.31788e-05    0.0401484
 0.0514841 0.00774293
0.00774293  0.0459912
 0.0516611 0.00788913
0.00788913  0.0461075
 0.0429117 0.00580833
0.00580833  0.0545876
 0.0512387 0.00670761
0.00670761  0.0446862
 0.0451237 0.00816919
0.00816919  0.0552833
 0.0453809 0.00687137
0.00687137  0.0505229
  0.0401203 0.000102244
0.000102244   0.0401912
  0.0405632 -0.00123411
-0.00123411   0.0533309
0.0438606 0.0060233
0.0060233 0.0514766
 0.0539857 0.00875523
0.00875523  0.0461935
  0.0428733 0.000337042
0.000337042   0.0401957
 0.055187 0.0105922
0.0105922 0.0482235
 0.0431175 0.00526828
0.00526828  0.0512095
   0.0431524 -0.000571528
-0.000571528     0.040309
 0.0418719 0.00437572
0.00437572  0.0541316
 0.0517729 0.00253686
0.00253686   0.040903
   0.0488299 -0.000977542
-0.000977542    0.0404334
  0.0405683 -0.00107032
-0.00107032   0.0545429
0.0517648  0.011028
 0.011028 0.0514514
 0.0415234 0.00326381
0.00326381  0.0504844
 0.0408898 0.00221614
0.00221614  0.0509964
0.0543939 0.0125097
0.0125097 0.0519287
  0.0402773 0.000507898
0.000507898    0.045257
  0.0402786 0.000483784
0.000483784   0.0457328
 0.0464064 0.00895591
0.00895591  0.0543669
  0.0441859 0.000174798
0.000174798   0.0401977
  0.0405063 -0.00112646
-0.00112646   0.0498213
  0.0402502 -8.7423e-05
-8.7423e-05   0.0401986
 0.0546547 0.00892747
0.00892747  0.0461481
  0.046515 0.00934235
0.00934235  0.0554222
   0.0405266 -0.000142241
-0.000142241    0.0401758
0.0544892 0.0118095
0.0118095 0.0506022
   0.0402827 -0.000493827
-0.000493827    0.0428162
 0.0419631 0.00400008
0.00400008  0.0511489
   0.0401876 -0.000227098
-0.000227098    0.0413712
 0.0545993 0.00287974
0.00287974  0.0409568
0.0476716 0.0100295
0.0100295 0.0548683
 0.0547737 0.00770536
0.00770536  0.0446496
  0.042748 0.00475482
0.00475482  0.0506671
  0.0407297 0.000230489
0.000230489   0.0401645
 0.0421613 0.00039857
0.00039857  0.0402116
  0.0402624 9.18744e-05
9.18744e-05   0.0400911
   0.0402167 -0.000214651
-0.000214651     0.040684
  0.0406618 0.000207104
0.000207104   0.0401525
0.0529661 0.0131408
0.0131408  0.054629
  0.0546546 0.000473376
0.000473376   0.0403925
   0.0402072 -0.000182411
-0.000182411    0.0405528
0.0528579 0.0133707
0.0133707 0.0553075
 0.0516757 0.00556009
0.00556009  0.0432038
  0.0403941 0.000684023
0.000684023   0.0514648
   0.0456848 -0.000600445
-0.000600445    0.0403104
   0.0402253 -0.000235533
-0.000235533    0.0407586
   0.0543518 -0.000703955
-0.000703955    0.0404572
  0.0401256 5.53535e-06
5.53535e-06   0.0401599
  0.041416 0.00328616
0.00328616   0.051399
  0.040935 0.00216479
0.00216479  0.0502524
  0.0401841 0.000187982
0.000187982   0.0429345
   0.0401785 -0.000181233
-0.000181233    0.0407978
  0.0406175 -0.00103939
-0.00103939   0.0553395
 0.0551601 0.00977624
0.00977624  0.0470698
  0.0433928 0.000534693
0.000534693   0.0402531
  0.0405049 8.21181e-05
8.21181e-05   0.0400937
 0.0419339 0.00456354
0.00456354  0.0550637
 0.0514387 0.00761362
0.00761362  0.0458283
  0.0402189 -0.00027583
-0.00027583   0.0411807
   0.0545953 -0.000947708
-0.000947708    0.0405127
 0.0419807 0.00413669
0.00413669  0.0516834
   0.040124 9.83626e-06
9.83626e-06   0.0401576
0.0502572 0.0114525
0.0114525    0.0542
   0.0401993 -0.000262233
-0.000262233    0.0419202
 0.0541386 0.00734811
0.00734811  0.0444314
  0.051629 0.00672718
0.00672718  0.0445467
 0.0511137 0.00986292
0.00986292  0.0498347
  0.0404801 -0.00107691
-0.00107691   0.0483988
 0.0451209 0.00816326
0.00816326  0.0552687
  0.0401766 8.46034e-05
8.46034e-05   0.0400939
 0.0540436 0.00848223
0.00848223   0.045813
   0.0403136 -0.000587968
-0.000587968    0.0449901
0.0510806 0.0058891
0.0058891 0.0437522
  0.0415505 0.000183268
0.000183268   0.0401443
 0.0516362 0.00761523
0.00761523   0.045727
   0.0422508 -0.000505868
-0.000505868    0.0403044
  0.0552241 -0.00102364
-0.00102364   0.0405601
0.0550508  0.014349
 0.014349 0.0552087
   0.0405528 -0.000969648
-0.000969648    0.0546757
   0.0401709 -7.44608e-05
-7.44608e-05    0.0402222
0.0538178 0.0138111
0.0138111 0.0552202
  0.0403572 -0.00068498
-0.00068498   0.0434476
  0.0402309 0.000293831
0.000293831   0.0444855
 0.0506762 0.00808389
0.00808389  0.0470301
  0.0479858 0.000418892
0.000418892   0.0402834
  0.0451639 0.000605733
0.000605733   0.0402756
  0.0401636 0.000236771
0.000236771   0.0411657
 0.0428056 0.00477118
0.00477118  0.0505232
   0.05435 0.00614631
0.00614631  0.0431782
0.0554723 0.0124177
0.0124177 0.0509738
 0.0481222 0.00913273
0.00913273  0.0516787
  0.0455466 0.000675576
0.000675576   0.0402942
 0.0453043 0.00709332
0.00709332  0.0512424
0.0489211 0.0107476
0.0107476 0.0545173
   0.0402207 -0.000191126
-0.000191126    0.0405359
 0.0510642 0.00868209
0.00868209  0.0477469
   0.0416595 -0.000307274
-0.000307274    0.0402184
 0.0478628 0.00998877
0.00998877  0.0543436
 0.0501618 0.00974923
0.00974923  0.0505576
   0.0436176 -0.000503813
-0.000503813     0.040277
 0.0553603 0.00141448
0.00141448  0.0405171
  0.0510629 0.000226505
0.000226505   0.0403326
 0.0507257 0.00310257
0.00310257  0.0413127
 0.0406111 -0.0010043
-0.0010043  0.0553434
 0.0439967 0.00616951
0.00616951  0.0515683
   0.0403229 -0.000499275
-0.000499275    0.0418452
 0.0457933 0.00054041
0.00054041  0.0402672
0.0524726 0.0131838
0.0131838 0.0553507
  0.0455976 0.000596534
0.000596534   0.0402765
