8.96139e-06 8.93282e-08
8.93282e-08 6.05538e-06
 9.83332e-06 -4.00484e-07
-4.00484e-07  7.08561e-06
 8.26704e-06 -4.03195e-07
-4.03195e-07  6.14185e-06
 8.20486e-06 -2.35289e-07
-2.35289e-07  7.44479e-06
8.78229e-06 7.63536e-08
7.63536e-08 8.08199e-06
7.69563e-06 3.39529e-07
3.39529e-07 7.98969e-06
 7.45491e-06 -5.17657e-08
-5.17657e-08  7.75127e-06
 1.40723e-05 -1.05346e-07
-1.05346e-07  8.86412e-06
7.15052e-06 3.68653e-07
3.68653e-07 9.48108e-06
8.70351e-06 2.52397e-07
2.52397e-07 5.59222e-06
 6.9144e-06 4.32057e-07
4.32057e-07 5.94972e-06
 6.99763e-06 -4.36109e-07
-4.36109e-07  8.11376e-06
6.85703e-06  3.2676e-08
 3.2676e-08 7.25062e-06
7.70706e-06 2.78792e-08
2.78792e-08 8.23983e-06
6.79455e-06 3.90584e-07
3.90584e-07 7.43388e-06
 6.42677e-06 -4.51283e-07
-4.51283e-07  6.55915e-06
1.00995e-05 2.01686e-07
2.01686e-07 6.84379e-06
 7.25463e-06 -9.36619e-08
-9.36619e-08  7.20183e-06
7.33932e-06 3.74869e-08
3.74869e-08 5.52323e-06
1.07236e-05 7.08365e-07
7.08365e-07 6.33716e-06
2.42131e-05 1.14886e-05
1.14886e-05 2.34914e-05
 8.44033e-06 -1.17045e-07
-1.17045e-07  7.79549e-06
7.42122e-06 -6.5463e-08
-6.5463e-08 7.46923e-06
1.47107e-05 3.03283e-06
3.03283e-06 8.71112e-06
  5.1228e-06 -2.70358e-07
-2.70358e-07  7.04384e-06
1.03294e-05 8.69639e-08
8.69639e-08 6.80278e-06
 6.8813e-06 4.84011e-07
4.84011e-07 6.69872e-06
6.08952e-06 2.06374e-08
2.06374e-08 6.27753e-06
 8.02051e-06 -8.13227e-08
-8.13227e-08  7.51805e-06
5.91093e-06 -5.5857e-08
-5.5857e-08 5.09867e-06
 6.77458e-06 -1.10779e-07
-1.10779e-07  7.18135e-06
 1.83777e-05 -4.54456e-06
-4.54456e-06  1.07002e-05
 5.94636e-06 -3.85877e-07
-3.85877e-07  6.64593e-06
 6.41817e-06 -4.82167e-07
-4.82167e-07  5.66022e-06
 8.91649e-06 -8.45442e-08
-8.45442e-08  8.22432e-06
 7.66691e-06 -8.85274e-08
-8.85274e-08  7.59901e-06
  1.0883e-05 -3.17386e-07
-3.17386e-07   7.3599e-06
8.44932e-06 9.28574e-08
9.28574e-08 9.11094e-06
8.10484e-06 6.11023e-08
6.11023e-08 5.73873e-06
8.36826e-06 -1.0841e-07
-1.0841e-07 7.56608e-06
 7.7981e-06 4.12366e-07
4.12366e-07 7.16247e-06
 8.05032e-06 -8.02235e-07
-8.02235e-07  1.35806e-05
 1.60444e-05 -3.92577e-06
-3.92577e-06  9.71562e-06
9.88326e-06 -4.4893e-09
-4.4893e-09 8.51196e-06
8.41531e-06  6.0918e-08
 6.0918e-08 8.92152e-06
 5.98626e-06 -8.20188e-08
-8.20188e-08  7.82114e-06
9.22909e-06 3.85243e-09
3.85243e-09 8.35098e-06
 7.64896e-06 -4.00747e-08
-4.00747e-08  7.04329e-06
 1.0939e-05 5.12408e-06
5.12408e-06 1.35965e-05
 4.79315e-06 -8.74444e-07
-8.74444e-07  4.94968e-06
  6.5644e-06 -6.72214e-08
-6.72214e-08   6.9926e-06
 7.82818e-06 -3.63265e-07
-3.63265e-07  7.46128e-06
 6.33476e-06 -3.73738e-07
-3.73738e-07  8.53991e-06
 8.59596e-06 -1.08698e-07
-1.08698e-07   9.2169e-06
 9.14823e-06 -2.10294e-08
-2.10294e-08  9.94738e-06
 1.40765e-05 -5.56305e-08
-5.56305e-08    8.895e-06
 9.07354e-06 -7.02627e-08
-7.02627e-08   8.3687e-06
 8.05387e-06 -1.07251e-09
-1.07251e-09  7.66744e-06
6.69122e-06 3.77048e-08
3.77048e-08 5.53592e-06
   8.781e-06 -7.39061e-08
-7.39061e-08  7.85696e-06
5.77747e-06 8.66119e-07
8.66119e-07 5.22751e-06
7.42027e-06 7.12609e-08
7.12609e-08 8.20752e-06
7.11666e-06 5.50948e-07
5.50948e-07 6.42925e-06
8.69074e-06 2.69506e-07
2.69506e-07 7.94663e-06
 5.82465e-06 -9.39259e-07
-9.39259e-07  6.04061e-06
 6.42656e-06 -4.06591e-07
-4.06591e-07  8.02305e-06
  7.1992e-06 -4.01862e-08
-4.01862e-08  6.08879e-06
5.55919e-06 -1.7216e-08
-1.7216e-08 7.17786e-06
  2.102e-05 8.52715e-06
8.52715e-06 1.66367e-05
 1.13639e-05 -4.52907e-06
-4.52907e-06  1.91625e-05
6.36135e-06 -9.7266e-07
-9.7266e-07 6.20528e-06
7.44848e-06 3.59882e-07
3.59882e-07 6.90838e-06
 8.19695e-06 -4.34877e-08
-4.34877e-08  6.55675e-06
7.92741e-06 1.12356e-08
1.12356e-08 7.85672e-06
6.58038e-06   -3.97e-07
  -3.97e-07 8.09048e-06
 8.46694e-06 -3.54566e-07
-3.54566e-07  7.40437e-06
7.99974e-06 9.64877e-08
9.64877e-08  7.9796e-06
7.72948e-06 6.72591e-07
6.72591e-07 7.19816e-06
7.20453e-06 -1.1284e-07
-1.1284e-07 6.87818e-06
7.97444e-06 9.88682e-08
9.88682e-08 7.89358e-06
 7.2785e-06 6.90478e-08
6.90478e-08 6.27563e-06
 7.57869e-06 -1.32959e-07
-1.32959e-07  7.75289e-06
 1.00565e-05 -3.36804e-07
-3.36804e-07  8.42342e-06
 9.40656e-06 -5.78267e-08
-5.78267e-08  9.44732e-06
5.58665e-06 4.48293e-08
4.48293e-08 6.09007e-06
  6.656e-06 1.22595e-07
1.22595e-07 5.81383e-06
7.12605e-06 -1.5517e-07
-1.5517e-07 7.81325e-06
 5.76901e-06 -1.33387e-07
-1.33387e-07  5.21472e-06
7.10957e-06 7.11001e-09
7.11001e-09 5.73789e-06
8.09195e-06 2.93378e-07
2.93378e-07 7.44815e-06
 7.8659e-06 6.76034e-08
6.76034e-08 9.24956e-06
8.02539e-06 9.62403e-08
9.62403e-08 6.72995e-06
6.47323e-06 -1.3318e-07
-1.3318e-07 6.53367e-06
1.88009e-05 4.98053e-06
4.98053e-06 1.11946e-05
  5.4578e-06 -4.14384e-07
-4.14384e-07  6.65662e-06
9.84276e-06 1.62035e-07
1.62035e-07 8.61839e-06
8.61455e-06 1.53128e-07
1.53128e-07 8.25483e-06
6.53793e-06 -4.2844e-07
-4.2844e-07 6.91663e-06
 4.84646e-06 -4.34215e-07
-4.34215e-07   5.0127e-06
 7.60662e-06 -2.31596e-07
-2.31596e-07  9.09616e-06
5.53906e-06 2.20562e-08
2.20562e-08 6.76142e-06
5.23088e-06 1.34643e-07
1.34643e-07  6.4636e-06
 9.41635e-06 -2.10618e-07
-2.10618e-07  8.33428e-06
 6.73153e-06 -3.77847e-07
-3.77847e-07  9.12219e-06
 6.52638e-06 -5.00696e-07
-5.00696e-07  6.21515e-06
8.92651e-06  6.0644e-08
 6.0644e-08 1.02227e-05
 9.42181e-06 -4.55645e-07
-4.55645e-07  7.29475e-06
7.18407e-06 6.36359e-09
6.36359e-09 5.64552e-06
 6.98998e-06 -1.33763e-08
-1.33763e-08  6.72255e-06
 5.95373e-06 -1.77176e-07
-1.77176e-07  6.06167e-06
6.63677e-06 5.16159e-08
5.16159e-08 1.07499e-05
9.77659e-06 4.55684e-07
4.55684e-07 7.71191e-06
6.61496e-06 7.24191e-08
7.24191e-08 7.46408e-06
7.26064e-06 1.40394e-08
1.40394e-08 5.67292e-06
6.20688e-06 1.25098e-08
1.25098e-08 6.96892e-06
  7.226e-06 5.59883e-07
5.59883e-07 8.87221e-06
 1.97399e-05 -5.01919e-06
-5.01919e-06  1.13747e-05
8.07219e-06 3.83728e-07
3.83728e-07 9.06379e-06
6.41617e-06 5.77428e-08
5.77428e-08  5.6531e-06
8.23115e-06 2.53253e-07
2.53253e-07 8.64234e-06
 5.12522e-06 -1.00518e-08
-1.00518e-08    5.938e-06
8.05964e-06 3.13755e-07
3.13755e-07 5.79414e-06
 8.97657e-06 -4.20423e-07
-4.20423e-07  6.56865e-06
 9.46559e-06 -3.38461e-07
-3.38461e-07  6.64811e-06
7.35916e-06 7.71898e-09
7.71898e-09 7.14254e-06
6.91126e-06 -6.7512e-08
-6.7512e-08 6.96765e-06
 9.66083e-06 -4.33817e-08
-4.33817e-08   8.4592e-06
 6.58079e-06 -1.52956e-08
-1.52956e-08   6.6459e-06
   7.538e-06 -2.51789e-07
-2.51789e-07  9.09039e-06
9.06231e-06 7.47659e-08
7.47659e-08 7.77262e-06
 5.84833e-06 -5.58641e-08
-5.58641e-08  6.37417e-06
9.59873e-06 1.72951e-07
1.72951e-07 9.32701e-06
9.41098e-06 7.06489e-08
7.06489e-08 8.42107e-06
9.55753e-06 3.87358e-06
3.87358e-06 1.75414e-05
7.53039e-06 5.91067e-07
5.91067e-07 8.03897e-06
7.60191e-06 -1.8246e-07
-1.8246e-07  7.4051e-06
 8.59056e-06 -8.48328e-07
-8.48328e-07  1.43195e-05
8.60794e-06 -6.0918e-08
-6.0918e-08 8.51782e-06
 2.03823e-05 -5.61003e-06
-5.61003e-06  1.32835e-05
 1.51379e-05 -6.76387e-06
-6.76387e-06  1.53798e-05
 8.01814e-06 -5.77758e-08
-5.77758e-08    7.689e-06
 7.67802e-06 -1.41788e-06
-1.41788e-06  1.05328e-05
6.28556e-06 3.57954e-09
3.57954e-09 6.20047e-06
6.89517e-06 1.64399e-06
1.64399e-06 1.21768e-05
7.52009e-06 3.25052e-10
3.25052e-10 7.65414e-06
 6.01488e-06 -2.39089e-07
-2.39089e-07  6.38776e-06
8.08198e-06 2.52631e-09
2.52631e-09 8.50373e-06
 6.79159e-06 -1.36096e-07
-1.36096e-07  7.21349e-06
 9.23983e-06 -6.60146e-08
-6.60146e-08  9.36104e-06
1.17419e-05 1.84641e-06
1.84641e-06 7.22441e-06
 6.23316e-06 -8.97823e-07
-8.97823e-07  6.28248e-06
 8.56722e-06 -1.38333e-07
-1.38333e-07  7.97785e-06
6.25861e-06  1.1998e-07
 1.1998e-07  4.8432e-06
 1.4511e-05 8.50646e-07
8.50646e-07 8.04204e-06
 8.64385e-06 -3.62522e-08
-3.62522e-08  7.99476e-06
7.23823e-06  4.4283e-07
 4.4283e-07  8.8775e-06
 5.65882e-06 -1.82528e-07
-1.82528e-07  5.56808e-06
1.07989e-05 2.25417e-06
2.25417e-06 7.06583e-06
 5.8283e-06 7.34392e-08
7.34392e-08 6.44759e-06
 5.2454e-06 5.04462e-08
5.04462e-08 6.12965e-06
8.37231e-06 3.79734e-08
3.79734e-08 7.85834e-06
8.86044e-06 2.39524e-06
2.39524e-06 1.43014e-05
  9.1271e-06 -1.92616e-07
-1.92616e-07  7.87659e-06
1.02565e-05 4.28113e-08
4.28113e-08 8.84551e-06
 7.64724e-06 -3.17596e-08
-3.17596e-08  6.84386e-06
7.97983e-06 7.69868e-08
7.69868e-08 8.12345e-06
 6.88288e-06 -4.91667e-07
-4.91667e-07  1.01545e-05
6.96054e-06 -3.5196e-07
-3.5196e-07 7.03897e-06
  6.1982e-06 -1.00322e-07
-1.00322e-07  6.95222e-06
7.49345e-06 2.48621e-07
2.48621e-07 7.32721e-06
 5.33397e-06 -4.15724e-07
-4.15724e-07  6.46009e-06
 5.82401e-06 -2.02682e-08
-2.02682e-08  6.83944e-06
 6.21524e-06 -5.71158e-07
-5.71158e-07  5.60921e-06
 9.70467e-06 -2.45259e-08
-2.45259e-08  8.84676e-06
8.16516e-06 2.52149e-08
2.52149e-08 7.88302e-06
6.14276e-06 2.61996e-08
2.61996e-08 5.02096e-06
8.17089e-06 1.01321e-08
1.01321e-08 7.91675e-06
 8.10876e-06 -8.65636e-08
-8.65636e-08  7.60789e-06
6.61284e-06 2.00793e-07
2.00793e-07 9.20102e-06
 1.39911e-05 -2.77087e-07
-2.77087e-07   8.7276e-06
6.61739e-06 5.81988e-07
5.81988e-07 7.74125e-06
8.00845e-06 -8.4326e-08
-8.4326e-08    7.23e-06
5.99524e-06  2.8366e-07
 2.8366e-07 7.40647e-06
  5.241e-06 1.70319e-07
1.70319e-07 6.32371e-06
 1.59612e-05 -3.96274e-06
-3.96274e-06  9.73959e-06
7.77383e-06 4.87795e-07
4.87795e-07 9.06267e-06
7.00932e-06 5.53546e-07
5.53546e-07 6.34973e-06
