0.000566932  0.00017877
 0.00017877  0.00235707
  0.00952556 -0.000962126
-0.000962126  0.000756714
0.000803216 0.000697998
0.000697998   0.0138693
  0.00718234 -0.000771342
-0.000771342  0.000709962
0.00340216 0.00503798
0.00503798  0.0105423
  0.014016 0.00942724
0.00942724 0.00752317
 0.0141149 0.00511297
0.00511297 0.00265859
0.0105821 0.0117019
0.0117019 0.0150576
0.00648258 0.00856968
0.00856968  0.0139047
   0.0114526 -0.000674898
-0.000674898    0.0007035
 0.00046788 7.24631e-05
7.24631e-05 0.000646461
 0.000836703 -0.000834817
-0.000834817   0.00951229
 0.0104643 0.00314242
0.00314242  0.0016861
 0.0105822 0.00868839
0.00868839 0.00854362
 0.0089034 0.00915334
0.00915334  0.0112215
 0.000805136 -0.000674442
-0.000674442   0.00970991
 0.000482123 -4.38288e-05
-4.38288e-05  0.000474072
  0.00333782 -0.000410884
-0.000410884  0.000602521
0.000650372 0.000235053
0.000235053  0.00494588
   0.0113797 -0.000840992
-0.000840992  0.000732219
 0.00117067 -0.00132498
-0.00132498   0.0151248
 0.00132035 0.000246305
0.000246305  0.00054005
 0.0140288 0.00539397
0.00539397 0.00289859
 0.000811478 -0.000212603
-0.000212603    0.0142381
  0.0133008 0.000498843
0.000498843 0.000677465
 0.000471342 -3.73439e-05
-3.73439e-05  0.000471436
  0.010917 0.00939407
0.00939407 0.00954069
 0.00470061 0.000396061
0.000396061  0.00059797
  0.00347742 -0.000475888
-0.000475888  0.000625138
  0.013273 0.00368114
0.00368114 0.00174588
  0.00301245 -0.000350263
-0.000350263  0.000581515
 0.000481246 -6.92353e-06
-6.92353e-06  0.000506873
  0.0136898  0.00201167
 0.00201167 0.000967628
0.000776123 -0.00055724
-0.00055724  0.00898327
0.000551959 0.000227111
0.000227111  0.00148042
 0.0107269 0.00806876
0.00806876 0.00736425
0.000857019   0.0010478
  0.0010478    0.014599
 0.0144521 0.00705608
0.00705608 0.00440161
0.000503592 0.000115328
0.000115328  0.00130794
   0.0061704 -0.000727987
-0.000727987  0.000698163
 0.000768185 -0.000126032
-0.000126032  0.000494841
0.0143418 0.0120526
0.0120526 0.0116261
 0.000462144 -4.30647e-06
-4.30647e-06  0.000476015
0.00236228 0.00386712
0.00386712  0.0102176
0.000718089 0.000587401
0.000587401  0.00558594
0.00454022 0.00693472
0.00693472  0.0136368
0.00233454 0.00465769
0.00465769  0.0146713
 0.00559326 0.000584268
0.000584268 0.000644072
   0.0134508 -0.000468652
-0.000468652  0.000711002
   0.010855 0.000802343
0.000802343 0.000696971
0.00212484 0.00376847
0.00376847  0.0110787
0.00118505 0.00240926
0.00240926  0.0141882
  0.0140665  0.00148176
 0.00148176 0.000827025
  0.010281 0.00709113
0.00709113 0.00610542
0.000565133 0.000230974
0.000230974   0.0010818
0.0105266 0.0116749
0.0116749 0.0150741
 0.000654047 -0.000393786
-0.000393786    0.0027917
0.00252857 0.00417793
0.00417793  0.0106911
 0.0113364 0.00862752
0.00862752  0.0078561
   0.0035689 -0.000539147
-0.000539147   0.00064904
0.000444568 3.38944e-05
3.38944e-05  0.00049419
 0.0102392 0.00346805
0.00346805 0.00195278
 0.000569021 -6.22743e-05
-6.22743e-05  0.000461152
 0.00131306 -0.00025768
-0.00025768 0.000552638
  0.0101382  0.00100731
 0.00100731 0.000736677
  0.0140531  0.00190872
 0.00190872 0.000934811
0.000712395 0.000360426
0.000360426  0.00780784
0.00402766 0.00642545
0.00642545  0.0135015
 0.000944068 -0.000872341
-0.000872341    0.0147426
  0.00052746 -1.02861e-05
-1.02861e-05  0.000476038
0.000803446 0.000857501
0.000857501   0.0105064
0.000487672 9.57202e-05
9.57202e-05 0.000655517
0.000651736 -0.00033587
-0.00033587  0.00356098
 0.00072246 0.000543015
0.000543015  0.00693727
  0.0141049  0.00207805
 0.00207805 0.000985272
 0.00785046 -0.00082877
-0.00082877 0.000725238
 0.0140937 0.00764301
0.00764301 0.00515745
0.000517339 9.66925e-05
9.66925e-05 0.000554255
 0.00631926 0.000573708
0.000573708 0.000644564
 0.0140682 0.00773248
0.00773248 0.00527099
 0.0135863 0.00683563
0.00683563 0.00438179
 0.00197053 0.000293562
0.000293562 0.000554502
0.00127201 0.00265638
0.00265638  0.0148433
0.00718417  0.0078592
 0.0078592  0.0106212
   0.004381 0.000333859
0.000333859 0.000583277
 0.0112671 0.00900429
0.00900429  0.0085478
 0.0141396 0.00351106
0.00351106 0.00159479
 0.0132993 0.00297364
0.00297364 0.00135997
 0.0110374  0.0055922
 0.0055922 0.00377164
 0.000988935 -0.000181587
-0.000181587  0.000518707
0.00546881 0.00786393
0.00786393  0.0141776
0.000648756 0.000329479
0.000329479  0.00431531
  0.013748 0.00333445
0.00333445 0.00152094
 0.000852991 -0.000373991
-0.000373991    0.0147841
  0.0135464  0.00123607
 0.00123607 0.000773668
0.00940319 0.00905217
0.00905217  0.0104069
 0.00066795 0.000439759
0.000439759  0.00409612
 0.000813741 -0.000701547
-0.000701547    0.0100204
  0.0131062  0.00130232
 0.00130232 0.000784886
 0.0144856 0.00318756
0.00318756 0.00141705
0.00371752 0.00561044
0.00561044  0.0115007
  0.00122346 -0.000122714
-0.000122714  0.000481246
0.00145456 0.00309621
0.00309621  0.0147104
  0.0142716  0.00172228
 0.00172228 0.000884799
 0.000788393 -0.000622582
-0.000622582   0.00906444
0.000757836 0.000735354
0.000735354  0.00609392
  0.00887914 -0.000935998
-0.000935998  0.000751512
0.000668681 0.000269382
0.000269382  0.00569636
 0.00514491 0.000507165
0.000507165 0.000624412
  0.0106807  0.00183416
 0.00183416 0.000974645
  0.0142514   0.0008812
  0.0008812 0.000728922
 0.000700495 -0.000137958
-0.000137958  0.000523043
  0.00201459 -0.000258145
-0.000258145  0.000542745
 0.000698677 -0.000392948
-0.000392948   0.00555189
0.00209945 0.00418606
0.00418606  0.0137437
 0.0140081  0.0108994
 0.0108994 0.00982332
 0.000490902 -7.13289e-06
-7.13289e-06  0.000523066
 0.0143016 0.00968317
0.00968317 0.00775561
 0.0109604 0.00423886
0.00423886 0.00244834
 0.0142428 0.00883647
0.00883647 0.00660032
  0.00472165 -0.000335795
-0.000335795   0.00059557
 0.000493864 -0.000106012
-0.000106012   0.00102038
0.000826047 0.000880123
0.000880123   0.0141155
   0.0100421 -0.000912925
-0.000912925  0.000744443
0.000909577 0.000149668
0.000149668 0.000495325
 0.0138778  0.0041562
 0.0041562 0.00199479
0.00153198 0.00272272
0.00272272  0.0102282
  0.00440002 -0.000449697
-0.000449697  0.000618402
 0.0144768 0.00298813
0.00298813 0.00132517
 0.00464775 0.000650585
0.000650585 0.000665777
  0.00599711 -0.000472566
-0.000472566  0.000633929
 0.000609819 -0.000308681
-0.000308681   0.00164973
 0.00311024 0.000536751
0.000536751  0.00064593
   0.0145508 -5.55542e-05
-5.55542e-05  0.000712466
 0.000493662 -9.44973e-05
-9.44973e-05  0.000652209
0.00095639  0.0015015
 0.0015015  0.0105442
 0.000523747 -4.71915e-05
-4.71915e-05  0.000478561
0.00432388 0.00692038
0.00692038  0.0144325
0.0128263 0.0129009
0.0129009 0.0149599
 0.000487498 -3.66945e-06
-3.66945e-06  0.000475798
 0.000772482 -0.000656778
-0.000656778   0.00644935
0.0133084 0.0120592
0.0120592 0.0125218
 0.0107387 0.00295889
0.00295889 0.00153633
   0.013851 0.000111796
0.000111796 0.000679678
0.00348195  0.0059991
 0.0059991  0.0141067
 0.00820122 0.000525829
0.000525829 0.000648974
0.000746933 0.000644566
0.000644566  0.00764687
 0.00160443 0.000221435
0.000221435 0.000522474
  0.00069507 -0.000482374
-0.000482374   0.00313633
 0.00079242 -0.00015061
-0.00015061   0.0137958
  0.0100641  0.00105912
 0.00105912 0.000748503
 0.00158789 0.000291292
0.000291292 0.000558206
 0.0112422 0.00466492
0.00466492 0.00276874
0.000817995 0.000463858
0.000463858   0.0148708
 0.000679505 -0.000433119
-0.000433119   0.00346536
0.000481845 -6.1818e-05
-6.1818e-05 0.000526219
  0.0108369  0.00186563
 0.00186563 0.000981038
  0.0121831 -0.00065548
-0.00065548 0.000708295
 0.00370762 0.000322568
0.000322568 0.000574345
 0.00382668 0.000280706
0.000280706 0.000567522
0.00311048 0.00478492
0.00478492  0.0106401
0.000905513 -0.00105528
-0.00105528   0.0121933
  0.00680909 -0.000841676
-0.000841676  0.000730626
0.00883313 0.00872222
0.00872222  0.0103841
 0.0108329 0.00672626
0.00672626 0.00526868
 0.0103469 0.00518149
0.00518149  0.0035467
0.0135267 0.0119231
0.0119231 0.0120485
0.000918814  0.00138414
 0.00138414    0.010675
0.00153874 0.00289547
0.00289547  0.0111497
  0.00118697 -0.000198347
-0.000198347  0.000518817
  0.0134609  0.00114429
 0.00114429 0.000756464
0.00184666 0.00376466
0.00376466  0.0136092
  0.00994864 -0.000593311
-0.000593311  0.000683421
0.00838066 0.00852185
0.00852185  0.0105087
0.00310506 0.00561746
0.00561746  0.0143407
 0.0132193 0.00481583
0.00481583 0.00254364
0.00337727 0.00592695
0.00592695   0.014328
0.000988492  0.00159708
 0.00159708   0.0104778
0.0136324 0.0116869
0.0116869 0.0115032
0.0108069 0.0117924
0.0117924 0.0149433
0.0136074 0.0110864
0.0110864  0.010425
 0.00613098 0.000644649
0.000644649 0.000659712
0.00848318 0.00903252
0.00903252  0.0115066
 0.000981327 -9.79346e-05
-9.79346e-05  0.000468439
 0.000462799 -3.90812e-06
-3.90812e-06  0.000475833
 0.0142285  0.0102471
 0.0102471 0.00863876
 0.000554684 -5.61379e-05
-5.61379e-05  0.000456854
