1.57509e-05 1.46328e-07
1.46328e-07 1.48125e-05
 1.74294e-05 -6.17205e-08
-6.17205e-08  1.12328e-05
 1.28432e-05 -3.47045e-08
-3.47045e-08  9.39933e-06
1.59061e-05 8.79769e-08
8.79769e-08 1.09939e-05
 1.95339e-05 -6.99147e-08
-6.99147e-08  1.27815e-05
 1.11352e-05 -1.07851e-07
-1.07851e-07  1.46607e-05
  1.0705e-05 -7.50317e-08
-7.50317e-08  1.61787e-05
2.82253e-05 -4.1375e-07
-4.1375e-07 1.68291e-05
1.84657e-05 1.18337e-06
1.18337e-06 1.89195e-05
1.34153e-05 7.20094e-07
7.20094e-07 9.16736e-06
 1.07867e-05 -2.00107e-07
-2.00107e-07  9.37982e-06
 1.16358e-05 -2.76411e-07
-2.76411e-07  1.56062e-05
 9.7899e-06 1.02372e-07
1.02372e-07 1.38744e-05
  1.0759e-05 -7.27691e-07
-7.27691e-07    1.296e-05
 1.05377e-05 -1.31113e-07
-1.31113e-07  1.15738e-05
1.07684e-05 -2.5576e-07
-2.5576e-07 1.19434e-05
 1.57984e-05 -1.94407e-07
-1.94407e-07   1.0549e-05
1.43647e-05 5.52776e-08
5.52776e-08 1.08896e-05
 1.14741e-05 -3.33282e-07
-3.33282e-07  9.98706e-06
1.74446e-05 1.49616e-06
1.49616e-06 1.03733e-05
5.39288e-05 2.62738e-05
2.62738e-05 5.15942e-05
 1.74244e-05 -1.69061e-07
-1.69061e-07  1.20041e-05
 1.08529e-05 -2.05465e-07
-2.05465e-07  1.54732e-05
2.57711e-05 5.80323e-06
5.80323e-06 1.42258e-05
 7.3892e-06 -2.2273e-07
-2.2273e-07 9.95827e-06
 1.61548e-05 -3.44182e-07
-3.44182e-07  1.05706e-05
9.29336e-06 1.49576e-07
1.49576e-07 9.65524e-06
1.06796e-05 4.19315e-08
4.19315e-08 9.19841e-06
1.62439e-05 1.38752e-07
1.38752e-07  1.1232e-05
8.12998e-06 -1.7274e-08
-1.7274e-08 8.33096e-06
 1.32391e-05 -1.12197e-07
-1.12197e-07  1.10934e-05
 3.52631e-05 -9.14229e-06
-9.14229e-06  1.82978e-05
 8.07293e-06 -1.71546e-07
-1.71546e-07  9.95956e-06
 1.07246e-05 -5.88436e-07
-5.88436e-07  1.01321e-05
 1.5126e-05 1.18845e-07
1.18845e-07 1.93486e-05
 1.15123e-05 -3.38735e-07
-3.38735e-07  1.37688e-05
 1.8985e-05 3.28557e-08
3.28557e-08 1.14402e-05
 1.2848e-05 1.63954e-07
1.63954e-07 2.06322e-05
1.35443e-05 5.16157e-07
5.16157e-07 1.21109e-05
 1.65869e-05 -8.87606e-08
-8.87606e-08  1.09296e-05
1.33259e-05 1.46535e-07
1.46535e-07 1.06938e-05
 1.36256e-05 -1.83523e-06
-1.83523e-06   2.4275e-05
 2.79891e-05 -7.09489e-06
-7.09489e-06  1.57913e-05
2.18631e-05 1.19029e-07
1.19029e-07 1.30632e-05
1.27374e-05 8.96016e-08
8.96016e-08 1.78062e-05
1.18803e-05 2.63716e-07
2.63716e-07 1.41932e-05
   1.883e-05 -2.15251e-07
-2.15251e-07  1.21218e-05
1.45237e-05 1.21204e-07
1.21204e-07 1.03125e-05
1.81434e-05 9.35044e-06
9.35044e-06 2.35817e-05
 6.68867e-06 -8.56376e-07
-8.56376e-07  6.74091e-06
1.17439e-05 2.00148e-08
2.00148e-08 1.04638e-05
1.44397e-05 1.68801e-07
1.68801e-07 1.09301e-05
 8.84367e-06 -1.59215e-07
-1.59215e-07  1.33851e-05
1.34634e-05 1.01979e-07
1.01979e-07 2.04133e-05
1.47002e-05 3.28994e-07
3.28994e-07 2.25234e-05
 2.83802e-05 -2.65063e-07
-2.65063e-07  1.68839e-05
 1.53606e-05 -3.70421e-07
-3.70421e-07  1.85304e-05
1.58687e-05 7.88749e-10
7.88749e-10 1.16438e-05
 9.90316e-06 -2.51455e-07
-2.51455e-07   8.9133e-06
1.85855e-05 2.27033e-07
2.27033e-07 1.17432e-05
8.89562e-06 5.79591e-07
5.79591e-07 7.90401e-06
1.09321e-05  2.1016e-07
 2.1016e-07 1.69079e-05
1.10671e-05 3.91356e-07
3.91356e-07 9.71397e-06
 1.80942e-05 -3.57647e-08
-3.57647e-08  1.19554e-05
 8.38014e-06 -5.72927e-07
-5.72927e-07  8.55273e-06
 8.88221e-06 -1.92151e-07
-1.92151e-07  1.28104e-05
1.05117e-05  4.3157e-07
 4.3157e-07 1.10116e-05
1.04054e-05 1.51245e-08
1.51245e-08 1.20346e-05
4.34346e-05 1.87914e-05
1.87914e-05 3.20428e-05
 2.03429e-05 -9.48186e-06
-9.48186e-06     3.84e-05
 9.43669e-06 -6.21991e-07
-6.21991e-07  9.25971e-06
 1.13814e-05 -4.16757e-07
-4.16757e-07  1.08282e-05
1.36532e-05 1.65221e-07
1.65221e-07 1.33629e-05
 1.1484e-05 5.34673e-07
5.34673e-07 1.48346e-05
 9.05162e-06 -8.93904e-08
-8.93904e-08  1.30904e-05
1.60412e-05 3.65756e-08
3.65756e-08 1.12248e-05
 1.22261e-05 -2.24097e-07
-2.24097e-07  1.67784e-05
 1.12483e-05 -2.93703e-07
-2.93703e-07  1.11384e-05
 1.3541e-05 2.83984e-07
2.83984e-07 1.00682e-05
 1.21917e-05 -2.22965e-07
-2.22965e-07  1.64023e-05
1.13827e-05 2.28519e-07
2.28519e-07 1.26892e-05
 1.60146e-05 -2.43686e-07
-2.43686e-07  1.20836e-05
 2.1086e-05  2.0689e-07
 2.0689e-07 1.24357e-05
 2.1633e-05 3.52341e-07
3.52341e-07 1.52324e-05
 9.60853e-06 -2.84413e-08
-2.84413e-08  8.94384e-06
 9.37455e-06 -3.44825e-07
-3.44825e-07  8.78473e-06
 9.56819e-06 -8.12034e-10
-8.12034e-10  1.43086e-05
 7.7044e-06 8.63618e-08
8.63618e-08 8.06952e-06
1.17981e-05 9.81268e-08
9.81268e-08 1.21936e-05
 1.52483e-05 -1.26258e-07
-1.26258e-07   1.1023e-05
 1.8256e-05  9.9981e-07
 9.9981e-07 1.77513e-05
 1.27375e-05 -2.14176e-07
-2.14176e-07  1.35577e-05
8.65943e-06  3.0467e-08
 3.0467e-08 1.12297e-05
3.69413e-05 1.05379e-05
1.05379e-05 1.96892e-05
7.56668e-06 -2.7038e-07
-2.7038e-07  9.6252e-06
 1.48708e-05 -1.02203e-06
-1.02203e-06  1.24743e-05
1.38612e-05 3.48144e-08
3.48144e-08 1.79342e-05
 1.08663e-05 -7.99296e-08
-7.99296e-08  1.22819e-05
 6.66344e-06 -3.06909e-07
-3.06909e-07  6.89128e-06
1.02903e-05 1.68859e-08
1.68859e-08 1.75284e-05
 1.13453e-05 -3.46198e-07
-3.46198e-07  1.08878e-05
9.29713e-06 -2.4862e-07
-2.4862e-07 9.74933e-06
 1.98115e-05 -1.28892e-07
-1.28892e-07  1.22028e-05
 9.40526e-06 -1.93371e-07
-1.93371e-07  1.49686e-05
 1.08791e-05 -5.61252e-07
-5.61252e-07  1.12644e-05
1.34872e-05 3.49109e-07
3.49109e-07 2.18603e-05
 1.70459e-05 -1.32924e-07
-1.32924e-07  1.14358e-05
 1.07705e-05 -1.04516e-08
-1.04516e-08  9.76481e-06
1.28839e-05 1.02058e-07
1.02058e-07    9.85e-06
8.05208e-06 1.51478e-07
1.51478e-07 8.55324e-06
9.65433e-06 4.19862e-07
4.19862e-07 1.73638e-05
1.76686e-05 3.37639e-07
3.37639e-07 1.17031e-05
 1.33039e-05 -2.64541e-07
-2.64541e-07  1.16172e-05
 1.12801e-05 -3.32069e-07
-3.32069e-07  1.15769e-05
 1.10437e-05 -1.77431e-07
-1.77431e-07   1.0166e-05
1.11024e-05 2.64382e-07
2.64382e-07 1.43205e-05
 3.82142e-05 -1.00942e-05
-1.00942e-05  1.95434e-05
1.18006e-05 -2.3404e-07
-2.3404e-07 1.74743e-05
 1.01041e-05 -4.84018e-08
-4.84018e-08  1.06945e-05
 1.21466e-05 -3.69424e-08
-3.69424e-08  1.69093e-05
8.73678e-06 7.68515e-08
7.68515e-08 8.72844e-06
1.35931e-05 1.61371e-08
1.61371e-08 1.21722e-05
  1.4496e-05 -7.86198e-08
-7.86198e-08  1.00372e-05
1.62908e-05 9.76945e-08
9.76945e-08 1.06691e-05
  1.4239e-05 -5.06319e-07
-5.06319e-07  1.02323e-05
9.55475e-06  4.4548e-08
 4.4548e-08 1.26378e-05
 2.07527e-05 -1.94757e-07
-1.94757e-07  1.24847e-05
1.19078e-05 1.17756e-07
1.17756e-07 9.72498e-06
1.01773e-05 4.59749e-08
4.59749e-08 1.69674e-05
1.90035e-05  6.9987e-08
 6.9987e-08 1.15531e-05
 1.01891e-05 -9.14994e-08
-9.14994e-08     9.29e-06
1.59834e-05 5.27604e-07
5.27604e-07  2.3331e-05
2.17474e-05 3.75622e-08
3.75622e-08 1.29317e-05
1.56092e-05 7.53246e-06
7.53246e-06 3.38375e-05
1.25186e-05 2.54535e-07
2.54535e-07 1.52887e-05
1.16809e-05 5.48291e-07
5.48291e-07 1.06846e-05
 1.47984e-05 -2.39168e-06
-2.39168e-06  2.79648e-05
 1.81952e-05 -7.27842e-08
-7.27842e-08  1.44439e-05
 4.08698e-05 -1.06582e-05
-1.06582e-05  2.56725e-05
 2.79848e-05 -1.38566e-05
-1.38566e-05  2.84482e-05
1.22216e-05 6.92995e-07
6.92995e-07  1.6269e-05
 1.34814e-05 -2.49246e-06
-2.49246e-06   1.6838e-05
 8.84458e-06 -6.41793e-08
-6.41793e-08  1.10419e-05
1.06067e-05 2.90663e-06
2.90663e-06 1.97699e-05
 1.38797e-05 -8.11318e-08
-8.11318e-08  1.15375e-05
 9.2082e-06 1.71981e-07
1.71981e-07 8.88451e-06
1.15263e-05 5.43557e-07
5.43557e-07 1.69773e-05
 1.38243e-05 -3.82753e-08
-3.82753e-08  1.13759e-05
 1.53327e-05 -1.37152e-07
-1.37152e-07  2.16686e-05
1.88813e-05 3.27649e-06
3.27649e-06 1.13359e-05
 8.59178e-06 -5.30668e-07
-5.30668e-07  8.77983e-06
1.88349e-05 -2.4161e-10
-2.4161e-10 1.24776e-05
 1.02651e-05 -1.40872e-07
-1.40872e-07  9.19547e-06
2.64187e-05 1.90516e-06
1.90516e-06 1.27741e-05
1.42501e-05 1.65259e-07
1.65259e-07 1.73476e-05
 1.19105e-05 -1.87492e-07
-1.87492e-07  1.58838e-05
7.73242e-06 1.07499e-07
1.07499e-07 7.86712e-06
1.68102e-05 3.78172e-06
3.78172e-06 1.15382e-05
1.06777e-05 -1.2271e-07
-1.2271e-07 9.66872e-06
 9.37511e-06 -1.44148e-07
-1.44148e-07  9.18439e-06
1.73415e-05 -1.0261e-07
-1.0261e-07 1.21706e-05
1.54417e-05  5.0015e-06
 5.0015e-06 2.52555e-05
 1.86449e-05 -2.45985e-09
-2.45985e-09    1.155e-05
 1.67744e-05 -1.38099e-06
-1.38099e-06  1.33359e-05
1.24336e-05 8.19287e-09
8.19287e-09 1.42996e-05
1.28909e-05 8.38717e-08
8.38717e-08 1.93182e-05
 1.16569e-05 -1.02291e-06
-1.02291e-06  1.61626e-05
1.05175e-05 2.25041e-07
2.25041e-07 1.01686e-05
 1.09416e-05 -1.12776e-07
-1.12776e-07  1.01949e-05
 1.43132e-05 -9.95237e-08
-9.95237e-08  1.08772e-05
 7.41356e-06 -2.58854e-07
-2.58854e-07  9.14411e-06
 1.02424e-05 -7.64128e-08
-7.64128e-08   1.0138e-05
 9.56843e-06 -3.58239e-07
-3.58239e-07  8.88257e-06
1.71155e-05 -1.0078e-06
-1.0078e-06 1.37929e-05
 1.55307e-05 -7.82976e-08
-7.82976e-08   1.1669e-05
9.02261e-06 1.40768e-07
1.40768e-07 9.20816e-06
 1.56862e-05 -1.96374e-08
-1.96374e-08  1.18956e-05
1.24875e-05 7.52703e-07
7.52703e-07 1.09924e-05
1.09147e-05 2.68441e-08
2.68441e-08 1.47345e-05
 2.73083e-05 -7.17782e-07
-7.17782e-07  1.63855e-05
1.02852e-05 5.09015e-07
5.09015e-07  1.1839e-05
1.57351e-05 2.31296e-07
2.31296e-07 1.06032e-05
 9.80477e-06 -1.77958e-07
-1.77958e-07  1.20561e-05
 8.73575e-06 -1.67907e-07
-1.67907e-07  9.36544e-06
 2.80952e-05 -7.36374e-06
-7.36374e-06   1.6076e-05
 1.16271e-05 -2.48243e-07
-2.48243e-07  1.63545e-05
 1.0622e-05 3.70811e-07
3.70811e-07 9.55844e-06
