 0.00293324  0.00037628
 0.00037628 0.000603163
0.00210379 0.00364833
0.00364833  0.0115179
0.000512769 0.000122053
0.000122053 0.000896495
 0.00219853  0.00029861
 0.00029861 0.000577441
0.000697741 0.000579867
0.000579867  0.00635772
 0.00113985 0.000150465
0.000150465 0.000521701
  0.011659 0.00830949
0.00830949 0.00739307
 0.00212957 0.000231994
0.000231994 0.000557688
 0.0108424 0.00379545
0.00379545 0.00225574
0.000794662 0.000179028
0.000179028 0.000557282
  0.00284332 -0.000621509
-0.000621509  0.000764248
  0.0152286  0.00117177
 0.00117177 0.000865301
0.0159227 0.0143883
0.0143883 0.0152029
0.000715726 0.000659762
0.000659762  0.00636916
0.000772924 0.000161699
0.000161699 0.000542575
 0.0156101  0.0113975
 0.0113975 0.00985238
 0.00311256 0.000458299
0.000458299 0.000629765
 0.000556648 -0.000146048
-0.000146048   0.00117111
0.000957917 -0.00127433
-0.00127433   0.0131887
 0.000809203 -0.000746832
-0.000746832    0.0100118
 0.000766691 -0.000741068
-0.000741068   0.00723676
 0.0142926 0.00430158
0.00430158 0.00216932
 0.000584306 -1.74346e-05
-1.74346e-05  0.000520993
 0.00716439 0.000437691
0.000437691 0.000664863
0.000627333 0.000394617
0.000394617  0.00354742
0.000528968 0.000149076
0.000149076  0.00133321
 0.00218559 0.000210991
0.000210991 0.000553505
0.000621406 0.000391597
0.000391597  0.00244588
  0.00071826 -0.000612253
-0.000612253   0.00424922
0.000518505 0.000108963
0.000108963 0.000630465
0.0146644 0.0142374
0.0142374 0.0161522
 0.0117282 0.00898342
0.00898342 0.00845985
0.0137863 0.0136425
0.0136425 0.0157003
0.000699933 0.000520088
0.000520088  0.00732084
0.00285094 0.00443854
0.00443854  0.0110583
 0.000678718 -0.000501133
-0.000501133   0.00407294
0.000525318 0.000141643
0.000141643 0.000839068
 0.0113931 0.00602846
0.00602846 0.00434532
 0.000541951 -8.89167e-05
-8.89167e-05  0.000774998
   0.0149273 -0.000375662
-0.000375662  0.000817487
0.0146871 0.0136678
0.0136678 0.0147667
 0.0153189  0.0105913
 0.0105913 0.00876235
 0.00487821 0.000265412
0.000265412 0.000609992
0.000594193 0.000299725
0.000299725  0.00290315
0.0153977 0.0104021
0.0104021 0.0084385
 0.000696003 -0.000329261
-0.000329261   0.00128205
  0.00175406 -0.000360219
-0.000360219  0.000665459
  0.00986269 -0.000713848
-0.000713848  0.000781531
 0.0114155 0.00644372
0.00644372  0.0048441
  0.0110489 0.000759856
0.000759856 0.000765552
  0.0119663  0.00172239
 0.00172239 0.000982371
  0.0013888 0.000256871
0.000256871 0.000569107
 0.00526552 0.000215966
0.000215966  0.00061234
 0.000579591 -4.14977e-05
-4.14977e-05  0.000545944
 0.0118463 0.00779891
0.00779891 0.00649323
 0.0120238 0.00794494
0.00794494 0.00660917
0.00331128 0.00585399
0.00585399  0.0152027
  0.011592 0.00675731
0.00675731 0.00517011
0.00552871  0.0082259
 0.0082259  0.0158688
0.00577448 0.00691666
0.00691666  0.0110687
 0.00051962 0.000101666
0.000101666 0.000589682
0.000966869 -0.00126126
-0.00126126   0.0140143
0.00425373 0.00606516
0.00606516  0.0120471
 0.0143501 0.00881496
0.00881496 0.00668927
 0.00327199 0.000341079
0.000341079 0.000596433
 0.0155526  0.0106531
 0.0106531 0.00873264
0.00350777 0.00530353
0.00530353  0.0117855
  0.00355867 -0.000568311
-0.000568311  0.000706964
 0.0022697 0.00441013
0.00441013   0.014753
 0.0121363 0.00257611
0.00257611 0.00132225
 0.00924826 -0.00094129
-0.00094129 0.000823885
 0.00097162 -0.00109078
-0.00109078   0.0152658
0.0121554 0.0110904
0.0110904 0.0119864
0.00191624 0.00328887
0.00328887   0.011086
0.00128874 0.00223975
0.00223975  0.0116144
0.0147721 0.0125675
0.0125675 0.0124536
0.000678863 0.000521177
0.000521177  0.00572756
0.000680115 0.000498019
0.000498019  0.00621217
0.00681228 0.00901549
0.00901549  0.0149355
 0.00458706 0.000184031
0.000184031  0.00059818
0.000910148 -0.00115026
-0.00115026    0.010383
  0.00065189 -8.91679e-05
-8.91679e-05  0.000598839
 0.0150204  0.0089894
 0.0089894 0.00664305
0.00692219 0.00940292
0.00940292  0.0159952
 0.000928969 -0.000143244
-0.000143244  0.000575574
0.0148683 0.0118718
0.0118718 0.0111259
 0.000684095 -0.000501216
-0.000501216   0.00324049
0.00235544 0.00402958
0.00402958  0.0117465
0.000587301 -0.00022869
-0.00022869  0.00177066
  0.014962 0.00293258
0.00293258 0.00137962
0.0080748 0.0100871
0.0100871 0.0154251
 0.0151357 0.00776528
0.00776528 0.00512798
0.00313676 0.00478826
0.00478826  0.0112512
    0.00113 0.000229512
0.000229512 0.000563672
 0.00255913 0.000400136
0.000400136  0.00061207
0.000661977 9.12205e-05
9.12205e-05 0.000490659
 0.000616639 -0.000215072
-0.000215072   0.00107999
 0.00106188 0.000207163
0.000207163 0.000552411
0.0133694 0.0132126
0.0132126 0.0151809
  0.0150505 0.000525573
0.000525573 0.000795579
 0.000607156 -0.000182679
-0.000182679   0.00094913
0.0132716 0.0134565
0.0134565 0.0158849
 0.0120216 0.00560228
0.00560228 0.00366126
0.000798135 0.000722971
0.000722971   0.0120883
  0.00610303 -0.000588463
-0.000588463  0.000707071
 0.000624868 -0.000235613
-0.000235613   0.00115445
   0.0147574 -0.000654886
-0.000654886  0.000851795
0.000525794 3.94429e-06
3.94429e-06 0.000562072
0.00181064 0.00331077
0.00331077  0.0120042
0.00133316  0.0021893
 0.0021893  0.0108752
0.000584313 0.000194157
0.000194157  0.00336209
 0.000577992 -0.000181555
-0.000181555   0.00119422
 0.00102288 -0.00106122
-0.00106122   0.0160973
 0.0155238 0.00983717
0.00983717 0.00757039
  0.0037878 0.000542056
0.000542056 0.000655367
 0.00090625 8.16002e-05
8.16002e-05 0.000493496
0.00233171 0.00459789
0.00459789  0.0156891
 0.0118005 0.00766979
0.00766979 0.00632935
 0.000619028 -0.000277426
-0.000277426   0.00157819
   0.0150183 -0.000903916
-0.000903916  0.000907342
0.00237313 0.00416575
0.00416575  0.0122829
0.000524541 8.26544e-06
8.26544e-06 0.000560708
0.0106533 0.0115142
0.0115142 0.0147535
 0.000599449 -0.000265561
-0.000265561   0.00232634
 0.0144998 0.00740713
0.00740713 0.00490889
 0.0119809 0.00677696
0.00677696 0.00502774
 0.0114993 0.00992322
0.00992322  0.0103636
0.000881686 -0.00109187
-0.00109187  0.00892411
0.00552533 0.00821831
0.00821831  0.0158494
0.000576021 8.40555e-05
8.40555e-05 0.000493458
 0.0144071 0.00854207
0.00854207  0.0063054
 0.000713854 -0.000594935
-0.000594935    0.0054519
 0.0114265 0.00593131
0.00593131 0.00421884
 0.00195035  0.00018384
 0.00018384 0.000544202
 0.0119972 0.00767129
0.00767129 0.00622607
  0.00265509 -0.000504867
-0.000504867  0.000703074
   0.0156543 -0.000978979
-0.000978979  0.000955052
0.0154676 0.0144307
0.0144307 0.0157624
0.000951266 -0.00097251
-0.00097251   0.0153626
 0.000569191 -7.31111e-05
-7.31111e-05  0.000618912
0.0142188 0.0138776
0.0138776 0.0157607
 0.000758287 -0.000692701
-0.000692701   0.00388309
0.000631569 0.000303514
0.000303514  0.00494057
 0.0110461 0.00814072
0.00814072 0.00754459
 0.00839642 0.000445551
0.000445551 0.000685889
 0.00556537 0.000620037
0.000620037 0.000678805
0.000563919 0.000239179
0.000239179  0.00156391
0.00319422 0.00480338
0.00480338     0.0111
 0.0147147 0.00619851
0.00619851 0.00363331
0.0158532  0.012481
 0.012481 0.0114956
0.00851594  0.0091897
 0.0091897  0.0122277
 0.00594871 0.000692517
0.000692517 0.000698214
0.00570052 0.00714187
0.00714187  0.0117973
0.00932031   0.010806
  0.010806  0.0150701
 0.000620395 -0.000190868
-0.000190868  0.000931507
 0.0114422 0.00874287
0.00874287 0.00826628
  0.0020621 -0.00030614
-0.00030614 0.000617236
0.00826525  0.0100465
 0.0100465  0.0148975
 0.0105512 0.00980675
0.00980675  0.0110891
  0.00402459 -0.000499632
-0.000499632   0.00067511
  0.0157507  0.00147108
 0.00147108 0.000927799
  0.0114566 0.000263675
0.000263675 0.000733569
 0.0110736 0.00313572
0.00313572 0.00173823
  0.0010199 -0.00103339
-0.00103339   0.0161334
0.00438892  0.0062107
 0.0062107  0.0121366
 0.000726651 -0.000507042
-0.000507042   0.00225023
 0.00619766 0.000559228
0.000559228 0.000670493
0.0128754 0.0132547
0.0132547 0.0159078
 0.00600344  0.00061313
 0.00061313 0.000679863
