      0.0004 -5.02586e-14
-5.02586e-14       0.0004
0.000428551 4.59109e-07
4.59109e-07 0.000417894
0.000428847 1.87755e-07
1.87755e-07 0.000421435
 0.000428642 -2.58564e-07
-2.58564e-07  0.000426987
 0.000427932 -8.24843e-07
-8.24843e-07  0.000434612
 0.000426777 -1.40567e-06
-1.40567e-06  0.000444437
 0.000425339 -1.82499e-06
-1.82499e-06  0.000456588
 0.000423913 -1.86695e-06
-1.86695e-06  0.000471086
 0.000422908 -1.43629e-06
-1.43629e-06  0.000487654
 0.000422627 -7.93638e-07
-7.93638e-07  0.000505725
 0.000422945 -4.89109e-07
-4.89109e-07  0.000525233
 0.000423566 -7.38833e-07
-7.38833e-07  0.000547098
 0.000423966 -1.17629e-06
-1.17629e-06  0.000571332
 0.000424284 -1.47514e-06
-1.47514e-06   0.00059814
 0.000424545 -1.35123e-06
-1.35123e-06  0.000626917
 0.000425233 -8.95906e-07
-8.95906e-07  0.000657386
 0.000426505 -3.60995e-07
-3.60995e-07  0.000689331
0.000428331 8.45922e-08
8.45922e-08 0.000723127
 0.00043041   4.068e-07
  4.068e-07 0.000759131
0.000432169 5.97242e-07
5.97242e-07 0.000797483
0.000432684 5.74695e-07
5.74695e-07 0.000838149
0.000431836 9.79377e-08
9.79377e-08  0.00088119
0.000430185 -1.0543e-06
-1.0543e-06 0.000926536
 0.000429042 -2.85289e-06
-2.85289e-06  0.000974088
 0.000429341 -5.06234e-06
-5.06234e-06   0.00102388
 0.000430528 -6.93009e-06
-6.93009e-06   0.00107557
 0.000431127 -7.63658e-06
-7.63658e-06   0.00112907
 0.000430439 -6.84069e-06
-6.84069e-06   0.00118443
 0.000429626 -5.03812e-06
-5.03812e-06   0.00124187
 0.000429987 -2.96052e-06
-2.96052e-06   0.00130143
 0.000431706 -1.19023e-06
-1.19023e-06   0.00136299
 0.000434149 -8.65074e-08
-8.65074e-08   0.00142646
 0.00043669 2.89079e-07
2.89079e-07  0.00149187
0.000438949 2.44163e-08
2.44163e-08  0.00155914
 0.000440903 -7.02723e-07
-7.02723e-07   0.00162839
 0.000442427 -1.74126e-06
-1.74126e-06   0.00169967
 0.000443169 -2.94131e-06
-2.94131e-06   0.00177307
 0.000442666 -4.10274e-06
-4.10274e-06    0.0018487
 0.000440742 -4.93642e-06
-4.93642e-06   0.00192667
 0.000437912 -5.11678e-06
-5.11678e-06    0.0020071
 0.000435277 -4.42142e-06
-4.42142e-06   0.00209001
 0.000433929 -2.86485e-06
-2.86485e-06   0.00217526
0.000434322 -8.4277e-07
-8.4277e-07  0.00226244
0.000435877 7.90691e-07
7.90691e-07  0.00235112
0.000437105 1.13978e-06
1.13978e-06   0.0024409
0.000437238 2.37447e-07
2.37447e-07  0.00253237
 0.000436529 -1.24352e-06
-1.24352e-06   0.00262609
 0.000435447 -2.77483e-06
-2.77483e-06   0.00272224
 0.000434209 -4.18009e-06
-4.18009e-06   0.00282081
 0.000432911 -5.50935e-06
-5.50935e-06    0.0029218
 0.000431743 -6.92595e-06
-6.92595e-06   0.00302521
 0.000431038 -8.62817e-06
-8.62817e-06   0.00313108
 0.000431178 -1.07448e-05
-1.07448e-05   0.00323932
 0.000432302 -1.31359e-05
-1.31359e-05   0.00334963
 0.000433899 -1.51639e-05
-1.51639e-05    0.0034614
 0.000434883 -1.59515e-05
-1.59515e-05   0.00357418
 0.00043467 -1.5294e-05
-1.5294e-05  0.00368823
 0.000433746 -1.38699e-05
-1.38699e-05    0.0038042
 0.000432805 -1.24337e-05
-1.24337e-05   0.00392254
 0.000431992 -1.13247e-05
-1.13247e-05   0.00404336
 0.000431012 -1.04775e-05
-1.04775e-05    0.0041667
 0.000429758 -9.60225e-06
-9.60225e-06   0.00429252
 0.000428663 -8.52749e-06
-8.52749e-06    0.0044207
 0.000428086 -7.48412e-06
-7.48412e-06   0.00455109
 0.000427655 -6.96637e-06
-6.96637e-06   0.00468365
 0.000426936 -7.20075e-06
-7.20075e-06   0.00481865
 0.000426261 -7.88298e-06
-7.88298e-06   0.00495611
 0.000426135 -8.46585e-06
-8.46585e-06   0.00509524
 0.000426681 -8.59567e-06
-8.59567e-06   0.00523544
 0.000427752 -8.46755e-06
-8.46755e-06   0.00537745
 0.000429009 -8.43377e-06
-8.43377e-06   0.00552185
 0.000430093 -8.64704e-06
-8.64704e-06   0.00566868
 0.000430886 -9.04323e-06
-9.04323e-06   0.00581779
 0.000431442 -9.43787e-06
-9.43787e-06   0.00596905
 0.000431732 -9.72447e-06
-9.72447e-06    0.0061221
 0.000431808 -9.66166e-06
-9.66166e-06   0.00627743
 0.000431576 -9.28313e-06
-9.28313e-06   0.00643488
 0.000431152 -8.54933e-06
-8.54933e-06   0.00659458
 0.000430855 -7.44175e-06
-7.44175e-06   0.00675652
 0.000431249 -5.78622e-06
-5.78622e-06   0.00692098
 0.000432516 -3.63419e-06
-3.63419e-06   0.00708784
 0.000434065 -1.35357e-06
-1.35357e-06   0.00725693
 0.000434289 -1.33028e-08
-1.33028e-08   0.00742786
 0.000431152 -1.79142e-06
-1.79142e-06   0.00759921
 0.000427822 -4.34137e-06
-4.34137e-06   0.00777295
  0.00042565 -6.93423e-06
-6.93423e-06   0.00794897
 0.000424543 -9.36899e-06
-9.36899e-06   0.00812688
 0.000424326 -1.10177e-05
-1.10177e-05   0.00830735
 0.000424598 -1.18611e-05
-1.18611e-05   0.00849051
0.000425211 -1.3038e-05
-1.3038e-05  0.00867598
 0.000426114 -1.37081e-05
-1.37081e-05   0.00886344
 0.000427586 -1.47905e-05
-1.47905e-05   0.00905261
 0.000429221 -1.53485e-05
-1.53485e-05   0.00924335
 0.000430731 -1.53216e-05
-1.53216e-05   0.00943593
 0.000431957 -1.48923e-05
-1.48923e-05   0.00963062
 0.000432858 -1.43121e-05
-1.43121e-05   0.00982757
  0.00043344 -1.37863e-05
-1.37863e-05    0.0100268
 0.000433746 -1.34418e-05
-1.34418e-05    0.0102282
 0.000433865 -1.33119e-05
-1.33119e-05    0.0104317
 0.000433879 -1.33327e-05
-1.33327e-05    0.0106372
  0.0108446  1.3379e-05
 1.3379e-05 0.000433789
   0.0108446 -9.18319e-05
-9.18319e-05  0.000434004
   0.0108447 -0.000196878
-0.000196878  0.000436106
  0.0108449 -0.00030164
-0.00030164 0.000440459
   0.0108452 -0.000406194
-0.000406194  0.000447268
  0.0108451 -0.00051083
-0.00051083 0.000456494
    0.010845 -0.000615623
-0.000615623  0.000468073
   0.0108451 -0.000720587
-0.000720587  0.000481823
   0.0108454 -0.000825613
-0.000825613  0.000497534
    0.010846 -0.000930534
-0.000930534  0.000515066
  0.0108467 -0.00103521
-0.00103521 0.000534413
  0.0108481 -0.00114014
-0.00114014 0.000556159
  0.0108495 -0.00124507
-0.00124507 0.000579976
  0.0108501 -0.00134994
-0.00134994 0.000605913
  0.0108503 -0.00145417
-0.00145417 0.000633832
  0.0108506 -0.00155851
-0.00155851 0.000664119
  0.0108509 -0.00166253
-0.00166253 0.000696424
  0.0108514 -0.00176657
-0.00176657 0.000730782
  0.0108518 -0.00187091
-0.00187091 0.000767209
   0.010852  -0.0019756
 -0.0019756 0.000805644
  0.0108521 -0.00208077
-0.00208077 0.000846235
  0.0108522 -0.00218594
-0.00218594 0.000888782
  0.0108523 -0.00229117
-0.00229117 0.000933494
  0.0108524 -0.00239617
-0.00239617 0.000980357
  0.0108523 -0.00250086
-0.00250086  0.00102938
  0.0108521 -0.00260517
-0.00260517   0.0010805
  0.0108517 -0.00270914
-0.00270914   0.0011337
  0.0108515 -0.00281289
-0.00281289  0.00118898
  0.0108514 -0.00291668
-0.00291668  0.00124637
  0.0108512 -0.00302076
-0.00302076  0.00130589
  0.0108506 -0.00312532
-0.00312532  0.00136754
  0.0108499 -0.00323033
-0.00323033  0.00143133
  0.0108495 -0.00333555
-0.00333555   0.0014973
 0.0108493 -0.0034407
-0.0034407 0.00156545
  0.0108494 -0.00354565
-0.00354565  0.00163571
 0.0108497 -0.0036504
-0.0036504 0.00170787
  0.0108502 -0.00375495
-0.00375495  0.00178182
  0.0108509 -0.00385933
-0.00385933  0.00185767
  0.0108516 -0.00396356
-0.00396356  0.00193563
  0.0108524 -0.00406766
-0.00406766  0.00201585
 0.0108529 -0.0041717
-0.0041717 0.00209828
  0.0108532 -0.00427572
-0.00427572  0.00218293
  0.0108531 -0.00437978
-0.00437978  0.00226975
  0.0108528 -0.00448394
-0.00448394  0.00235876
  0.0108522 -0.00458827
-0.00458827  0.00244985
  0.0108515 -0.00469277
-0.00469277  0.00254301
  0.0108507 -0.00479742
-0.00479742  0.00263821
    0.01085 -0.00490217
-0.00490217  0.00273549
  0.0108494 -0.00500685
-0.00500685  0.00283495
  0.0108489 -0.00511124
-0.00511124  0.00293676
  0.0108486 -0.00521514
-0.00521514  0.00304103
 0.0108487 -0.0053186
-0.0053186 0.00314771
  0.0108491 -0.00542215
-0.00542215   0.0032562
  0.0108494 -0.00552653
-0.00552653  0.00336566
  0.0108497 -0.00563168
-0.00563168   0.0034764
  0.0108504 -0.00573692
-0.00573692  0.00358943
 0.0108512  -0.005842
 -0.005842 0.00370505
  0.0108523 -0.00594715
-0.00594715   0.0038231
  0.0108538 -0.00605249
-0.00605249  0.00394328
  0.0108561 -0.00615774
-0.00615774   0.0040654
  0.0108588 -0.00626252
-0.00626252  0.00418941
  0.0108614 -0.00636675
-0.00636675  0.00431536
  0.0108634 -0.00647065
-0.00647065  0.00444336
  0.0108648 -0.00657454
-0.00657454  0.00457347
  0.0108657 -0.00667855
-0.00667855  0.00470565
 0.0108664 -0.0067826
-0.0067826 0.00483982
  0.0108667 -0.00688656
-0.00688656  0.00497601
 0.0108663 -0.0069905
-0.0069905 0.00511435
  0.0108655 -0.00709469
-0.00709469   0.0052551
  0.0108646 -0.00719949
-0.00719949  0.00539816
  0.0108647 -0.00730497
-0.00730497  0.00554392
  0.0108658 -0.00741099
-0.00741099  0.00569187
 0.0108679  -0.007517
 -0.007517 0.00584159
  0.0108699 -0.00762241
-0.00762241   0.0059928
  0.0108709 -0.00772694
-0.00772694   0.0061456
  0.0108706 -0.00783083
-0.00783083  0.00630034
  0.0108694 -0.00793453
-0.00793453  0.00645739
  0.0108669 -0.00803813
-0.00803813  0.00661682
  0.0108635 -0.00814171
-0.00814171  0.00677888
  0.0108598 -0.00824508
-0.00824508  0.00694359
  0.0108561 -0.00834813
-0.00834813  0.00711032
  0.0108532 -0.00845063
-0.00845063   0.0072794
  0.0108515 -0.00855279
-0.00855279   0.0074504
   0.010851 -0.00865497
-0.00865497  0.00762324
  0.0108514 -0.00875796
-0.00875796  0.00779748
  0.0108522 -0.00886098
-0.00886098  0.00797415
   0.010853 -0.00896477
-0.00896477  0.00815241
  0.0108533 -0.00906879
-0.00906879  0.00833289
 0.0108519 -0.0091732
-0.0091732 0.00851376
  0.0108514 -0.00927755
-0.00927755  0.00869709
  0.0108513 -0.00938175
-0.00938175  0.00888112
  0.0108514 -0.00948706
-0.00948706  0.00906975
 0.0108517 -0.0095925
-0.0095925 0.00926046
  0.0108522 -0.00969797
-0.00969797  0.00945323
   0.010853 -0.00980342
-0.00980342  0.00964804
   0.010854 -0.00990881
-0.00990881  0.00984488
  0.010855 -0.0100141
-0.0100141  0.0100438
  0.010856 -0.0101192
-0.0101192  0.0102444
 0.0108568 -0.0102243
-0.0102243  0.0104474
 0.0108574 -0.0103294
-0.0103294  0.0106523
0.0108593 0.0104346
0.0104346 0.0108576
0.0108569 0.0103276
0.0103276 0.0106487
0.0108558 0.0102212
0.0102212 0.0104417
0.0108553 0.0101156
0.0101156 0.0102372
0.0108552 0.0100105
0.0100105 0.0100351
 0.0108552 0.00990555
0.00990555 0.00983531
 0.0108553 0.00980096
0.00980096 0.00963775
 0.0108554 0.00969656
0.00969656 0.00944246
 0.0108553 0.00959218
0.00959218 0.00924947
 0.0108551 0.00948766
0.00948766 0.00905872
  0.010855 0.00938312
0.00938312 0.00887027
 0.0108547 0.00927841
0.00927841 0.00868599
 0.0108551 0.00917402
0.00917402 0.00850273
 0.0108556 0.00907025
0.00907025  0.0083214
 0.0108556 0.00896614
0.00896614 0.00814056
 0.0108555 0.00886202
0.00886202 0.00796178
 0.0108551 0.00875807
0.00875807 0.00778528
 0.0108545  0.0086538
 0.0086538 0.00761258
 0.0108536 0.00855018
0.00855018 0.00744069
 0.0108531  0.0084467
 0.0084467 0.00727037
 0.0108529 0.00834304
0.00834304 0.00710202
 0.0108528 0.00823921
0.00823921 0.00693605
 0.0108529 0.00813549
0.00813549 0.00677248
 0.0108534 0.00803189
0.00803189 0.00661077
 0.0108542 0.00792806
0.00792806 0.00645059
 0.0108552 0.00782382
0.00782382 0.00629228
 0.0108563 0.00771933
0.00771933 0.00613626
 0.0108575 0.00761478
0.00761478 0.00598263
 0.0108586 0.00751026
0.00751026 0.00583135
 0.0108597 0.00740581
0.00740581 0.00568238
 0.0108605 0.00730145
0.00730145 0.00553566
 0.0108611 0.00719723
0.00719723 0.00539116
 0.0108613 0.00709317
0.00709317 0.00524882
 0.0108612 0.00698923
0.00698923 0.00510862
 0.0108607 0.00688535
0.00688535 0.00497054
 0.0108599 0.00678145
0.00678145 0.00483458
0.0108589 0.0066775
0.0066775 0.0047007
 0.0108581 0.00657351
0.00657351 0.00456882
 0.0108576 0.00646947
0.00646947 0.00443878
 0.0108574 0.00636535
0.00636535  0.0043105
 0.0108574 0.00626113
0.00626113 0.00418408
 0.0108574 0.00615675
0.00615675 0.00405972
 0.0108574 0.00605218
0.00605218 0.00393761
 0.0108572 0.00594739
0.00594739 0.00381779
 0.0108573 0.00584241
0.00584241 0.00370025
 0.0108576 0.00573744
0.00573744 0.00358497
  0.010858 0.00563282
0.00563282 0.00347183
 0.0108582 0.00552886
0.00552886 0.00336054
 0.0108579 0.00542555
0.00542555 0.00325085
 0.0108574 0.00532258
0.00532258 0.00314284
 0.0108574 0.00521954
0.00521954 0.00303674
 0.0108579 0.00511625
0.00511625 0.00293283
 0.0108583 0.00501262
0.00501262 0.00283117
 0.0108583 0.00490863
0.00490863 0.00273176
 0.0108574 0.00480432
0.00480432 0.00263458
 0.0108559 0.00469984
0.00469984 0.00253962
 0.0108542 0.00459542
0.00459542 0.00244696
 0.0108526 0.00449125
0.00449125 0.00235659
 0.0108516 0.00438729
0.00438729 0.00226834
 0.0108511 0.00428321
0.00428321 0.00218177
  0.010851 0.00417872
0.00417872 0.00209667
 0.0108513 0.00407406
0.00407406 0.00201332
 0.0108518 0.00396959
0.00396959 0.00193206
 0.0108526 0.00386539
0.00386539  0.0018531
 0.0108531 0.00376134
0.00376134 0.00177653
 0.0108533 0.00365725
0.00365725 0.00170229
 0.0108528 0.00355301
0.00355301 0.00163026
  0.010852 0.00344856
0.00344856  0.0015604
 0.0108511 0.00334388
0.00334388 0.00149266
 0.0108502 0.00323902
0.00323902 0.00142696
 0.0108496 0.00313411
0.00313411 0.00136318
 0.0108492 0.00302934
0.00302934 0.00130131
  0.010849 0.00292471
0.00292471  0.0012414
 0.0108488  0.0028202
 0.0028202 0.00118363
 0.0108486 0.00271558
0.00271558 0.00112794
 0.0108486 0.00261077
0.00261077 0.00107424
 0.0108488 0.00250587
0.00250587 0.00102256
  0.0108492  0.00240097
 0.00240097 0.000972949
  0.0108495  0.00229627
 0.00229627 0.000925558
  0.0108493  0.00219181
 0.00219181 0.000880466
  0.0108487   0.0020874
  0.0020874 0.000837613
  0.0108479  0.00198289
 0.00198289 0.000796921
  0.0108471  0.00187851
 0.00187851 0.000758444
  0.0108465  0.00177402
 0.00177402 0.000721936
   0.010846   0.0016696
  0.0016696 0.000687434
  0.0108458  0.00156459
 0.00156459 0.000654687
  0.0108454  0.00145977
 0.00145977 0.000624312
  0.0108449  0.00135477
 0.00135477 0.000596252
 0.0108436 0.00124929
0.00124929 0.00057034
  0.0108428  0.00114389
 0.00114389 0.000546609
  0.0108424  0.00103888
 0.00103888 0.000524818
  0.0108427 0.000934195
0.000934195 0.000504938
   0.010843 0.000829847
0.000829847 0.000486929
  0.0108434 0.000725649
0.000725649 0.000471024
  0.0108438  0.00062137
 0.00062137 0.000457357
  0.0108442 0.000516863
0.000516863 0.000445892
  0.0108447 0.000412139
0.000412139 0.000436523
  0.0108455 0.000307328
0.000307328 0.000429201
  0.0108462 0.000202549
0.000202549 0.000423923
  0.0108469 9.78439e-05
9.78439e-05 0.000420679
0.000419443 6.78504e-06
6.78504e-06   0.0108473
0.000419048 6.27143e-06
6.27143e-06   0.0106391
0.000418793 5.74208e-06
5.74208e-06    0.010433
0.000418715 5.28082e-06
5.28082e-06   0.0102289
0.000418813 4.98649e-06
4.98649e-06   0.0100268
   0.000419 4.93931e-06
4.93931e-06  0.00982689
0.000419153 5.09269e-06
5.09269e-06  0.00962929
0.000419183 5.26733e-06
5.26733e-06  0.00943402
0.000419097  5.2389e-06
 5.2389e-06  0.00924095
0.000419027 4.89344e-06
4.89344e-06  0.00904982
0.000419163 4.34467e-06
4.34467e-06  0.00886047
0.000419656 4.25324e-06
4.25324e-06  0.00867308
0.000420409 4.13878e-06
4.13878e-06  0.00848775
 0.00042117 4.10565e-06
4.10565e-06  0.00830464
0.000421757 4.04407e-06
4.04407e-06   0.0081238
0.000422124 3.97615e-06
3.97615e-06  0.00794527
 0.00042249 3.79975e-06
3.79975e-06  0.00776917
0.000422658 3.80831e-06
3.80831e-06  0.00759518
0.000422798 3.95479e-06
3.95479e-06  0.00742318
0.000422986 4.15893e-06
4.15893e-06  0.00725307
0.000423315 4.08871e-06
4.08871e-06  0.00708508
 0.00042366 3.68828e-06
3.68828e-06  0.00691932
0.000423746 3.25969e-06
3.25969e-06   0.0067555
0.000423678 2.68705e-06
2.68705e-06  0.00659398
0.000423356 2.22256e-06
2.22256e-06  0.00643453
0.000422894 1.80292e-06
1.80292e-06  0.00627735
 0.00042225 1.61332e-06
1.61332e-06  0.00612218
0.000421564 1.53512e-06
1.53512e-06  0.00596909
0.000420959 1.47475e-06
1.47475e-06  0.00581805
0.000420547 1.34792e-06
1.34792e-06  0.00566896
0.000420395 1.16016e-06
1.16016e-06  0.00552172
0.000420476 1.02596e-06
1.02596e-06  0.00537633
 0.00042065 1.07494e-06
1.07494e-06  0.00523291
0.000420727 1.34292e-06
1.34292e-06  0.00509164
0.000420567 1.75841e-06
1.75841e-06  0.00495266
0.000420149 2.14957e-06
2.14957e-06   0.0048161
0.000419525 2.46791e-06
2.46791e-06  0.00468183
0.000418891 2.46198e-06
2.46198e-06  0.00455006
0.000418405 2.32397e-06
2.32397e-06  0.00442017
0.000418203 2.10589e-06
2.10589e-06  0.00429206
0.000418252 2.01258e-06
2.01258e-06  0.00416567
0.000418448 2.08392e-06
2.08392e-06  0.00404123
0.000418674 2.23666e-06
2.23666e-06  0.00391902
0.000418817 2.44218e-06
2.44218e-06  0.00379927
0.000418859 2.84507e-06
2.84507e-06  0.00368195
   0.000419 3.49185e-06
3.49185e-06  0.00356697
0.000419436 4.24102e-06
4.24102e-06  0.00345408
0.000420123 4.76729e-06
4.76729e-06  0.00334301
0.000420842 4.81275e-06
4.81275e-06  0.00323367
0.000421471 4.38781e-06
4.38781e-06  0.00312618
0.000422085 3.67518e-06
3.67518e-06  0.00302074
0.000422842 2.84807e-06
2.84807e-06  0.00291746
0.000423885 2.02281e-06
2.02281e-06  0.00281634
0.000425286 1.28923e-06
1.28923e-06  0.00271735
0.000426934  6.8015e-07
 6.8015e-07  0.00262048
0.000428637 3.38954e-07
3.38954e-07  0.00252586
0.000429953 2.20163e-07
2.20163e-07  0.00243347
0.000430537 2.55883e-07
2.55883e-07  0.00234331
0.000430147 3.82795e-07
3.82795e-07  0.00225537
0.000429039 4.83134e-07
4.83134e-07  0.00216957
0.000427641 4.93378e-07
4.93378e-07  0.00208587
0.000426353 4.21381e-07
4.21381e-07  0.00200419
 0.00042538 3.54098e-07
3.54098e-07  0.00192444
0.000424707  4.2488e-07
 4.2488e-07  0.00184656
0.000424198 7.42413e-07
7.42413e-07  0.00177058
0.000423743 1.33728e-06
1.33728e-06  0.00169664
 0.00042335 2.16914e-06
2.16914e-06  0.00162487
0.000423101 3.16052e-06
3.16052e-06  0.00155537
0.000423009 4.20528e-06
4.20528e-06   0.0014882
0.000422917 5.13825e-06
5.13825e-06  0.00142336
0.000422532  5.6969e-06
 5.6969e-06  0.00136072
0.000421667 5.57594e-06
5.57594e-06  0.00129996
0.000420542  4.7152e-06
 4.7152e-06  0.00124067
0.000419681 3.55518e-06
3.55518e-06  0.00118282
0.000419294 2.65305e-06
2.65305e-06  0.00112697
0.000419116   2.117e-06
  2.117e-06  0.00107362
0.000418896 1.65281e-06
1.65281e-06  0.00102283
0.000418766 1.03413e-06
1.03413e-06 0.000974193
0.000419017 4.56639e-07
4.56639e-07 0.000927257
0.000419681 2.80977e-07
2.80977e-07 0.000882078
 0.000420023 -2.23985e-08
-2.23985e-08  0.000838414
0.000420733 3.63675e-07
3.63675e-07 0.000797696
0.000421215 7.10852e-07
7.10852e-07 0.000759191
0.000421143 7.89944e-07
7.89944e-07  0.00072278
0.000421068 1.03564e-06
1.03564e-06 0.000688735
0.000420625 1.19699e-06
1.19699e-06 0.000656927
0.000419662 1.08423e-06
1.08423e-06 0.000627235
0.000418596 7.30271e-07
7.30271e-07   0.0005998
0.000417791  1.5718e-07
 1.5718e-07 0.000574471
0.000417124 -6.9843e-07
-6.9843e-07 0.000550792
 0.000416787 -1.36132e-06
-1.36132e-06  0.000529002
  0.00041683 -1.66142e-06
-1.66142e-06  0.000509407
 0.00041685 -1.7237e-06
-1.7237e-06 0.000491887
 0.000416813 -1.63577e-06
-1.63577e-06  0.000476515
  0.00041675 -1.46351e-06
-1.46351e-06  0.000463253
 0.000416694 -1.22212e-06
-1.22212e-06  0.000452046
 0.000416649 -9.23327e-07
-9.23327e-07  0.000442904
 0.000416594 -6.20556e-07
-6.20556e-07  0.000435895
 0.000416509 -4.06431e-07
-4.06431e-07  0.000431068
 0.000416402 -3.71098e-07
-3.71098e-07  0.000428399
