      0.0004 -8.54983e-15
-8.54983e-15       0.0004
0.000515032 4.96585e-05
4.96585e-05   0.0004898
0.000504509 4.18813e-05
4.18813e-05 0.000487669
0.000498183 3.67863e-05
3.67863e-05  0.00049108
0.000492779  3.2774e-05
 3.2774e-05 0.000496749
 0.00048986 2.87773e-05
2.87773e-05 0.000505275
0.000488124 2.50522e-05
2.50522e-05 0.000516177
0.000487387 2.15994e-05
2.15994e-05 0.000533023
0.000487426   1.875e-05
  1.875e-05 0.000547308
0.000488049 1.62503e-05
1.62503e-05 0.000564391
0.000489087 1.41665e-05
1.41665e-05   0.0005837
0.000490892 1.27905e-05
1.27905e-05 0.000611693
0.000492963 1.17196e-05
1.17196e-05  0.00064275
0.000494893  1.0378e-05
 1.0378e-05 0.000666108
0.000497078 8.79519e-06
8.79519e-06 0.000693545
0.000499234 6.92864e-06
6.92864e-06 0.000725308
0.000501196 4.65756e-06
4.65756e-06 0.000760991
0.000502909 1.92598e-06
1.92598e-06 0.000800354
  0.00050463 -1.13377e-06
-1.13377e-06  0.000842681
  0.00050679 -4.27956e-06
-4.27956e-06  0.000887939
 0.000509139 -6.74614e-06
-6.74614e-06  0.000935403
 0.000511789 -8.84699e-06
-8.84699e-06  0.000986197
 0.000514565 -1.10325e-05
-1.10325e-05   0.00104021
  0.00051721 -1.35278e-05
-1.35278e-05   0.00109773
 0.000519623 -1.64781e-05
-1.64781e-05   0.00115881
 0.000521557 -2.04475e-05
-2.04475e-05   0.00122316
 0.000523619 -2.47887e-05
-2.47887e-05   0.00129075
 0.000526262 -2.92985e-05
-2.92985e-05   0.00136103
 0.000529546 -3.34129e-05
-3.34129e-05   0.00143294
0.000532859 -3.6259e-05
-3.6259e-05  0.00150737
 0.000536269 -3.84426e-05
-3.84426e-05   0.00158498
  0.00053994 -4.06884e-05
-4.06884e-05   0.00166488
 0.000543407 -4.28408e-05
-4.28408e-05   0.00174955
  0.00054699 -4.55026e-05
-4.55026e-05   0.00183783
 0.000550038 -4.90711e-05
-4.90711e-05   0.00192818
 0.000553432 -5.30099e-05
-5.30099e-05   0.00202178
 0.000557345 -5.70215e-05
-5.70215e-05   0.00211774
 0.000561339 -6.05142e-05
-6.05142e-05   0.00221533
 0.000564627 -6.34846e-05
-6.34846e-05   0.00231749
 0.000566969 -6.66056e-05
-6.66056e-05   0.00242313
 0.000568844 -7.05377e-05
-7.05377e-05   0.00253304
 0.000571608 -7.56399e-05
-7.56399e-05   0.00264674
 0.000575589 -8.09846e-05
-8.09846e-05   0.00276214
 0.000579976 -8.53009e-05
-8.53009e-05   0.00287857
 0.000583583 -8.82504e-05
-8.82504e-05   0.00299846
 0.000586075 -9.03036e-05
-9.03036e-05   0.00312172
 0.000588247 -9.19279e-05
-9.19279e-05   0.00324895
 0.000589787 -9.39156e-05
-9.39156e-05    0.0033792
 0.000591586 -9.62328e-05
-9.62328e-05   0.00351343
 0.000593639 -9.81091e-05
-9.81091e-05   0.00365077
 0.000596469 -9.95657e-05
-9.95657e-05   0.00379124
 0.000600324 -0.000101129
-0.000101129   0.00393386
 0.000604691 -0.000102962
-0.000102962   0.00407895
 0.000608532 -0.000106382
-0.000106382   0.00422566
 0.000611861 -0.000110653
-0.000110653   0.00437646
 0.000615139 -0.000115749
-0.000115749   0.00453134
 0.000618892 -0.000121735
-0.000121735    0.0046878
0.000623472 -0.00012775
-0.00012775  0.00484801
 0.000628768 -0.000133382
-0.000133382   0.00501304
 0.000633529 -0.000138297
-0.000138297   0.00518044
 0.000637449 -0.000142446
-0.000142446   0.00535166
 0.000640339 -0.000145395
-0.000145395   0.00552581
 0.000642886 -0.000148145
-0.000148145   0.00570285
 0.000645724 -0.000151584
-0.000151584    0.0058838
 0.000649089 -0.000156088
-0.000156088   0.00606873
 0.000653205 -0.000160778
-0.000160778   0.00625544
 0.000657694 -0.000165792
-0.000165792   0.00644628
 0.000662086 -0.000169878
-0.000169878   0.00663983
 0.000665757 -0.000171811
-0.000171811   0.00683232
  0.00066973 -0.000173629
-0.000173629    0.0070323
 0.000673808 -0.000175005
-0.000175005   0.00723759
 0.000677719 -0.000176091
-0.000176091   0.00744248
   0.0006817 -0.000177707
-0.000177707   0.00765406
  0.00068634 -0.000178989
-0.000178989   0.00787101
 0.000690399 -0.000182118
-0.000182118   0.00808915
 0.000695802 -0.000184905
-0.000184905   0.00831027
0.000702519 -0.00018745
-0.00018745  0.00853248
 0.000710004 -0.000190476
-0.000190476   0.00875564
 0.000718696 -0.000194532
-0.000194532   0.00897593
 0.000727958 -0.000196461
-0.000196461   0.00920713
 0.000737057 -0.000198255
-0.000198255   0.00944233
 0.000745783 -0.000199903
-0.000199903   0.00968216
 0.000751861 -0.000205204
-0.000205204   0.00992002
 0.000756764 -0.000209125
-0.000209125    0.0101658
 0.000759759 -0.000214451
-0.000214451    0.0104137
 0.000761249 -0.000221115
-0.000221115    0.0106681
0.000760956 -0.00022985
-0.00022985   0.0109253
  0.00076232 -0.000240947
-0.000240947    0.0111859
 0.000772113 -0.000262255
-0.000262255    0.0114545
 0.000783931 -0.000274843
-0.000274843    0.0117195
 0.000795757 -0.000285296
-0.000285296    0.0119854
 0.000803937 -0.000293441
-0.000293441      0.01225
 0.000808135 -0.000299487
-0.000299487    0.0125208
 0.000810084 -0.000304644
-0.000304644    0.0127955
 0.000815636 -0.000320848
-0.000320848    0.0130856
 0.000816883 -0.000323007
-0.000323007    0.0133664
 0.000820276 -0.000325997
-0.000325997    0.0136523
 0.000825217 -0.000329716
-0.000329716    0.0139425
  0.00083092 -0.000334395
-0.000334395    0.0142363
 0.000836816 -0.000340209
-0.000340209     0.014533
  0.0148323 0.000346767
0.000346767 0.000842931
  0.0148392 0.000192977
0.000192977 0.000841311
  0.0148544 3.66156e-05
3.66156e-05 0.000845663
   0.0148566 -0.000109664
-0.000109664  0.000843182
    0.014863 -0.000265584
-0.000265584  0.000858469
   0.0148558 -0.000408491
-0.000408491  0.000870874
   0.0148537 -0.000552337
-0.000552337  0.000892485
   0.0148551 -0.000687377
-0.000687377  0.000907627
   0.0148655 -0.000819566
-0.000819566  0.000914792
   0.0148841 -0.000956024
-0.000956024  0.000921078
  0.0149082  -0.0010993
 -0.0010993 0.000932771
  0.0149322 -0.00124041
-0.00124041 0.000933114
  0.0149603 -0.00139362
-0.00139362 0.000959907
  0.0149999 -0.00154327
-0.00154327 0.000994052
  0.0150401 -0.00167706
-0.00167706  0.00103315
  0.0151291 -0.00176143
-0.00176143  0.00109806
  0.0150827 -0.00194251
-0.00194251  0.00113061
  0.0149665 -0.00210143
-0.00210143  0.00117352
  0.0149259 -0.00224524
-0.00224524  0.00121844
  0.0149243 -0.00239003
-0.00239003  0.00126886
  0.0149273 -0.00253257
-0.00253257  0.00132207
  0.0149341 -0.00267518
-0.00267518  0.00137708
  0.0149421 -0.00282029
-0.00282029  0.00143354
  0.0149478 -0.00296912
-0.00296912  0.00149199
  0.0149478 -0.00311982
-0.00311982  0.00155323
 0.0149445 -0.0032718
-0.0032718 0.00161887
  0.0149387 -0.00342216
-0.00342216  0.00168897
  0.0149309 -0.00356866
-0.00356866  0.00176253
  0.0149227 -0.00371029
-0.00371029  0.00186522
  0.0149197 -0.00385421
-0.00385421  0.00194496
   0.014918 -0.00399759
-0.00399759   0.0020273
   0.014916 -0.00414181
-0.00414181  0.00211105
  0.0149136 -0.00428703
-0.00428703  0.00219705
  0.0149114 -0.00443233
-0.00443233  0.00228704
  0.0149102 -0.00457713
-0.00457713  0.00238201
  0.0149097 -0.00472039
-0.00472039  0.00247806
  0.0149106 -0.00486362
-0.00486362  0.00258024
  0.0149123 -0.00500605
-0.00500605  0.00268472
  0.0149148 -0.00514811
-0.00514811  0.00279125
  0.0149184 -0.00529024
-0.00529024  0.00290242
 0.0149221 -0.0054332
-0.0054332 0.00301552
  0.0149257 -0.00557625
-0.00557625  0.00313417
  0.0149282 -0.00572006
-0.00572006  0.00325487
    0.01493 -0.00586405
-0.00586405  0.00337934
  0.0149316 -0.00600819
-0.00600819  0.00350751
  0.0149318 -0.00614852
-0.00614852  0.00362776
  0.0149336 -0.00629193
-0.00629193  0.00375865
  0.0149361 -0.00643565
-0.00643565  0.00389437
  0.0149391 -0.00657947
-0.00657947  0.00403334
  0.0149426 -0.00672348
-0.00672348  0.00417644
  0.0149457 -0.00686771
-0.00686771  0.00432343
  0.0149469 -0.00701053
-0.00701053  0.00446844
  0.0149473 -0.00715456
-0.00715456  0.00462024
  0.0149476 -0.00729647
-0.00729647  0.00477369
  0.0149489 -0.00743833
-0.00743833  0.00493313
 0.0149516 -0.0075792
-0.0075792 0.00509707
  0.0149561 -0.00772026
-0.00772026  0.00526296
  0.0149593 -0.00786255
-0.00786255  0.00543161
  0.0149601 -0.00800768
-0.00800768  0.00559858
  0.0149605 -0.00815327
-0.00815327  0.00576093
  0.0149608 -0.00829909
-0.00829909  0.00593028
  0.0149608 -0.00844393
-0.00844393  0.00610596
  0.0149616 -0.00858798
-0.00858798  0.00628499
  0.0149643 -0.00873157
-0.00873157  0.00647297
 0.0149681 -0.0088745
-0.0088745 0.00665402
  0.0149715 -0.00901572
-0.00901572  0.00684741
  0.0149769 -0.00915761
-0.00915761  0.00703736
 0.0149823 -0.0093003
-0.0093003 0.00723405
  0.0149872 -0.00944364
-0.00944364  0.00742802
  0.0149918 -0.00958781
-0.00958781  0.00762464
  0.0149959 -0.00973451
-0.00973451  0.00781952
      0.015 -0.00988126
-0.00988126  0.00801855
 0.0150055 -0.0100253
-0.0100253 0.00822458
 0.0150107 -0.0101709
-0.0101709 0.00843696
 0.0150143 -0.0103168
-0.0103168  0.0086531
 0.0150156 -0.0104609
-0.0104609 0.00886804
 0.0150163 -0.0106054
-0.0106054 0.00908674
 0.0150166 -0.0107515
-0.0107515 0.00930516
 0.0150186 -0.0108954
-0.0108954 0.00952907
 0.0150214 -0.0110382
-0.0110382 0.00975557
 0.0150265   -0.01118
  -0.01118 0.00998844
 0.0150314 -0.0113261
-0.0113261  0.0102145
 0.0150362 -0.0114723
-0.0114723  0.0104465
 0.0150422 -0.0116179
-0.0116179  0.0106866
 0.0150469 -0.0117636
-0.0117636  0.0109266
 0.0150508 -0.0119085
-0.0119085  0.0111698
 0.0150529 -0.0120538
-0.0120538  0.0114151
 0.0150536 -0.0121992
-0.0121992  0.0116636
0.0150559 -0.012344
-0.012344 0.0119174
  0.015057 -0.0124899
-0.0124899  0.0121767
 0.0150602 -0.0126354
-0.0126354  0.0124339
 0.0150627 -0.0127803
-0.0127803   0.012694
 0.0150627 -0.0129249
-0.0129249   0.012958
 0.0150625 -0.0130689
-0.0130689  0.0132253
 0.0150616 -0.0132128
-0.0132128  0.0134965
 0.0150608 -0.0133568
-0.0133568  0.0137716
 0.0150581 -0.0135009
-0.0135009  0.0140539
 0.0150576 -0.0136445
-0.0136445  0.0143399
 0.0150581 -0.0137901
-0.0137901  0.0146241
 0.0150593 -0.0139357
-0.0139357   0.014913
0.0152034 0.0140826
0.0140826 0.0150598
0.0152013 0.0139383
0.0139383   0.01477
0.0151988 0.0137941
0.0137941 0.0144812
 0.015195   0.01365
  0.01365 0.0141957
0.0151925  0.013506
 0.013506 0.0139134
 0.015191 0.0133616
0.0133616 0.0136355
  0.01519 0.0132181
0.0132181 0.0133605
0.0151897 0.0130745
0.0130745 0.0130884
0.0151894 0.0129303
0.0129303 0.0128195
0.0151878 0.0127857
0.0127857 0.0125501
0.0151865 0.0126407
0.0126407 0.0122878
0.0151853 0.0124955
0.0124955 0.0120296
0.0151858 0.0123487
0.0123487 0.0117761
0.0151855 0.0122042
0.0122042 0.0115196
0.0151859 0.0120571
0.0120571 0.0112709
0.0151843 0.0119115
0.0119115  0.011024
 0.015182 0.0117671
0.0117671 0.0107788
 0.015179 0.0116226
0.0116226 0.0105366
0.0151756 0.0114782
0.0114782 0.0102973
0.0151722 0.0113338
0.0113338 0.0100609
 0.0151691  0.0111896
 0.0111896 0.00982734
 0.0151667  0.0110454
 0.0110454 0.00959658
 0.0151649  0.0109011
 0.0109011 0.00936688
  0.015164  0.0107571
 0.0107571 0.00913993
 0.0151627  0.0106124
 0.0106124 0.00891934
 0.0151616  0.0104681
 0.0104681 0.00869941
 0.0151599  0.0103235
 0.0103235 0.00848641
 0.0151582  0.0101794
 0.0101794 0.00827262
 0.0151562  0.0100352
 0.0100352 0.00806165
 0.0151537 0.00989079
0.00989079 0.00785545
 0.0151513 0.00974648
0.00974648 0.00765159
 0.0151494 0.00960206
0.00960206   0.007451
 0.0151482 0.00945765
0.00945765 0.00725314
 0.0151476 0.00931307
0.00931307 0.00705569
 0.0151469 0.00916864
0.00916864 0.00686318
 0.0151469 0.00902428
0.00902428 0.00667309
 0.0151471 0.00887999
0.00887999 0.00648648
 0.0151471 0.00873574
0.00873574 0.00630327
 0.0151462 0.00859152
0.00859152 0.00612338
 0.0151439 0.00844765
0.00844765 0.00594754
 0.0151415 0.00830342
0.00830342 0.00577442
 0.0151392 0.00815916
0.00815916 0.00560537
 0.0151378 0.00801438
0.00801438  0.0054388
  0.015137 0.00786936
0.00786936 0.00527468
 0.0151368 0.00772436
0.00772436 0.00511332
  0.015137 0.00757974
0.00757974 0.00495509
 0.0151372 0.00743538
0.00743538 0.00480002
 0.0151368   0.007293
  0.007293 0.00463829
 0.0151346 0.00715049
0.00715049 0.00448383
 0.0151327 0.00700675
0.00700675 0.00433763
 0.0151303 0.00686316
0.00686316 0.00419514
 0.0151281 0.00672028
0.00672028 0.00405776
 0.0151265 0.00657709
0.00657709 0.00392208
 0.0151262   0.006434
  0.006434 0.00378797
  0.015125 0.00629049
0.00629049 0.00364398
 0.0151288 0.00614649
0.00614649 0.00351383
 0.0151346 0.00600249
0.00600249 0.00338677
 0.0151408 0.00585873
0.00585873 0.00326266
  0.015142 0.00571593
0.00571593   0.003129
 0.0151401 0.00557324
0.00557324 0.00301095
 0.0151346 0.00543221
0.00543221 0.00289831
 0.0151218 0.00528981
0.00528981 0.00278828
 0.0151088  0.0051488
 0.0051488 0.00268596
  0.015094 0.00500381
0.00500381 0.00258087
 0.0150823 0.00485731
0.00485731 0.00247935
 0.0150751  0.0047086
 0.0047086 0.00238005
 0.0150743 0.00456245
0.00456245 0.00229223
 0.0150767 0.00441695
0.00441695 0.00219573
  0.015078 0.00427397
0.00427397 0.00210129
 0.0150762 0.00413194
0.00413194 0.00200976
 0.0150717 0.00399127
0.00399127 0.00191812
 0.0150651 0.00385487
0.00385487 0.00184661
 0.0150589 0.00371128
0.00371128 0.00176468
 0.0150517 0.00356602
0.00356602 0.00168686
 0.0150435 0.00341905
0.00341905 0.00161198
 0.0150364 0.00327224
0.00327224 0.00154262
 0.0150302 0.00312598
0.00312598 0.00147498
  0.015024 0.00298076
0.00298076 0.00140736
 0.0150206 0.00283699
0.00283699 0.00134133
 0.0150193  0.0026918
 0.0026918 0.00127859
 0.0150183 0.00254485
0.00254485  0.0012208
 0.0150155 0.00239699
0.00239699 0.00116812
 0.0150103 0.00224899
0.00224899 0.00111923
 0.0150024 0.00210335
0.00210335 0.00107703
 0.0149951 0.00195772
0.00195772 0.00103557
  0.0149889  0.00181293
 0.00181293 0.000997352
   0.014986  0.00166956
 0.00166956 0.000964356
  0.0149826    0.001523
   0.001523 0.000929663
  0.0149797  0.00137529
 0.00137529 0.000899071
  0.0149765  0.00122835
 0.00122835 0.000874165
  0.0149711  0.00107915
 0.00107915 0.000850737
  0.0149684 0.000931637
0.000931637 0.000831725
  0.0149658 0.000784612
0.000784612 0.000816204
  0.0149632 0.000638068
0.000638068 0.000804075
  0.0149609 0.000492061
0.000492061 0.000795262
  0.0149592 0.000346671
0.000346671 0.000789872
  0.0149556  0.00020069
 0.00020069 0.000788713
  0.0149547 5.72511e-05
5.72511e-05 0.000792349
   0.0149543 -8.79863e-05
-8.79863e-05  0.000799997
   0.0149541 -0.000233619
-0.000233619   0.00081361
0.000833428 0.000380214
0.000380214    0.014954
0.000836992 0.000373683
0.000373683   0.0146557
0.000832329 0.000368281
0.000368281   0.0143573
0.000823963 0.000362377
0.000362377   0.0140662
0.000811502 0.000357045
0.000357045   0.0137784
 0.00079852 0.000352541
0.000352541   0.0134939
0.000788268 0.000349002
0.000349002   0.0132126
0.000782617   0.0003464
  0.0003464   0.0129358
 0.00078163 0.000343308
0.000343308   0.0126556
 0.00078316 0.000340524
0.000340524   0.0123839
0.000781844 0.000336188
0.000336188   0.0121164
0.000773953 0.000329702
0.000329702   0.0118526
0.000759677 0.000318644
0.000318644    0.011589
0.000745434 0.000307147
0.000307147   0.0113253
0.000735368 0.000293943
0.000293943   0.0110655
0.000730288 0.000282922
0.000282922   0.0108143
0.000727261 0.000273026
0.000273026   0.0105565
0.000726512 0.000262321
0.000262321   0.0103132
0.000723514 0.000257074
0.000257074    0.010063
0.000720495 0.000252255
0.000252255   0.0098197
0.000716838 0.000248625
0.000248625  0.00957955
0.000712626 0.000246383
0.000246383  0.00934076
0.000709004 0.000243828
0.000243828  0.00910573
0.000706343 0.000239972
0.000239972  0.00887558
0.000702833  0.00023604
 0.00023604  0.00864869
0.000698133 0.000232237
0.000232237  0.00842491
0.000692652 0.000228562
0.000228562  0.00820414
0.000685534 0.000227125
0.000227125  0.00799399
0.000679732 0.000223271
0.000223271  0.00777881
0.000673197 0.000218574
0.000218574  0.00756681
0.000666037 0.000213264
0.000213264  0.00735739
0.000658778  0.00020755
 0.00020755  0.00715082
0.000653659 0.000200906
0.000200906  0.00694795
0.000649893 0.000194639
0.000194639  0.00674735
0.000647513 0.000188857
0.000188857  0.00655313
0.000645245 0.000183651
0.000183651  0.00635954
0.000641347 0.000180747
0.000180747    0.006169
0.000637922 0.000177342
0.000177342  0.00598166
0.000633779 0.000174702
0.000174702  0.00579695
0.000630143 0.000171713
0.000171713  0.00561602
0.000627167 0.000168902
0.000168902  0.00544082
0.000624623 0.000166095
0.000166095  0.00526816
0.000622765 0.000163613
0.000163613  0.00509899
0.000620128 0.000159299
0.000159299  0.00492975
0.000615837 0.000153512
0.000153512  0.00476394
0.000610826 0.000146713
0.000146713  0.00460126
 0.00060632 0.000140343
0.000140343  0.00444355
 0.00060256 0.000134252
0.000134252  0.00428879
0.000599086 0.000129013
0.000129013  0.00413708
0.000595996  0.00012406
 0.00012406  0.00398929
0.000592916 0.000119488
0.000119488  0.00384526
0.000589816 0.000115222
0.000115222  0.00370483
0.000586715  0.00011149
 0.00011149  0.00356713
0.000583733 0.000107674
0.000107674   0.0034314
 0.00058065 0.000103802
0.000103802  0.00329876
0.000577671 9.96519e-05
9.96519e-05  0.00316921
0.000574482 9.55527e-05
9.55527e-05  0.00304244
0.000571313 9.12747e-05
9.12747e-05  0.00292048
0.000567886 8.73055e-05
8.73055e-05  0.00280048
0.000564283 8.36927e-05
8.36927e-05    0.002685
0.000560532 8.08081e-05
8.08081e-05  0.00257134
0.000557315 7.76051e-05
7.76051e-05  0.00246228
  0.0005545 7.44418e-05
7.44418e-05  0.00235703
0.000552201  7.0902e-05
 7.0902e-05   0.0022526
0.000550473 6.70424e-05
6.70424e-05  0.00215002
 0.00054917 6.31766e-05
6.31766e-05  0.00204869
0.000548518 5.87119e-05
5.87119e-05  0.00195193
0.000548073 5.42238e-05
5.42238e-05  0.00185872
0.000548125 4.94726e-05
4.94726e-05  0.00176975
0.000547106 4.53983e-05
4.53983e-05  0.00168306
0.000545586 4.11998e-05
4.11998e-05   0.0016011
0.000543358 3.72193e-05
3.72193e-05  0.00152222
0.000539981 3.38235e-05
3.38235e-05  0.00144621
0.000536067 3.12371e-05
3.12371e-05  0.00137378
0.000531384 2.85695e-05
2.85695e-05  0.00130386
0.000526893 2.60992e-05
2.60992e-05  0.00123754
0.000522109 2.29598e-05
2.29598e-05  0.00117464
0.000516235 2.02784e-05
2.02784e-05  0.00111383
 0.00051206 1.69582e-05
1.69582e-05  0.00105777
0.000508624 1.41227e-05
1.41227e-05  0.00100419
 0.00050609 1.15376e-05
1.15376e-05 0.000951796
0.000504195 8.70063e-06
8.70063e-06 0.000901493
 0.00050225  5.3379e-06
 5.3379e-06 0.000853754
0.000499909 2.00216e-06
2.00216e-06 0.000811121
 0.000496993 -1.04078e-06
-1.04078e-06  0.000772604
 0.000493814 -3.42455e-06
-3.42455e-06  0.000737556
 0.000490826 -5.24724e-06
-5.24724e-06  0.000706347
 0.000488283 -6.43393e-06
-6.43393e-06  0.000678362
 0.000486269 -6.96842e-06
-6.96842e-06  0.000653628
 0.000484597 -7.42136e-06
-7.42136e-06   0.00063014
 0.000483431 -6.90862e-06
-6.90862e-06  0.000612112
 0.000482519 -7.88393e-06
-7.88393e-06  0.000577252
 0.000480853 -9.22595e-06
-9.22595e-06  0.000560531
 0.000478149 -1.29197e-05
-1.29197e-05  0.000541458
 0.00047556  -1.631e-05
 -1.631e-05 0.000529969
 0.000473471 -2.06775e-05
-2.06775e-05  0.000521081
 0.000472589 -2.56903e-05
-2.56903e-05  0.000514455
 0.000473806 -3.19426e-05
-3.19426e-05   0.00050863
 0.000477292 -3.82875e-05
-3.82875e-05   0.00050937
0.000483538  -4.661e-05
 -4.661e-05 0.000514857
