    0.0004 8.8662e-15
8.8662e-15     0.0004
0.000413613 3.77894e-06
3.77894e-06 0.000421643
 0.00041394 3.24965e-06
3.24965e-06 0.000425389
0.000414704 2.68241e-06
2.68241e-06 0.000431519
0.000415698 2.31104e-06
2.31104e-06 0.000439643
0.000416976 2.21222e-06
2.21222e-06 0.000449939
0.000418106 2.53246e-06
2.53246e-06 0.000462065
 0.00041908 2.94792e-06
2.94792e-06 0.000477282
 0.00042011 3.05101e-06
3.05101e-06 0.000494675
0.000421233  2.6736e-06
 2.6736e-06  0.00051472
0.000422758 1.58104e-06
1.58104e-06 0.000535266
 0.00042473 6.63495e-07
6.63495e-07 0.000557168
 0.000427178 -4.13082e-07
-4.13082e-07  0.000580428
 0.000429661 -1.19385e-06
-1.19385e-06  0.000607346
 0.000431787 -1.61023e-06
-1.61023e-06  0.000635982
 0.000433618 -1.93981e-06
-1.93981e-06   0.00066746
 0.000436347 -2.27497e-06
-2.27497e-06  0.000701112
 0.000437564 -1.89618e-06
-1.89618e-06  0.000736367
  0.00043908 -1.17153e-06
-1.17153e-06  0.000774122
0.000441023  -6.359e-07
 -6.359e-07 0.000813153
 0.000443252 -6.20391e-07
-6.20391e-07  0.000854299
 0.000445494 -1.12235e-06
-1.12235e-06  0.000897782
 0.000447573 -2.26435e-06
-2.26435e-06  0.000943353
 0.000449348 -3.57302e-06
-3.57302e-06  0.000991512
 0.000451068 -5.10115e-06
-5.10115e-06   0.00104266
 0.000452322 -6.19224e-06
-6.19224e-06   0.00109588
 0.000453727 -7.47483e-06
-7.47483e-06    0.0011518
 0.000455058 -8.51475e-06
-8.51475e-06   0.00121005
  0.00045626 -9.00165e-06
-9.00165e-06    0.0012708
 0.000457865 -9.68753e-06
-9.68753e-06   0.00133351
 0.000460006 -1.04182e-05
-1.04182e-05   0.00139712
 0.000462439 -1.11358e-05
-1.11358e-05   0.00146146
 0.000465012 -1.16309e-05
-1.16309e-05   0.00152837
 0.000467573 -1.16729e-05
-1.16729e-05   0.00159827
 0.000469764 -1.17191e-05
-1.17191e-05   0.00167061
 0.000471578 -1.17948e-05
-1.17948e-05   0.00174606
0.000473124 -1.2086e-05
-1.2086e-05  0.00182452
 0.000474619 -1.27415e-05
-1.27415e-05   0.00190583
0.000476474 -1.3636e-05
-1.3636e-05  0.00199042
0.000478606 -1.4851e-05
-1.4851e-05  0.00207596
 0.000481121 -1.58514e-05
-1.58514e-05   0.00216336
 0.000483864 -1.65811e-05
-1.65811e-05   0.00225302
 0.000486752 -1.71473e-05
-1.71473e-05    0.0023456
 0.000489487 -1.76055e-05
-1.76055e-05   0.00244003
 0.000492133 -1.77466e-05
-1.77466e-05   0.00253794
0.000494821 -1.7494e-05
-1.7494e-05  0.00263955
 0.000498017 -1.67308e-05
-1.67308e-05   0.00274431
 0.000501806 -1.58143e-05
-1.58143e-05   0.00285177
 0.000505837 -1.54297e-05
-1.54297e-05   0.00296139
 0.000509205 -1.74671e-05
-1.74671e-05   0.00306783
 0.000512682 -2.00284e-05
-2.00284e-05    0.0031773
  0.00051651 -2.24099e-05
-2.24099e-05   0.00329146
 0.000521047 -2.50458e-05
-2.50458e-05   0.00340827
  0.00052621 -2.77859e-05
-2.77859e-05   0.00352739
 0.000532121 -3.03645e-05
-3.03645e-05   0.00364283
 0.00053838 -3.2303e-05
-3.2303e-05  0.00376543
 0.000543735 -3.39012e-05
-3.39012e-05   0.00389133
 0.000548246 -3.56393e-05
-3.56393e-05   0.00402019
 0.000551142 -3.69594e-05
-3.69594e-05   0.00415089
 0.000552188 -3.80468e-05
-3.80468e-05   0.00428367
 0.000553086 -3.95475e-05
-3.95475e-05   0.00442043
 0.000554223 -4.17757e-05
-4.17757e-05   0.00455922
 0.000555741 -4.36486e-05
-4.36486e-05   0.00470001
 0.000557682 -4.53313e-05
-4.53313e-05   0.00484289
 0.000559738 -4.64249e-05
-4.64249e-05   0.00498699
 0.000561891 -4.74092e-05
-4.74092e-05   0.00513549
 0.000564392 -4.76252e-05
-4.76252e-05   0.00528804
 0.000567294 -4.72867e-05
-4.72867e-05   0.00544168
 0.000570792 -4.66136e-05
-4.66136e-05   0.00559956
 0.000574213 -4.65265e-05
-4.65265e-05   0.00576046
0.000576954 -4.8102e-05
-4.8102e-05  0.00591872
 0.000579328 -4.93175e-05
-4.93175e-05   0.00608528
 0.000580758 -5.34983e-05
-5.34983e-05   0.00624749
 0.000582938 -5.77086e-05
-5.77086e-05   0.00641168
 0.000586078 -6.10826e-05
-6.10826e-05   0.00657889
 0.000589563 -6.39578e-05
-6.39578e-05   0.00674842
 0.000592998 -6.66325e-05
-6.66325e-05   0.00692118
 0.000596569 -6.92127e-05
-6.92127e-05   0.00709771
 0.000600711 -7.20201e-05
-7.20201e-05   0.00727435
 0.000605237 -7.38678e-05
-7.38678e-05   0.00745495
 0.000610263 -7.55763e-05
-7.55763e-05   0.00763709
 0.000615436 -7.69165e-05
-7.69165e-05   0.00782379
 0.000620411 -7.93285e-05
-7.93285e-05   0.00801179
0.000624331  -8.176e-05
 -8.176e-05  0.00820049
 0.000627896 -8.35327e-05
-8.35327e-05   0.00839297
 0.000630582 -8.52004e-05
-8.52004e-05   0.00858902
 0.000632706 -8.73752e-05
-8.73752e-05   0.00878841
 0.000634123 -9.00342e-05
-9.00342e-05   0.00898995
 0.000635456 -9.24626e-05
-9.24626e-05   0.00919383
 0.000637198 -9.51014e-05
-9.51014e-05   0.00940016
0.000639194 -9.8984e-05
-9.8984e-05  0.00960906
 0.000641168 -0.000101406
-0.000101406   0.00981876
 0.000643042 -0.000103306
-0.000103306    0.0100318
 0.000644675 -0.000106035
-0.000106035    0.0102494
 0.000646421 -0.000107769
-0.000107769    0.0104672
  0.00064828 -0.000109498
-0.000109498    0.0106875
 0.000650348 -0.000111256
-0.000111256    0.0109117
 0.00065249 -0.00011301
-0.00011301   0.0111388
 0.000654443 -0.000114881
-0.000114881    0.0113683
 0.000656651 -0.000116996
-0.000116996    0.0115992
   0.011833 0.000119399
0.000119399 0.000658981
  0.0118341 3.78303e-06
3.78303e-06 0.000656435
   0.0118358 -0.000112248
-0.000112248  0.000656477
   0.0118356 -0.000228411
-0.000228411  0.000659016
   0.0118347 -0.000343751
-0.000343751  0.000663571
   0.0118332 -0.000459589
-0.000459589  0.000671602
    0.011832 -0.000574843
-0.000574843  0.000682641
   0.0118316 -0.000688559
-0.000688559  0.000696084
   0.0118326 -0.000802139
-0.000802139  0.000712342
    0.011835 -0.000914627
-0.000914627  0.000728735
  0.0118381 -0.00102942
-0.00102942 0.000748052
  0.0118411 -0.00114543
-0.00114543 0.000771328
  0.0118444  -0.0012622
 -0.0012622 0.000798531
  0.0118472 -0.00137681
-0.00137681 0.000827764
  0.0118505 -0.00149095
-0.00149095 0.000859692
  0.0118546 -0.00160364
-0.00160364 0.000889573
    0.01186  -0.0017177
 -0.0017177 0.000922816
  0.0118656 -0.00183191
-0.00183191  0.00095923
  0.0118718 -0.00194597
-0.00194597 0.000997576
  0.0118772 -0.00205983
-0.00205983  0.00103902
  0.0118807 -0.00217374
-0.00217374  0.00108349
  0.0118816 -0.00228809
-0.00228809  0.00113094
  0.0118816 -0.00240217
-0.00240217  0.00117857
 0.0118809 -0.0025179
-0.0025179 0.00123195
  0.0118823 -0.00263424
-0.00263424  0.00128764
  0.0118858 -0.00275071
-0.00275071  0.00134646
  0.0118897 -0.00286595
-0.00286595  0.00140796
  0.0118894 -0.00297368
-0.00297368  0.00146347
  0.0118929 -0.00308399
-0.00308399  0.00152743
  0.0118985 -0.00319444
-0.00319444  0.00159661
  0.0119064 -0.00330417
-0.00330417  0.00166464
  0.0119146 -0.00341387
-0.00341387  0.00173054
  0.0119224 -0.00352612
-0.00352612  0.00180302
  0.0119286 -0.00363766
-0.00363766  0.00187051
  0.0119344 -0.00375152
-0.00375152  0.00195381
  0.0119396 -0.00386592
-0.00386592  0.00203202
   0.011944 -0.00398033
-0.00398033  0.00211272
   0.011947 -0.00409457
-0.00409457  0.00219599
  0.0119488 -0.00420822
-0.00420822  0.00227984
  0.0119494 -0.00432046
-0.00432046  0.00236638
  0.0119509 -0.00443145
-0.00443145  0.00245724
  0.0119553 -0.00454075
-0.00454075  0.00255062
  0.0119639 -0.00464909
-0.00464909  0.00264964
  0.0119736 -0.00475749
-0.00475749  0.00274984
  0.0119802 -0.00486943
-0.00486943  0.00284738
  0.0119826 -0.00498335
-0.00498335  0.00294703
   0.011983 -0.00509735
-0.00509735  0.00304923
  0.0119829 -0.00521147
-0.00521147  0.00315129
 0.0119837 -0.0053268
-0.0053268 0.00326069
  0.0119838 -0.00543979
-0.00543979  0.00336897
  0.0119855 -0.00555431
-0.00555431  0.00348678
  0.0119869 -0.00566697
-0.00566697  0.00360128
  0.0119911 -0.00578364
-0.00578364  0.00372675
  0.0119964 -0.00589806
-0.00589806  0.00384389
  0.0120017 -0.00601114
-0.00601114  0.00396386
  0.0120046 -0.00612176
-0.00612176  0.00408462
  0.0120052 -0.00623048
-0.00623048  0.00420573
  0.0120059 -0.00633963
-0.00633963  0.00433045
  0.0120074 -0.00644962
-0.00644962  0.00445794
  0.0120096 -0.00656045
-0.00656045  0.00458821
  0.0120115 -0.00667114
-0.00667114  0.00471913
  0.0120131 -0.00678197
-0.00678197  0.00485727
  0.0120144 -0.00689273
-0.00689273  0.00499475
  0.0120162 -0.00700359
-0.00700359  0.00513461
  0.0120178 -0.00711516
-0.00711516  0.00527699
  0.0120188 -0.00722706
-0.00722706  0.00542397
  0.0120201 -0.00734011
-0.00734011  0.00556851
  0.0120225 -0.00745293
-0.00745293  0.00571874
  0.0120258 -0.00756538
-0.00756538    0.005869
    0.01203 -0.00767724
-0.00767724  0.00602013
  0.0120343 -0.00778924
-0.00778924  0.00617397
  0.0120388 -0.00790109
-0.00790109   0.0063315
   0.012043 -0.00801326
-0.00801326  0.00649276
  0.0120467 -0.00812613
-0.00812613  0.00665501
   0.01205 -0.0082389
-0.0082389 0.00681964
  0.0120529 -0.00835119
-0.00835119  0.00698586
  0.0120549 -0.00846353
-0.00846353  0.00715509
  0.0120564 -0.00857558
-0.00857558  0.00732671
  0.0120583 -0.00868665
-0.00868665  0.00750209
  0.0120609 -0.00879746
-0.00879746  0.00767872
  0.0120656 -0.00890732
-0.00890732  0.00785814
  0.0120716 -0.00901693
-0.00901693  0.00803914
  0.0120778 -0.00912527
-0.00912527  0.00822594
  0.0120763 -0.00924161
-0.00924161  0.00840606
  0.0120742 -0.00935674
-0.00935674  0.00859314
  0.0120737 -0.00947206
-0.00947206  0.00878296
  0.0120744 -0.00958876
-0.00958876  0.00897214
  0.0120769 -0.00970306
-0.00970306  0.00916834
  0.0120799 -0.00981775
-0.00981775  0.00936232
  0.0120836 -0.00993199
-0.00993199  0.00956058
 0.0120883 -0.0100459
-0.0100459 0.00976003
 0.0120931 -0.0101591
-0.0101591 0.00996387
 0.0120971 -0.0102714
-0.0102714  0.0101679
 0.0120994 -0.0103825
-0.0103825  0.0103748
 0.0121015 -0.0104936
-0.0104936  0.0105837
  0.012103 -0.0106049
-0.0106049  0.0107954
 0.0121042 -0.0107165
-0.0107165  0.0110098
 0.0121048 -0.0108283
-0.0108283   0.011227
  0.012106 -0.0109408
-0.0109408  0.0114465
 0.0121069 -0.0110531
-0.0110531  0.0116687
0.0118927 0.0111659
0.0111659 0.0121081
  0.01189 0.0110526
0.0110526 0.0118796
0.0118879 0.0109397
0.0109397 0.0116517
 0.011886 0.0108271
0.0108271 0.0114284
0.0118841 0.0107148
0.0107148 0.0112081
0.0118819 0.0106027
0.0106027 0.0109891
0.0118797 0.0104902
0.0104902 0.0107745
0.0118776 0.0103773
0.0103773 0.0105624
0.0118758 0.0102653
0.0102653 0.0103477
0.0118754  0.010151
 0.010151  0.010142
 0.0118751  0.0100377
 0.0100377 0.00993625
 0.0118742 0.00992553
0.00992553 0.00973223
 0.0118737 0.00981284
0.00981284 0.00953241
  0.011873 0.00970087
0.00970087 0.00933409
  0.011872 0.00959029
0.00959029 0.00913657
 0.0118716 0.00947967
0.00947967 0.00894185
 0.0118716 0.00936931
0.00936931 0.00874479
 0.0118717 0.00925819
0.00925819 0.00855567
 0.0118715 0.00914648
0.00914648 0.00836779
 0.0118704 0.00903428
0.00903428 0.00818331
 0.0118684 0.00892156
0.00892156 0.00799954
0.0118662 0.0088082
0.0088082 0.0078169
  0.011864 0.00869508
0.00869508 0.00763665
 0.0118616 0.00858239
0.00858239 0.00746094
  0.011859 0.00847004
0.00847004 0.00728669
 0.0118562 0.00835818
0.00835818 0.00711492
 0.0118533 0.00824683
0.00824683 0.00694564
 0.0118504 0.00813591
0.00813591 0.00677708
  0.011848 0.00802498
0.00802498 0.00661786
 0.0118456 0.00791383
0.00791383 0.00645501
 0.0118424 0.00780155
0.00780155 0.00629089
 0.0118391 0.00768897
0.00768897 0.00613221
 0.0118359 0.00757611
0.00757611 0.00597442
  0.011833 0.00746338
0.00746338 0.00582241
 0.0118303 0.00735069
0.00735069 0.00567411
 0.0118279 0.00723884
0.00723884 0.00552389
 0.0118258 0.00712722
0.00712722 0.00537595
 0.0118241 0.00701574
0.00701574 0.00523039
 0.0118223 0.00690459
0.00690459 0.00508455
 0.0118207 0.00679339
0.00679339 0.00494513
 0.0118189 0.00668236
0.00668236 0.00480787
 0.0118168 0.00657101
0.00657101 0.00467187
 0.0118144 0.00645953
0.00645953 0.00453823
 0.0118115 0.00634819
0.00634819 0.00440801
 0.0118083 0.00623631
0.00623631 0.00427894
 0.0118049 0.00612406
0.00612406  0.0041519
 0.0118017 0.00601193
0.00601193 0.00402732
 0.0117986 0.00589975
0.00589975 0.00390685
 0.0117956 0.00578769
0.00578769 0.00378726
 0.0117927   0.005676
  0.005676 0.00367064
 0.0117899  0.0055651
 0.0055651 0.00355744
  0.011788 0.00545562
0.00545562 0.00344958
 0.0117867 0.00534471
0.00534471 0.00333607
 0.0117865 0.00523442
0.00523442  0.0032286
 0.0117863 0.00512275
0.00512275 0.00312143
 0.0117862 0.00501009
0.00501009 0.00301679
 0.0117865 0.00489823
0.00489823 0.00291499
 0.0117854 0.00478249
0.00478249  0.0028052
 0.0117862 0.00466924
0.00466924 0.00270748
 0.0117878 0.00455711
0.00455711 0.00261159
 0.0117899 0.00444591
0.00444591 0.00251797
 0.0117912 0.00433559
0.00433559 0.00242689
 0.0117908 0.00422561
0.00422561  0.0023385
 0.0117848 0.00410992
0.00410992 0.00224359
 0.0117786 0.00399406
0.00399406 0.00215675
 0.0117727 0.00388088
0.00388088  0.0020709
 0.0117683 0.00376874
0.00376874 0.00199248
 0.0117599 0.00365656
0.00365656 0.00191473
 0.0117542  0.0035453
 0.0035453 0.00184222
  0.011749 0.00343142
0.00343142 0.00176832
 0.0117486 0.00331643
0.00331643 0.00169948
 0.0117516 0.00319772
0.00319772 0.00164101
  0.011757  0.0030795
 0.0030795 0.00157923
 0.0117598 0.00296192
0.00296192 0.00152708
 0.0117586 0.00284993
0.00284993 0.00147129
 0.0117403  0.0027565
 0.0027565 0.00139016
 0.0117318 0.00264997
0.00264997 0.00132684
 0.0117254 0.00254174
0.00254174  0.0012776
 0.0117185 0.00243045
0.00243045 0.00122412
 0.0117104 0.00231882
0.00231882 0.00117447
 0.0117017 0.00220743
0.00220743 0.00112677
 0.0116929 0.00209708
0.00209708 0.00108317
 0.0116855 0.00198771
0.00198771 0.00104191
 0.0116843 0.00188558
0.00188558 0.00101418
  0.0116826  0.00177708
 0.00177708 0.000977356
  0.0116816  0.00166544
 0.00166544 0.000935595
    0.01168  0.00155173
 0.00155173 0.000897425
  0.0116777  0.00143604
 0.00143604 0.000860741
  0.0116735   0.0013177
  0.0013177 0.000824983
  0.0116704  0.00120017
 0.00120017 0.000793744
  0.0116724  0.00108811
 0.00108811 0.000772825
  0.0116713 0.000971246
0.000971246 0.000748916
  0.0116706 0.000854187
0.000854187 0.000727449
  0.0116712 0.000739077
0.000739077 0.000711255
  0.0116725 0.000622866
0.000622866 0.000696141
  0.0116743 0.000506801
0.000506801 0.000683778
  0.0116764 0.000390813
0.000390813 0.000674112
  0.0116786 0.000274842
0.000274842  0.00066714
  0.0116806 0.000158838
0.000158838 0.000662887
  0.0116831 4.23543e-05
4.23543e-05 0.000662052
0.000663136 7.34981e-05
7.34981e-05   0.0116841
0.000656067 6.72346e-05
6.72346e-05   0.0114473
0.000651656 6.29321e-05
6.29321e-05    0.011215
 0.00064831 5.99192e-05
5.99192e-05   0.0109855
0.000645818 5.74565e-05
5.74565e-05   0.0107601
0.000643708 5.53638e-05
5.53638e-05   0.0105377
 0.00064161 5.37793e-05
5.37793e-05   0.0103162
0.000639437 5.22555e-05
5.22555e-05   0.0100988
0.000637029 5.07175e-05
5.07175e-05  0.00988473
0.000634868 4.79375e-05
4.79375e-05  0.00967573
0.000632569 4.53358e-05
4.53358e-05  0.00946848
0.000630852 4.20593e-05
4.20593e-05  0.00926431
0.000628668 4.01158e-05
4.01158e-05  0.00905949
0.000626063 3.76877e-05
3.76877e-05  0.00885951
0.000622499 3.70115e-05
3.70115e-05  0.00865958
0.000618964 3.61146e-05
3.61146e-05  0.00846242
0.000615205 3.50949e-05
3.50949e-05  0.00826737
0.000611409 3.34203e-05
3.34203e-05  0.00807724
0.000607495 3.26492e-05
3.26492e-05  0.00788832
0.000604049 3.19057e-05
3.19057e-05  0.00770199
0.000600859 3.13661e-05
3.13661e-05  0.00751638
0.000597907  3.0312e-05
 3.0312e-05  0.00733383
0.000595091  2.9439e-05
 2.9439e-05  0.00715642
 0.00059272 2.89563e-05
2.89563e-05  0.00698118
0.000590836 2.83314e-05
2.83314e-05  0.00680791
0.000589245 2.70604e-05
2.70604e-05  0.00663527
0.000587622 2.53358e-05
2.53358e-05  0.00646339
0.00058607 2.3712e-05
2.3712e-05 0.00629464
0.000584649 2.22204e-05
2.22204e-05  0.00612988
0.000582986 2.08033e-05
2.08033e-05  0.00596839
0.000580952 1.91683e-05
1.91683e-05  0.00580718
0.000578644 1.79329e-05
1.79329e-05  0.00565003
 0.00057578 1.69656e-05
1.69656e-05  0.00549607
0.000572538 1.59053e-05
1.59053e-05  0.00534495
0.000568388 1.49052e-05
1.49052e-05  0.00519411
 0.00056404 1.44313e-05
1.44313e-05  0.00504744
 0.00055955 1.40927e-05
1.40927e-05   0.0049036
0.000555212 1.39277e-05
1.39277e-05  0.00476339
0.000551469 1.36542e-05
1.36542e-05   0.0046254
0.000547886 1.25106e-05
1.25106e-05  0.00448539
0.000545048 1.17345e-05
1.17345e-05  0.00434883
0.000542096 1.03467e-05
1.03467e-05   0.0042135
0.000538885  8.5951e-06
 8.5951e-06  0.00408185
0.000535529  5.8759e-06
 5.8759e-06  0.00395369
0.000532617 3.07285e-06
3.07285e-06  0.00382906
 0.000530615 -5.26753e-07
-5.26753e-07   0.00370798
 0.000528397 -2.69021e-06
-2.69021e-06   0.00358718
 0.000525183 -3.22394e-06
-3.22394e-06   0.00346797
0.000520358 -1.3501e-06
-1.3501e-06  0.00334912
0.000515881 9.11484e-07
9.11484e-07  0.00323397
0.000512417 3.11166e-06
3.11166e-06  0.00311971
0.000510019 4.55757e-06
4.55757e-06  0.00300929
0.000508053 5.12243e-06
5.12243e-06  0.00290087
0.000505133 4.67644e-06
4.67644e-06  0.00279498
0.000500834 3.77706e-06
3.77706e-06  0.00269188
0.000495873 2.80511e-06
2.80511e-06  0.00259179
0.000490827 2.15125e-06
2.15125e-06   0.0024948
0.000486086 2.12263e-06
2.12263e-06  0.00240158
0.000482129 2.55829e-06
2.55829e-06  0.00231257
0.000478932 2.67326e-06
2.67326e-06  0.00222134
0.000476193 1.91478e-06
1.91478e-06  0.00213095
0.000473954 9.81924e-07
9.81924e-07  0.00204255
0.000472278 5.21042e-07
5.21042e-07   0.0019569
0.000470914 5.02296e-07
5.02296e-07  0.00187454
0.000469168 4.23753e-07
4.23753e-07  0.00179493
0.000467117 5.46642e-07
5.46642e-07  0.00171782
0.000464584  5.6658e-07
 5.6658e-07  0.00164355
0.000461576 4.22938e-07
4.22938e-07  0.00157178
0.000458505  1.1417e-07
 1.1417e-07  0.00150259
 0.000455575 -4.77451e-07
-4.77451e-07   0.00143597
  0.00045299 -1.14247e-06
-1.14247e-06   0.00137105
 0.000450798 -1.45872e-06
-1.45872e-06    0.0013073
 0.000448806 -1.54471e-06
-1.54471e-06   0.00124561
 0.000446939 -1.66467e-06
-1.66467e-06   0.00118612
 0.00044544 -1.8976e-06
-1.8976e-06  0.00112897
 0.000444102 -2.47337e-06
-2.47337e-06   0.00107387
 0.000443026 -3.26873e-06
-3.26873e-06   0.00102117
 0.000442143 -3.87332e-06
-3.87332e-06  0.000970607
 0.000441119 -4.36386e-06
-4.36386e-06  0.000922927
 0.000439405 -4.27765e-06
-4.27765e-06  0.000877324
 0.000437123 -4.00033e-06
-4.00033e-06  0.000834479
0.000434715 -3.5439e-06
-3.5439e-06 0.000794144
 0.000432471 -2.83015e-06
-2.83015e-06  0.000755766
 0.000430631 -2.12516e-06
-2.12516e-06  0.000719278
 0.000429182 -1.57169e-06
-1.57169e-06  0.000684519
 0.000427906 -1.30532e-06
-1.30532e-06  0.000651614
 0.000426201 -1.51079e-06
-1.51079e-06  0.000621206
 0.000424656 -1.82597e-06
-1.82597e-06  0.000593007
 0.000423023 -2.48549e-06
-2.48549e-06  0.000567231
 0.000421706 -3.22964e-06
-3.22964e-06  0.000543724
 0.000420768 -3.92466e-06
-3.92466e-06  0.000522223
 0.000420028 -4.13324e-06
-4.13324e-06  0.000501785
  0.00041951 -3.83691e-06
-3.83691e-06  0.000483656
 0.000419058 -3.36397e-06
-3.36397e-06  0.000467317
 0.000418831 -2.94224e-06
-2.94224e-06  0.000453468
  0.00041873 -2.90456e-06
-2.90456e-06  0.000441969
 0.000418657 -3.29565e-06
-3.29565e-06  0.000432167
 0.000418952 -3.65964e-06
-3.65964e-06  0.000424528
 0.000419358 -3.97105e-06
-3.97105e-06  0.000418917
 0.000419664 -4.18582e-06
-4.18582e-06  0.000415319
