     0.0004 1.43136e-14
1.43136e-14      0.0004
0.000421258 3.34935e-06
3.34935e-06 0.000441836
0.000422037 2.60927e-06
2.60927e-06 0.000444354
0.000423105 2.33836e-06
2.33836e-06 0.000450125
0.000424051 2.26507e-06
2.26507e-06 0.000458921
0.000424774 2.07266e-06
2.07266e-06 0.000470317
0.000425484 1.40816e-06
1.40816e-06 0.000485528
0.000426516  1.3056e-07
 1.3056e-07 0.000504006
 0.000428075 -1.32712e-06
-1.32712e-06  0.000523658
0.000430904 -4.1054e-06
-4.1054e-06 0.000548261
 0.000433518 -5.89527e-06
-5.89527e-06   0.00057303
 0.000435218 -5.93486e-06
-5.93486e-06  0.000598871
 0.000436975 -5.59659e-06
-5.59659e-06  0.000627478
 0.000438384 -3.88275e-06
-3.88275e-06  0.000658104
 0.000439556 -1.16591e-06
-1.16591e-06  0.000689527
0.000441323 1.50693e-06
1.50693e-06 0.000724496
0.000443703 3.90097e-06
3.90097e-06 0.000760722
0.000446724 6.05062e-06
6.05062e-06 0.000802113
0.000449562 7.21946e-06
7.21946e-06 0.000845765
 0.00045242 7.65075e-06
7.65075e-06 0.000892111
0.000455002 7.05338e-06
7.05338e-06 0.000939983
0.000457177 5.38461e-06
5.38461e-06 0.000990001
 0.00045949 3.70034e-06
3.70034e-06  0.00104309
0.000461999 2.55832e-06
2.55832e-06  0.00110015
0.000464002 1.72632e-06
1.72632e-06  0.00115983
0.00046566 1.6909e-06
1.6909e-06 0.00122243
0.000467227 2.52856e-06
2.52856e-06  0.00128776
0.000469329 4.08001e-06
4.08001e-06  0.00135491
0.000472394 6.23925e-06
6.23925e-06  0.00142699
0.000474872 6.93022e-06
6.93022e-06  0.00149983
0.000476862 6.13769e-06
6.13769e-06  0.00157424
0.000478558 4.57935e-06
4.57935e-06  0.00165286
0.000480522 2.54533e-06
2.54533e-06  0.00173406
0.000483001 6.92859e-07
6.92859e-07   0.0018197
 0.000485935 -1.09298e-06
-1.09298e-06   0.00190936
 0.000488804 -1.77746e-06
-1.77746e-06   0.00199892
 0.000492011 -2.04773e-06
-2.04773e-06   0.00209064
 0.000495549 -2.03635e-06
-2.03635e-06   0.00218491
 0.000499294 -1.62809e-06
-1.62809e-06   0.00228089
 0.000503185 -1.20385e-06
-1.20385e-06   0.00238187
0.000507026 -6.6816e-07
-6.6816e-07  0.00248614
0.000510362 -3.9861e-07
-3.9861e-07  0.00259293
 0.000513297 -3.06847e-07
-3.06847e-07   0.00270284
  0.00051607 -1.79193e-07
-1.79193e-07   0.00281655
 0.000518252 -7.05424e-07
-7.05424e-07   0.00293243
 0.000520495 -1.62924e-06
-1.62924e-06   0.00305135
 0.000522651 -2.68833e-06
-2.68833e-06    0.0031728
0.000525064 -3.8475e-06
-3.8475e-06  0.00329781
 0.000527557 -4.95588e-06
-4.95588e-06   0.00342528
 0.000530235 -5.56155e-06
-5.56155e-06   0.00355642
 0.000533339 -5.14187e-06
-5.14187e-06   0.00369177
 0.000537579 -3.15824e-06
-3.15824e-06   0.00383265
 0.000542916 -1.68921e-06
-1.68921e-06   0.00397206
 0.000548687 -1.00447e-06
-1.00447e-06   0.00411582
  0.00055402 -2.61443e-06
-2.61443e-06   0.00425932
 0.000560649 -4.15543e-06
-4.15543e-06   0.00440604
 0.000567055 -5.66686e-06
-5.66686e-06   0.00455729
 0.000572603 -9.89942e-06
-9.89942e-06   0.00470441
 0.000580385 -1.25218e-05
-1.25218e-05   0.00486142
 0.000588476 -1.49031e-05
-1.49031e-05   0.00502056
 0.000597535 -1.63687e-05
-1.63687e-05   0.00518238
 0.000606316 -1.69187e-05
-1.69187e-05   0.00534747
 0.000613754 -1.72131e-05
-1.72131e-05   0.00551611
 0.000617919 -2.16112e-05
-2.16112e-05    0.0056799
  0.00062451 -2.75368e-05
-2.75368e-05   0.00585162
 0.000628113 -3.10613e-05
-3.10613e-05   0.00602475
 0.000634973 -3.57878e-05
-3.57878e-05   0.00620555
 0.000636851 -3.91879e-05
-3.91879e-05   0.00638735
 0.000639525 -4.21341e-05
-4.21341e-05   0.00657464
 0.000642602 -4.64996e-05
-4.64996e-05    0.0067619
 0.000649102 -5.28146e-05
-5.28146e-05   0.00695493
0.000662449 -6.7524e-05
-6.7524e-05   0.0071611
 0.000676922 -7.90774e-05
-7.90774e-05   0.00736245
 0.000693947 -9.37225e-05
-9.37225e-05   0.00757413
 0.000707648 -0.000101175
-0.000101175   0.00778193
 0.000706709 -8.75803e-05
-8.75803e-05   0.00796174
 0.000709297 -8.36985e-05
-8.36985e-05    0.0081602
 0.000713192 -8.35768e-05
-8.35768e-05   0.00837502
 0.000714309 -8.36402e-05
-8.36402e-05   0.00858553
 0.000713308 -8.39055e-05
-8.39055e-05   0.00880069
 0.000710926 -8.28101e-05
-8.28101e-05   0.00901812
 0.000709128 -8.14241e-05
-8.14241e-05   0.00924042
 0.000709513 -7.89073e-05
-7.89073e-05   0.00946574
 0.000715511 -6.94406e-05
-6.94406e-05    0.0097078
 0.000721239 -6.49763e-05
-6.49763e-05   0.00993891
 0.000727148 -6.23753e-05
-6.23753e-05    0.0101616
 0.000731781 -6.29437e-05
-6.29437e-05    0.0103896
 0.000733945 -6.60063e-05
-6.60063e-05    0.0106197
 0.000733282 -7.19196e-05
-7.19196e-05    0.0108515
0.000732163 -7.7461e-05
-7.7461e-05   0.0110888
 0.000732134 -7.63598e-05
-7.63598e-05    0.0113418
 0.000732323 -8.13757e-05
-8.13757e-05    0.0115878
 0.000733309 -8.67633e-05
-8.67633e-05    0.0118359
 0.000735882 -8.95686e-05
-8.95686e-05     0.012092
 0.000739076 -9.36963e-05
-9.36963e-05    0.0123478
0.000742972 -9.7511e-05
-9.7511e-05   0.0126068
 0.000747262 -0.000101067
-0.000101067    0.0128687
 0.000751624 -0.000104407
-0.000104407    0.0131337
 0.000755774 -0.000107543
-0.000107543    0.0134018
 0.000760464 -0.000111191
-0.000111191    0.0136743
  0.0139487 0.000113555
0.000113555 0.000763414
   0.0139431 -2.57505e-05
-2.57505e-05  0.000754902
   0.0139402 -0.000163887
-0.000163887  0.000750661
   0.0139383 -0.000300383
-0.000300383  0.000749795
   0.0139377 -0.000436332
-0.000436332  0.000753256
   0.0139378 -0.000571877
-0.000571877  0.000760157
    0.013938 -0.000706602
-0.000706602  0.000768917
   0.0139388 -0.000841125
-0.000841125  0.000781908
   0.0139394 -0.000975987
-0.000975987  0.000798677
  0.0139414 -0.00111194
-0.00111194 0.000820292
  0.0139431 -0.00124751
-0.00124751 0.000844376
  0.0139477 -0.00138273
-0.00138273 0.000872762
  0.0139505 -0.00151811
-0.00151811 0.000901545
  0.0139555 -0.00165443
-0.00165443 0.000934022
  0.0139576 -0.00178928
-0.00178928 0.000967528
  0.0139597 -0.00192458
-0.00192458  0.00100445
  0.0139619 -0.00205991
-0.00205991  0.00104443
  0.0139657 -0.00219629
-0.00219629  0.00108975
  0.0139679 -0.00233147
-0.00233147   0.0011371
 0.0139709 -0.0024668
-0.0024668 0.00118757
  0.0139739 -0.00260115
-0.00260115  0.00123862
  0.0139771 -0.00273653
-0.00273653  0.00129363
  0.0139807 -0.00287214
-0.00287214   0.0013543
  0.0139847 -0.00300738
-0.00300738  0.00141782
 0.0139888 -0.0031432
-0.0031432  0.0014836
  0.0139929 -0.00327931
-0.00327931  0.00155037
  0.0139969 -0.00341523
-0.00341523  0.00161714
  0.0140008 -0.00355105
-0.00355105  0.00168808
 0.0140046 -0.0036866
-0.0036866 0.00176368
  0.0140081 -0.00382227
-0.00382227  0.00184305
  0.0140123 -0.00395675
-0.00395675   0.0019213
  0.0140156 -0.00409151
-0.00409151  0.00200533
  0.0140184 -0.00422636
-0.00422636   0.0020932
  0.0140218 -0.00436186
-0.00436186  0.00218462
  0.0140248 -0.00449551
-0.00449551  0.00227461
  0.0140268 -0.00462905
-0.00462905  0.00236995
  0.0140285 -0.00476225
-0.00476225  0.00246822
  0.0140301 -0.00489549
-0.00489549  0.00257095
   0.014033 -0.00502927
-0.00502927  0.00267708
  0.0140363 -0.00516445
-0.00516445  0.00277833
  0.0140396 -0.00529837
-0.00529837  0.00288623
  0.0140425 -0.00543327
-0.00543327  0.00299423
  0.0140445 -0.00556867
-0.00556867   0.0031081
  0.0140472 -0.00570528
-0.00570528  0.00322495
  0.0140493 -0.00584136
-0.00584136   0.0033465
  0.0140538 -0.00597875
-0.00597875  0.00347188
  0.0140575 -0.00611355
-0.00611355  0.00359553
  0.0140605 -0.00624759
-0.00624759  0.00372197
  0.0140619 -0.00638031
-0.00638031  0.00384947
  0.0140636 -0.00651357
-0.00651357  0.00398414
 0.0140664 -0.0066463
-0.0066463 0.00411737
  0.0140708 -0.00678012
-0.00678012  0.00425608
  0.0140748 -0.00691374
-0.00691374  0.00439566
  0.0140778 -0.00704817
-0.00704817  0.00453724
  0.0140791 -0.00718274
-0.00718274  0.00468146
  0.0140792 -0.00731694
-0.00731694  0.00482908
   0.014079 -0.00745092
-0.00745092  0.00497995
  0.0140787 -0.00758483
-0.00758483  0.00513573
 0.0140792 -0.0077189
-0.0077189 0.00530019
  0.0140805 -0.00785262
-0.00785262  0.00545885
  0.0140818 -0.00798704
-0.00798704  0.00561987
  0.0140839 -0.00812144
-0.00812144  0.00578311
  0.0140869 -0.00825533
-0.00825533  0.00594901
    0.01409 -0.00838881
-0.00838881  0.00611924
  0.0140927 -0.00852289
-0.00852289  0.00629108
  0.0140953 -0.00865639
-0.00865639  0.00646437
  0.0140969 -0.00878966
-0.00878966  0.00664116
  0.0140978 -0.00892321
-0.00892321  0.00682044
  0.0140984 -0.00905675
-0.00905675  0.00700283
  0.0140991 -0.00919089
-0.00919089   0.0071895
  0.0141002 -0.00932515
-0.00932515  0.00737752
  0.0141017 -0.00945899
-0.00945899  0.00756653
  0.0141035 -0.00959242
-0.00959242  0.00775833
  0.0141055 -0.00972599
-0.00972599  0.00795204
 0.0141079 -0.0098593
-0.0098593  0.0081499
  0.0141105 -0.00999301
-0.00999301  0.00835043
 0.0141132 -0.0101271
-0.0101271  0.0085548
 0.0141165 -0.0102608
-0.0102608 0.00876057
 0.0141191 -0.0103948
-0.0103948 0.00897128
 0.0141211  -0.010528
 -0.010528 0.00918195
 0.0141215 -0.0106613
-0.0106613 0.00939685
 0.0141217 -0.0107943
-0.0107943 0.00961409
 0.0141216  -0.010927
 -0.010927 0.00983332
 0.0141223 -0.0110597
-0.0110597  0.0100548
 0.0141234 -0.0111926
-0.0111926  0.0102789
 0.0141249 -0.0113258
-0.0113258  0.0105055
 0.0141263 -0.0114596
-0.0114596  0.0107349
 0.0141277 -0.0115933
-0.0115933  0.0109671
 0.0141291 -0.0117275
-0.0117275  0.0112022
 0.0141311 -0.0118618
-0.0118618  0.0114409
 0.0141337 -0.0119961
-0.0119961  0.0116831
 0.0141359 -0.0121302
-0.0121302  0.0119267
 0.0141383 -0.0122635
-0.0122635  0.0121733
0.0141403 -0.012397
-0.012397 0.0124219
 0.0141423 -0.0125304
-0.0125304  0.0126739
 0.0141446 -0.0126643
-0.0126643  0.0129298
 0.0141469 -0.0127988
-0.0127988  0.0131873
 0.0141495 -0.0129332
-0.0129332  0.0134484
 0.0141521 -0.0130676
-0.0130676  0.0137124
 0.0141544 -0.0132018
-0.0132018  0.0139794
0.0142494 0.0133359
0.0133359 0.0141562
0.0142465    0.0132
   0.0132 0.0138897
0.0142434 0.0130643
0.0130643 0.0136255
0.0142412 0.0129285
0.0129285 0.0133647
0.0142392  0.012793
 0.012793 0.0131068
0.0142384  0.012658
 0.012658 0.0128519
0.0142371 0.0125239
0.0125239 0.0125988
0.0142351 0.0123898
0.0123898 0.0123508
0.0142332 0.0122557
0.0122557 0.0121041
0.0142303 0.0121211
0.0121211  0.011862
 0.014227 0.0119861
0.0119861 0.0116203
0.0142257 0.0118511
0.0118511 0.0113785
0.0142249 0.0117161
0.0117161 0.0111396
0.0142246 0.0115809
0.0115809 0.0109072
 0.014223 0.0114468
0.0114468 0.0106769
0.0142207  0.011312
 0.011312 0.0104497
 0.014219 0.0111774
0.0111774 0.0102281
0.0142161 0.0110438
0.0110438 0.0100048
 0.0142142  0.0109105
 0.0109105 0.00978529
 0.0142137  0.0107768
 0.0107768 0.00956517
 0.0142122  0.0106421
 0.0106421 0.00934962
 0.0142104  0.0105076
 0.0105076 0.00913745
 0.0142089  0.0103713
 0.0103713 0.00892486
 0.0142061  0.0102365
 0.0102365 0.00871765
  0.014203  0.0101012
 0.0101012 0.00851553
 0.0141997 0.00996664
0.00996664 0.00831352
 0.0141962 0.00983151
0.00983151 0.00811555
 0.0141928 0.00969662
0.00969662 0.00792077
   0.01419   0.009562
  0.009562 0.00772801
 0.0141877 0.00942701
0.00942701 0.00753894
 0.0141869 0.00929209
0.00929209 0.00734906
 0.0141861 0.00915731
0.00915731 0.00715979
 0.0141854 0.00902252
0.00902252 0.00697424
 0.0141845 0.00888795
0.00888795   0.006792
 0.0141833 0.00875322
0.00875322 0.00661103
 0.0141815 0.00861865
0.00861865 0.00643381
 0.0141793 0.00848391
0.00848391 0.00625958
  0.014177 0.00834889
0.00834889 0.00608834
  0.014175 0.00821364
0.00821364 0.00592303
 0.0141734 0.00807807
0.00807807 0.00575682
 0.0141721  0.0079427
 0.0079427 0.00559315
  0.014171 0.00780766
0.00780766 0.00543232
 0.0141697 0.00767289
0.00767289 0.00527515
 0.0141682 0.00753842
0.00753842 0.00511776
 0.0141657 0.00740446
0.00740446 0.00496454
 0.0141638 0.00727055
0.00727055  0.0048156
 0.0141621 0.00713716
0.00713716  0.0046699
 0.0141608 0.00700391
0.00700391 0.00452763
 0.0141595 0.00687049
0.00687049  0.0043886
 0.0141558 0.00673461
0.00673461 0.00424442
 0.0141528 0.00659878
0.00659878 0.00410525
 0.0141512 0.00646379
0.00646379 0.00397217
 0.0141509 0.00632818
0.00632818 0.00384193
 0.0141514 0.00619283
0.00619283 0.00371418
  0.014155 0.00605492
0.00605492 0.00357649
 0.0141574 0.00591947
0.00591947  0.0034518
 0.0141579 0.00578517
0.00578517 0.00333196
 0.0141564 0.00565044
0.00565044 0.00321565
  0.014153 0.00551513
0.00551513 0.00310121
 0.0141483 0.00538016
0.00538016 0.00298728
 0.0141429 0.00524484
0.00524484 0.00287903
 0.0141368 0.00510847
0.00510847 0.00277297
 0.0141325 0.00497263
0.00497263 0.00266844
 0.0141282 0.00483697
0.00483697 0.00256664
 0.0141238 0.00470151
0.00470151  0.0024662
 0.0141182 0.00456697
0.00456697 0.00237237
  0.014113 0.00443323
0.00443323 0.00228334
  0.014109 0.00429881
0.00429881  0.0021941
 0.0141061 0.00416477
0.00416477 0.00210975
  0.014103 0.00403082
0.00403082 0.00202846
 0.0140986 0.00389347
0.00389347 0.00194381
 0.0140962 0.00375813
0.00375813 0.00186926
 0.0140922 0.00361938
0.00361938 0.00178945
 0.0140894 0.00348104
0.00348104 0.00171217
 0.0140874 0.00334356
0.00334356 0.00163842
 0.0140852 0.00320578
0.00320578 0.00156746
 0.0140829  0.0030678
 0.0030678 0.00150028
 0.0140813 0.00293026
0.00293026 0.00143733
 0.0140795 0.00279145
0.00279145  0.0013742
 0.0140791  0.0026551
 0.0026551 0.00131581
 0.0140778 0.00251831
0.00251831 0.00125819
 0.0140771 0.00238276
0.00238276 0.00120691
 0.0140738 0.00224557
0.00224557 0.00115744
 0.0140708 0.00210788
0.00210788  0.0011097
 0.0140691 0.00197147
0.00197147 0.00106638
  0.014067 0.00183556
0.00183556 0.00102698
  0.0140641  0.00169951
 0.00169951 0.000991501
   0.014061  0.00156258
 0.00156258 0.000959165
  0.0140591  0.00142549
 0.00142549 0.000929461
   0.014058  0.00128833
 0.00128833 0.000902475
  0.0140554  0.00115064
 0.00115064 0.000878433
  0.0140538  0.00101404
 0.00101404 0.000855613
   0.014052 0.000878466
0.000878466 0.000836304
  0.0140482 0.000742964
0.000742964 0.000821687
  0.0140464 0.000607153
0.000607153 0.000808691
  0.0140448 0.000471196
0.000471196  0.00079898
  0.0140434  0.00033545
 0.00033545 0.000793143
  0.0140421 0.000199831
0.000199831 0.000790688
   0.014041 6.41925e-05
6.41925e-05 0.000790974
   0.0140406 -7.32977e-05
-7.32977e-05   0.00079452
0.000801247 0.000211274
0.000211274   0.0140407
 0.00079985 0.000207506
0.000207506   0.0137633
0.000797801  0.00020258
 0.00020258    0.013489
0.000794002 0.000197778
0.000197778   0.0132175
0.000788975 0.000193229
0.000193229   0.0129471
0.000783016  0.00018831
 0.00018831   0.0126817
0.000776614 0.000183663
0.000183663   0.0124193
0.000770203 0.000179684
0.000179684   0.0121581
0.000764815 0.000176065
0.000176065   0.0119013
0.000760528 0.000173029
0.000173029   0.0116442
0.000757407 0.000168855
0.000168855   0.0113928
 0.00075443 0.000163985
0.000163985   0.0111467
0.000751358  0.00015879
 0.00015879   0.0109058
 0.00074792 0.000154919
0.000154919    0.010665
0.000744843 0.000151394
0.000151394   0.0104273
0.000742457 0.000148847
0.000148847   0.0101864
0.000741155 0.000145633
0.000145633  0.00995107
0.000740716 0.000142724
0.000142724  0.00972022
0.000740711 0.000139576
0.000139576  0.00949097
0.000739812 0.000136464
0.000136464  0.00926516
0.000736377 0.000133105
0.000133105  0.00904278
0.000729796 0.000129006
0.000129006  0.00882376
0.000721513 0.000124063
0.000124063  0.00860478
0.000714179 0.000118078
0.000118078  0.00839286
0.000709762 0.000110945
0.000110945  0.00818342
0.000708012 0.000103775
0.000103775  0.00797789
0.000705722 9.84258e-05
9.84258e-05  0.00777588
0.000697805 0.000101285
0.000101285  0.00756721
0.000690875 0.000101946
0.000101946  0.00736824
0.000686082 0.000103599
0.000103599  0.00717547
0.000684141 0.000104267
0.000104267  0.00698127
0.000682861 0.000104141
0.000104141  0.00678511
0.000681738 0.000101565
0.000101565  0.00659655
0.000679029 9.78981e-05
9.78981e-05  0.00640473
0.000676808 9.48216e-05
9.48216e-05  0.00622701
0.000674268 8.97504e-05
8.97504e-05  0.00604644
0.000670781  8.4585e-05
 8.4585e-05  0.00586936
0.000665293 7.95881e-05
7.95881e-05  0.00569583
0.000656619 7.43131e-05
7.43131e-05  0.00552417
0.000646613 7.09283e-05
7.09283e-05   0.0053565
0.000637507 6.98413e-05
6.98413e-05  0.00519375
0.00063101 7.0713e-05
7.0713e-05 0.00503462
0.000628361 7.31728e-05
7.31728e-05  0.00488105
0.000627564 7.52623e-05
7.52623e-05  0.00472998
0.000625469 7.25985e-05
7.25985e-05   0.0045736
 0.00062045 6.71612e-05
6.71612e-05   0.0044193
0.000614001 6.13091e-05
6.13091e-05   0.0042688
  0.0006067 5.56689e-05
5.56689e-05  0.00412098
0.000599485 5.00285e-05
5.00285e-05  0.00398033
0.000592141 4.55497e-05
4.55497e-05  0.00384059
0.000586329 4.02564e-05
4.02564e-05  0.00370921
0.000581175 3.56175e-05
3.56175e-05    0.003578
0.000578554 2.78605e-05
2.78605e-05  0.00345611
0.000576734 2.21358e-05
2.21358e-05  0.00332929
0.000575599 1.82876e-05
1.82876e-05  0.00320351
0.000571971  1.8653e-05
 1.8653e-05  0.00307683
0.000565646 2.20934e-05
2.20934e-05  0.00295104
0.000559579 2.51447e-05
2.51447e-05  0.00282987
0.000554432 2.71017e-05
2.71017e-05  0.00271313
0.000549996 2.78875e-05
2.78875e-05  0.00260059
0.000544701 2.84454e-05
2.84454e-05  0.00249146
0.000539435 2.87058e-05
2.87058e-05  0.00238749
0.000534247 2.92588e-05
2.92588e-05  0.00228563
0.000529718 2.96833e-05
2.96833e-05  0.00218678
0.000524958 2.89989e-05
2.89989e-05  0.00209094
0.00051943 2.7281e-05
2.7281e-05 0.00199956
0.000513601 2.50501e-05
2.50501e-05  0.00190966
0.000509396 2.26846e-05
2.26846e-05  0.00182332
0.000506543 2.09394e-05
2.09394e-05  0.00173685
0.000504333 2.00488e-05
2.00488e-05  0.00165207
0.000502355  1.8973e-05
 1.8973e-05  0.00157135
0.000500028 1.75908e-05
1.75908e-05  0.00149461
0.000497737 1.58677e-05
1.58677e-05  0.00142128
0.000495376 1.40971e-05
1.40971e-05  0.00135043
0.000492932  1.2728e-05
 1.2728e-05  0.00128229
0.000490043 1.18228e-05
1.18228e-05  0.00121698
0.000486885 1.15676e-05
1.15676e-05  0.00115431
0.000483447 1.19418e-05
1.19418e-05  0.00109474
 0.00048044 1.33043e-05
1.33043e-05  0.00103901
0.000478839 1.56822e-05
1.56822e-05 0.000986538
0.000479431 1.95043e-05
1.95043e-05 0.000938335
 0.00048156 2.44644e-05
2.44644e-05 0.000894452
0.000482523 2.88364e-05
2.88364e-05 0.000855038
0.000472692 2.26715e-05
2.26715e-05 0.000809096
0.000463529 1.60091e-05
1.60091e-05 0.000765642
0.000455832  8.8601e-06
 8.8601e-06 0.000723692
0.000450201 2.50395e-06
2.50395e-06 0.000682561
 0.000446853 -1.50091e-06
-1.50091e-06  0.000648469
 0.000444705 -3.73898e-06
-3.73898e-06  0.000615164
 0.000443052 -5.96717e-06
-5.96717e-06  0.000586539
 0.000441891 -7.03878e-06
-7.03878e-06  0.000558502
 0.000441732 -8.45269e-06
-8.45269e-06  0.000533432
 0.000442016 -8.86979e-06
-8.86979e-06   0.00051007
 0.000442244 -8.15115e-06
-8.15115e-06  0.000489385
  0.00044261 -7.06464e-06
-7.06464e-06   0.00047159
 0.000442812 -5.88906e-06
-5.88906e-06  0.000456776
 0.000442721 -4.89799e-06
-4.89799e-06   0.00044476
 0.000442477 -4.49523e-06
-4.49523e-06  0.000435662
 0.000441824 -4.21336e-06
-4.21336e-06  0.000428519
 0.000441316 -4.37671e-06
-4.37671e-06  0.000424012
