8.95732e-06 8.39236e-08
8.39236e-08 6.11899e-06
 9.84588e-06 -4.05225e-07
-4.05225e-07  7.08688e-06
 8.30501e-06 -3.84444e-07
-3.84444e-07  6.15852e-06
 8.17695e-06 -2.27468e-07
-2.27468e-07   7.4393e-06
8.78871e-06 8.16464e-08
8.16464e-08 8.09399e-06
 7.6863e-06 3.57563e-07
3.57563e-07 7.99319e-06
 7.47974e-06 -5.04019e-08
-5.04019e-08    7.749e-06
 1.41109e-05 -1.13149e-07
-1.13149e-07  8.87593e-06
7.15657e-06 3.86459e-07
3.86459e-07 9.49443e-06
8.77219e-06 2.90831e-07
2.90831e-07 5.62852e-06
6.90096e-06 4.28299e-07
4.28299e-07 5.94339e-06
  7.0244e-06 -4.33263e-07
-4.33263e-07  8.15403e-06
6.84407e-06 3.93018e-08
3.93018e-08 7.23786e-06
7.72935e-06 2.29405e-08
2.29405e-08 8.25207e-06
6.80345e-06 3.84367e-07
3.84367e-07  7.4431e-06
  6.4637e-06 -4.52098e-07
-4.52098e-07  6.62871e-06
1.01065e-05  1.9415e-07
 1.9415e-07 6.82684e-06
 7.28567e-06 -9.13019e-08
-9.13019e-08  7.22713e-06
7.37087e-06 3.65632e-08
3.65632e-08 5.52306e-06
1.07123e-05 6.89126e-07
6.89126e-07 6.34555e-06
2.42187e-05 1.14762e-05
1.14762e-05 2.34807e-05
 8.41934e-06 -1.08038e-07
-1.08038e-07  7.79039e-06
  7.4473e-06 -5.55451e-08
-5.55451e-08  7.48599e-06
1.47636e-05 3.05977e-06
3.05977e-06 8.75246e-06
 5.13821e-06 -2.50202e-07
-2.50202e-07  7.10469e-06
1.03843e-05   6.803e-08
  6.803e-08  6.8054e-06
6.89706e-06 4.77037e-07
4.77037e-07 6.72307e-06
6.07651e-06 1.89605e-08
1.89605e-08 6.28565e-06
8.01172e-06  -8.115e-08
 -8.115e-08 7.52672e-06
 5.89419e-06 -6.05886e-08
-6.05886e-08  5.10283e-06
 6.7591e-06 -1.1196e-07
-1.1196e-07 7.18341e-06
 1.84033e-05 -4.56849e-06
-4.56849e-06  1.07404e-05
 5.94166e-06 -3.85533e-07
-3.85533e-07  6.62035e-06
 6.42204e-06 -4.74003e-07
-4.74003e-07   5.6776e-06
 8.91316e-06 -8.87871e-08
-8.87871e-08  8.19238e-06
 7.68149e-06 -7.93059e-08
-7.93059e-08  7.61533e-06
 1.09076e-05 -3.04822e-07
-3.04822e-07  7.36924e-06
8.42562e-06 9.69898e-08
9.69898e-08 9.08428e-06
8.11599e-06 5.65324e-08
5.65324e-08 5.71295e-06
  8.3264e-06 -1.00388e-07
-1.00388e-07  7.53956e-06
 7.7873e-06 4.25419e-07
4.25419e-07 7.17271e-06
  8.0526e-06 -8.08221e-07
-8.08221e-07  1.36008e-05
 1.59292e-05 -3.84022e-06
-3.84022e-06  9.63348e-06
9.90971e-06 8.34503e-10
8.34503e-10 8.51565e-06
8.41438e-06 7.39005e-08
7.39005e-08 8.93918e-06
 6.01803e-06 -5.83179e-08
-5.83179e-08  7.84782e-06
 9.19894e-06 -6.17495e-09
-6.17495e-09  8.33711e-06
 7.67022e-06 -4.49059e-08
-4.49059e-08  7.05277e-06
1.08497e-05 5.06256e-06
5.06256e-06 1.35184e-05
 4.79744e-06 -8.74239e-07
-8.74239e-07  4.94888e-06
 6.56585e-06 -5.72646e-08
-5.72646e-08  6.98513e-06
 7.79917e-06 -3.54315e-07
-3.54315e-07  7.43234e-06
 6.32454e-06 -3.76238e-07
-3.76238e-07  8.52326e-06
 8.56363e-06 -9.11186e-08
-9.11186e-08  9.16638e-06
 9.13094e-06 -3.13439e-08
-3.13439e-08  9.92729e-06
 1.40911e-05 -6.67478e-08
-6.67478e-08  8.89424e-06
 9.03869e-06 -7.43536e-08
-7.43536e-08  8.30178e-06
8.07354e-06 3.52907e-09
3.52907e-09 7.66853e-06
6.71315e-06 4.04976e-08
4.04976e-08 5.55565e-06
 8.80973e-06 -7.57097e-08
-7.57097e-08  7.88812e-06
5.78378e-06 8.65976e-07
8.65976e-07 5.22579e-06
7.40704e-06 6.95749e-08
6.95749e-08 8.17281e-06
7.16457e-06 5.66001e-07
5.66001e-07 6.43865e-06
8.73526e-06 2.46491e-07
2.46491e-07 7.96005e-06
 5.83537e-06 -9.37826e-07
-9.37826e-07  6.04165e-06
6.42223e-06  -4.096e-07
 -4.096e-07  8.0079e-06
 7.21646e-06 -4.94059e-08
-4.94059e-08  6.08594e-06
  5.5319e-06 -3.27081e-08
-3.27081e-08  7.16085e-06
2.10679e-05 8.51432e-06
8.51432e-06 1.66172e-05
 1.13643e-05 -4.55605e-06
-4.55605e-06  1.91153e-05
  6.3521e-06 -9.69066e-07
-9.69066e-07  6.19153e-06
7.41918e-06 3.59934e-07
3.59934e-07  6.8769e-06
8.19016e-06 -3.3919e-08
-3.3919e-08  6.5246e-06
7.91134e-06 1.75617e-09
1.75617e-09 7.84369e-06
 6.57554e-06 -3.96453e-07
-3.96453e-07  8.07778e-06
 8.45614e-06 -3.53375e-07
-3.53375e-07  7.41165e-06
7.98208e-06 9.10079e-08
9.10079e-08 7.97353e-06
7.79128e-06 6.34722e-07
6.34722e-07 7.23623e-06
 7.19093e-06 -1.11749e-07
-1.11749e-07  6.88822e-06
7.96626e-06 9.19748e-08
9.19748e-08 7.90709e-06
7.26816e-06 7.54377e-08
7.54377e-08 6.27329e-06
 7.54525e-06 -1.38396e-07
-1.38396e-07  7.73109e-06
  1.0041e-05 -3.30748e-07
-3.30748e-07  8.40067e-06
9.40423e-06 -5.7296e-08
-5.7296e-08 9.43613e-06
5.55062e-06 3.73685e-08
3.73685e-08 6.07683e-06
6.67277e-06 1.15934e-07
1.15934e-07 5.83153e-06
 7.12175e-06 -1.55346e-07
-1.55346e-07  7.82409e-06
 5.74575e-06 -1.34605e-07
-1.34605e-07  5.18119e-06
7.10291e-06 6.19728e-09
6.19728e-09 5.73732e-06
8.14472e-06 2.87111e-07
2.87111e-07 7.50892e-06
7.87259e-06 3.98099e-08
3.98099e-08 9.25239e-06
8.03387e-06 8.38018e-08
8.38018e-08 6.77873e-06
 6.47873e-06 -1.31213e-07
-1.31213e-07  6.56034e-06
1.89426e-05 5.06925e-06
5.06925e-06 1.13249e-05
 5.47381e-06 -4.15422e-07
-4.15422e-07  6.68205e-06
9.61718e-06 1.76541e-07
1.76541e-07 8.63761e-06
8.59187e-06 1.42513e-07
1.42513e-07 8.20933e-06
 6.55206e-06 -4.42853e-07
-4.42853e-07   6.9422e-06
 4.85104e-06 -4.24767e-07
-4.24767e-07  5.01359e-06
 7.59439e-06 -2.23013e-07
-2.23013e-07  9.07015e-06
5.54712e-06  2.8811e-08
 2.8811e-08  6.7673e-06
5.22936e-06  1.0111e-07
 1.0111e-07  6.4641e-06
 9.41614e-06 -2.14836e-07
-2.14836e-07  8.31856e-06
 6.70647e-06 -3.82172e-07
-3.82172e-07   9.0699e-06
  6.5108e-06 -4.89044e-07
-4.89044e-07  6.19589e-06
8.91447e-06 6.37516e-08
6.37516e-08 1.02255e-05
 9.38185e-06 -4.65424e-07
-4.65424e-07  7.27928e-06
7.15049e-06 7.44804e-09
7.44804e-09 5.65862e-06
 7.05284e-06 -1.02932e-08
-1.02932e-08   6.7532e-06
 5.94719e-06 -1.75369e-07
-1.75369e-07  6.06774e-06
 6.6202e-06 5.07552e-08
5.07552e-08  1.0727e-05
9.76406e-06 4.68034e-07
4.68034e-07 7.71527e-06
6.62155e-06 7.84931e-08
7.84931e-08 7.46503e-06
 7.24876e-06 -1.90482e-09
-1.90482e-09  5.70342e-06
6.23037e-06 3.24262e-09
3.24262e-09 6.96803e-06
7.22971e-06 5.64442e-07
5.64442e-07 8.86769e-06
 1.97116e-05 -5.04073e-06
-5.04073e-06  1.14018e-05
8.06338e-06 3.84123e-07
3.84123e-07 9.04612e-06
6.41533e-06  7.3368e-08
 7.3368e-08 5.64287e-06
8.22198e-06 2.52822e-07
2.52822e-07 8.61693e-06
 5.13549e-06 -7.58974e-09
-7.58974e-09  5.91372e-06
8.06247e-06 3.24459e-07
3.24459e-07 5.81631e-06
  9.0305e-06 -4.02829e-07
-4.02829e-07  6.56892e-06
 9.57674e-06 -3.28921e-07
-3.28921e-07  6.67217e-06
7.33768e-06 1.07682e-08
1.07682e-08 7.13595e-06
  6.9045e-06 -7.69364e-08
-7.69364e-08  6.96378e-06
 9.66908e-06 -4.76145e-08
-4.76145e-08  8.45562e-06
     6.6e-06 -3.66766e-08
-3.66766e-08  6.64608e-06
 7.51981e-06 -2.60591e-07
-2.60591e-07  9.08442e-06
9.09583e-06 7.05797e-08
7.05797e-08 7.79243e-06
 5.83416e-06 -4.96692e-08
-4.96692e-08  6.36376e-06
9.59296e-06  1.6961e-07
 1.6961e-07 9.31551e-06
  9.401e-06 7.56351e-08
7.56351e-08 8.42122e-06
9.51048e-06 3.84027e-06
3.84027e-06 1.74457e-05
7.53989e-06 6.05156e-07
6.05156e-07 8.04212e-06
 7.60215e-06 -1.90591e-07
-1.90591e-07  7.42666e-06
 8.60786e-06 -8.60615e-07
-8.60615e-07  1.44125e-05
 8.56765e-06 -6.01251e-08
-6.01251e-08  8.50248e-06
 2.02829e-05 -5.56685e-06
-5.56685e-06  1.32569e-05
 1.51506e-05 -6.73626e-06
-6.73626e-06  1.53037e-05
 8.01162e-06 -5.18381e-08
-5.18381e-08  7.67924e-06
 7.71507e-06 -1.44881e-06
-1.44881e-06  1.05279e-05
6.26926e-06 5.04105e-09
5.04105e-09 6.20427e-06
6.93177e-06 1.68764e-06
1.68764e-06 1.21862e-05
7.47014e-06 8.90391e-09
8.90391e-09 7.61797e-06
 5.95942e-06 -2.65157e-07
-2.65157e-07  6.38184e-06
   8.092e-06 -8.39048e-09
-8.39048e-09  8.50345e-06
 6.80668e-06 -1.32443e-07
-1.32443e-07    7.213e-06
 9.23114e-06 -6.65153e-08
-6.65153e-08  9.37037e-06
1.18069e-05 1.89018e-06
1.89018e-06 7.27722e-06
 6.23104e-06 -9.17327e-07
-9.17327e-07  6.27486e-06
 8.56902e-06 -1.33784e-07
-1.33784e-07  7.97642e-06
6.28873e-06 1.07145e-07
1.07145e-07 4.81984e-06
1.43935e-05 8.52437e-07
8.52437e-07  8.0347e-06
 8.65309e-06 -2.53363e-08
-2.53363e-08  8.04222e-06
7.22903e-06 4.44517e-07
4.44517e-07 8.87961e-06
 5.66304e-06 -1.78161e-07
-1.78161e-07   5.5899e-06
 1.0726e-05 2.25613e-06
2.25613e-06  7.0646e-06
5.80483e-06 8.12024e-08
8.12024e-08 6.42665e-06
5.23781e-06 5.57572e-08
5.57572e-08 6.11264e-06
8.36643e-06 4.61249e-08
4.61249e-08 7.85917e-06
8.88555e-06 2.41462e-06
2.41462e-06 1.43414e-05
 9.12302e-06 -1.83605e-07
-1.83605e-07  7.87624e-06
1.02782e-05 4.64578e-08
4.64578e-08 8.85538e-06
7.63301e-06 -3.9659e-08
-3.9659e-08 6.85948e-06
7.96329e-06 7.33358e-08
7.33358e-08 8.10074e-06
 6.86847e-06 -4.76673e-07
-4.76673e-07  1.01005e-05
 6.94964e-06 -3.52243e-07
-3.52243e-07  7.05876e-06
 6.20619e-06 -9.82065e-08
-9.82065e-08  6.95654e-06
7.51876e-06 2.21764e-07
2.21764e-07 7.35488e-06
 5.3357e-06 -4.2039e-07
-4.2039e-07 6.45395e-06
  5.8208e-06 -9.30921e-09
-9.30921e-09  6.82559e-06
   6.191e-06 -5.81979e-07
-5.81979e-07  5.60208e-06
 9.85852e-06 -2.36349e-08
-2.36349e-08  8.84671e-06
8.14093e-06 2.75842e-08
2.75842e-08 7.87706e-06
 6.1727e-06 1.44704e-08
1.44704e-08 5.00834e-06
8.18437e-06 1.98146e-08
1.98146e-08 7.91863e-06
 7.98012e-06 -1.22352e-07
-1.22352e-07  7.61454e-06
 6.6314e-06 1.80643e-07
1.80643e-07 9.28205e-06
  1.3988e-05 -2.73022e-07
-2.73022e-07  8.72754e-06
6.61755e-06  5.9056e-07
 5.9056e-07 7.72094e-06
 8.02903e-06 -8.85088e-08
-8.85088e-08   7.2535e-06
6.00869e-06 2.81735e-07
2.81735e-07 7.41637e-06
5.20833e-06 1.79163e-07
1.79163e-07 6.34856e-06
 1.59938e-05 -3.97384e-06
-3.97384e-06  9.77388e-06
7.75223e-06 4.84325e-07
4.84325e-07 9.02936e-06
7.00554e-06 5.70812e-07
5.70812e-07 6.33026e-06
