     0.0004 2.43202e-14
2.43202e-14      0.0004
0.000423016 4.91978e-07
4.91978e-07 0.000439983
0.000423473 -8.8086e-09
-8.8086e-09 0.000443653
 0.000423899 -5.75979e-07
-5.75979e-07  0.000449253
 0.000424519 -1.51516e-06
-1.51516e-06  0.000457475
0.000425295 -2.5208e-06
-2.5208e-06 0.000468427
 0.000426274 -3.50838e-06
-3.50838e-06  0.000482399
 0.000427455 -4.44207e-06
-4.44207e-06  0.000498911
 0.000429003 -4.78479e-06
-4.78479e-06  0.000516926
 0.000430332 -5.36842e-06
-5.36842e-06  0.000538534
 0.000431825 -5.26769e-06
-5.26769e-06  0.000563354
 0.000433585 -3.77849e-06
-3.77849e-06    0.0005896
 0.000435797 -2.89929e-06
-2.89929e-06   0.00061701
 0.000438559 -2.18491e-06
-2.18491e-06  0.000646348
 0.000441388 -1.64893e-06
-1.64893e-06  0.000678184
 0.000443886 -1.55556e-06
-1.55556e-06   0.00071235
 0.000446043 -1.88272e-06
-1.88272e-06   0.00074976
 0.000447803 -2.38936e-06
-2.38936e-06  0.000790495
0.000450123 -2.4896e-06
-2.4896e-06 0.000834419
 0.000451493 -2.50057e-06
-2.50057e-06  0.000880352
 0.000452041 -3.22297e-06
-3.22297e-06  0.000928839
 0.000453605 -2.92516e-06
-2.92516e-06  0.000981606
 0.000454659 -2.75495e-06
-2.75495e-06    0.0010362
 0.000456784 -1.28118e-06
-1.28118e-06   0.00109352
  0.00045914 -2.21062e-07
-2.21062e-07   0.00115165
0.000461724 7.18135e-07
7.18135e-07  0.00121327
0.000464265 1.94578e-06
1.94578e-06  0.00127904
0.000467172 4.11435e-06
4.11435e-06  0.00134887
0.000471164 7.43768e-06
7.43768e-06  0.00142235
0.000475974 1.07486e-05
1.07486e-05  0.00149774
0.000480248 1.15024e-05
1.15024e-05  0.00157009
0.000483951 1.14394e-05
1.14394e-05  0.00164777
0.000486717 9.54564e-06
9.54564e-06   0.0017256
0.000489521 7.05831e-06
7.05831e-06  0.00180605
 0.00049307 4.75363e-06
4.75363e-06  0.00189096
0.000496894 2.91806e-06
2.91806e-06  0.00197813
0.000500894 1.78589e-06
1.78589e-06  0.00206944
0.000505283 9.09093e-07
9.09093e-07  0.00216495
0.000509679 7.99884e-07
7.99884e-07  0.00226218
0.000514654 1.01796e-06
1.01796e-06  0.00236132
0.000520491 1.63853e-06
1.63853e-06  0.00246167
0.000526517 1.65535e-06
1.65535e-06  0.00256488
0.000532564 1.12118e-06
1.12118e-06  0.00267238
0.00053694 1.1786e-06
1.1786e-06 0.00278174
0.000538855 1.66024e-06
1.66024e-06  0.00289458
0.000539503 2.19036e-06
2.19036e-06  0.00301086
0.000539544 2.98963e-06
2.98963e-06  0.00313092
0.000540155 3.66786e-06
3.66786e-06    0.003258
0.000540667 5.91529e-06
5.91529e-06  0.00338283
 0.00054196 8.25437e-06
8.25437e-06  0.00351048
0.000543914 1.04732e-05
1.04732e-05  0.00364122
0.000546384  1.3174e-05
 1.3174e-05  0.00377749
0.000548518 1.53386e-05
1.53386e-05  0.00391731
 0.00055002 1.49376e-05
1.49376e-05  0.00405394
0.000551441 1.37563e-05
1.37563e-05  0.00419304
0.000553441  1.2658e-05
 1.2658e-05  0.00433536
0.000556086 1.21343e-05
1.21343e-05  0.00448125
0.000559042 1.22175e-05
1.22175e-05  0.00463194
0.000561789  1.2586e-05
 1.2586e-05  0.00478618
0.000564224   1.333e-05
  1.333e-05  0.00494235
0.00056662 1.4278e-05
1.4278e-05 0.00510217
0.000569265 1.55109e-05
1.55109e-05  0.00526482
0.000572349 1.69412e-05
1.69412e-05  0.00542989
0.000575912 1.79908e-05
1.79908e-05   0.0055951
0.000579611 1.88196e-05
1.88196e-05  0.00576536
0.000583145 1.93108e-05
1.93108e-05  0.00593889
0.000586283 1.96085e-05
1.96085e-05  0.00611578
0.000589011 1.97631e-05
1.97631e-05  0.00629644
0.000591501 2.00097e-05
2.00097e-05  0.00647915
 0.00059369 2.07733e-05
2.07733e-05  0.00666574
0.000596173 2.15691e-05
2.15691e-05  0.00685589
0.000599192 2.22916e-05
2.22916e-05  0.00704692
0.000602539 2.35642e-05
2.35642e-05  0.00723804
0.000606347 2.44703e-05
2.44703e-05  0.00743259
0.000610385 2.59817e-05
2.59817e-05   0.0076301
 0.00061435 2.78622e-05
2.78622e-05  0.00783072
0.000618107 2.94404e-05
2.94404e-05   0.0080353
0.000621358  3.2103e-05
 3.2103e-05  0.00824091
0.000624358 3.42151e-05
3.42151e-05  0.00845119
0.000627498 3.64537e-05
3.64537e-05  0.00866477
0.000629589 3.83943e-05
3.83943e-05  0.00888055
0.000631599 4.04183e-05
4.04183e-05  0.00909946
0.000633649 4.13996e-05
4.13996e-05   0.0093225
0.000635949  4.2617e-05
 4.2617e-05  0.00954664
0.000638664 4.43426e-05
4.43426e-05  0.00977511
0.000640005 4.78263e-05
4.78263e-05   0.0100034
0.000641718 5.08404e-05
5.08404e-05   0.0102361
0.000642996 5.28806e-05
5.28806e-05   0.0104717
0.000643608 5.56969e-05
5.56969e-05    0.010709
0.000644378 5.87452e-05
5.87452e-05   0.0109536
0.000645724 6.13872e-05
6.13872e-05   0.0112005
0.000647439 6.52307e-05
6.52307e-05     0.01145
0.000649489 6.80362e-05
6.80362e-05   0.0116988
  0.0006515 7.02101e-05
7.02101e-05   0.0119521
0.000653322 7.21748e-05
7.21748e-05   0.0122065
0.000654999 7.40356e-05
7.40356e-05    0.012466
0.000656491  7.6546e-05
 7.6546e-05   0.0127269
0.000658377  7.9504e-05
 7.9504e-05   0.0129912
0.000660564 8.27839e-05
8.27839e-05   0.0132585
0.000663247 8.61433e-05
8.61433e-05     0.01353
   0.0138032 -8.94869e-05
-8.94869e-05  0.000666084
  0.0138029 4.68086e-05
4.68086e-05 0.000663809
  0.0138024 0.000183151
0.000183151 0.000664547
  0.0138018 0.000319538
0.000319538 0.000668329
  0.0138014 0.000455905
0.000455905 0.000675142
   0.013802 0.000592221
0.000592221 0.000685213
  0.0138027 0.000727591
0.000727591 0.000697673
  0.0138036 0.000862773
0.000862773 0.000713627
  0.0138052 0.000997668
0.000997668 0.000733023
  0.0138068  0.00113186
 0.00113186 0.000754711
  0.0138082  0.00126726
 0.00126726 0.000779589
  0.0138095  0.00140246
 0.00140246 0.000805949
 0.0138107 0.00153838
0.00153838 0.00083555
  0.0138131  0.00167428
 0.00167428 0.000868464
  0.0138155  0.00180963
 0.00180963 0.000904616
  0.0138196  0.00194439
 0.00194439 0.000943601
  0.0138224  0.00207899
 0.00207899 0.000986007
 0.0138255 0.00221347
0.00221347 0.00103124
 0.0138292 0.00234788
0.00234788 0.00107911
 0.0138332 0.00248236
0.00248236  0.0011297
 0.0138376 0.00261654
0.00261654 0.00118243
 0.0138412 0.00275124
0.00275124 0.00123845
 0.0138436 0.00288571
0.00288571 0.00129801
 0.0138453 0.00302049
0.00302049 0.00135929
 0.0138458 0.00315534
0.00315534 0.00142474
 0.0138466 0.00329059
0.00329059 0.00149279
 0.0138476 0.00342563
0.00342563 0.00156428
 0.0138493 0.00356027
0.00356027  0.0016385
 0.0138525 0.00369554
0.00369554 0.00171659
 0.0138553 0.00383058
0.00383058  0.0017973
 0.0138578 0.00396617
0.00396617 0.00188101
 0.0138608 0.00410209
0.00410209 0.00196619
 0.0138641  0.0042376
 0.0042376 0.00205317
 0.0138678  0.0043727
 0.0043727 0.00214373
 0.0138713 0.00450777
0.00450777 0.00223764
 0.0138745 0.00464231
0.00464231 0.00233416
 0.0138768 0.00477718
0.00477718 0.00243467
 0.0138792 0.00491239
0.00491239 0.00253796
 0.0138804 0.00504627
0.00504627 0.00264285
 0.0138819 0.00518054
0.00518054 0.00275178
 0.0138837 0.00531516
0.00531516 0.00286378
  0.013886 0.00544982
0.00544982 0.00297845
 0.0138892 0.00558413
0.00558413 0.00309528
 0.0138932 0.00571731
0.00571731 0.00320727
  0.013898 0.00585185
0.00585185 0.00332712
  0.013903 0.00598646
0.00598646   0.003451
 0.0139075 0.00612117
0.00612117 0.00357839
 0.0139116 0.00625631
0.00625631 0.00370967
 0.0139151 0.00639112
0.00639112 0.00384355
 0.0139176 0.00652461
0.00652461 0.00397949
  0.013921 0.00665741
0.00665741 0.00411688
 0.0139261 0.00678984
0.00678984 0.00425965
 0.0139322 0.00692122
0.00692122 0.00440074
 0.0139371 0.00705321
0.00705321 0.00454906
   0.01394 0.00718664
0.00718664   0.004697
  0.013941 0.00732115
0.00732115 0.00484724
 0.0139421 0.00745695
0.00745695 0.00499572
 0.0139436 0.00759162
0.00759162 0.00514874
 0.0139463   0.007727
  0.007727 0.00530634
 0.0139476 0.00786083
0.00786083 0.00546783
 0.0139494 0.00799491
0.00799491 0.00563478
  0.013952 0.00812741
0.00812741 0.00580038
 0.0139545 0.00826286
0.00826286 0.00597558
 0.0139581 0.00839551
0.00839551 0.00614381
 0.0139624 0.00852802
0.00852802 0.00631518
 0.0139669 0.00866059
0.00866059 0.00649056
 0.0139713 0.00879318
0.00879318 0.00666869
 0.0139762 0.00892671
0.00892671 0.00685179
 0.0139788 0.00906003
0.00906003 0.00703406
  0.013981  0.0091928
 0.0091928 0.00721934
 0.0139827 0.00932569
0.00932569 0.00740813
 0.0139849 0.00945953
0.00945953 0.00760263
 0.0139856 0.00959257
0.00959257 0.00779605
 0.0139859 0.00972572
0.00972572  0.0079933
 0.0139855 0.00985932
0.00985932 0.00819654
  0.013985  0.0099934
 0.0099934 0.00840443
 0.0139848  0.0101267
 0.0101267 0.00861113
 0.0139847  0.0102594
 0.0102594 0.00881873
 0.0139847  0.0103919
 0.0103919 0.00902921
 0.0139855  0.0105246
 0.0105246 0.00924162
 0.0139854  0.0106573
 0.0106573 0.00946088
 0.0139863  0.0107893
 0.0107893 0.00968322
 0.0139877  0.0109214
 0.0109214 0.00990469
0.0139899 0.0110533
0.0110533 0.0101288
0.0139927 0.0111861
0.0111861 0.0103523
 0.013995 0.0113182
0.0113182 0.0105829
0.0139975 0.0114498
0.0114498 0.0108148
0.0140005  0.011581
 0.011581 0.0110491
0.0140032 0.0117139
0.0117139 0.0112814
0.0140061 0.0118461
0.0118461 0.0115192
0.0140119 0.0119794
0.0119794 0.0117519
0.0140157 0.0121123
0.0121123 0.0119924
0.0140193 0.0122454
0.0122454 0.0122348
 0.014023 0.0123772
0.0123772 0.0124828
0.0140271  0.012509
 0.012509 0.0127341
0.0140299 0.0126407
0.0126407 0.0129914
0.0140345 0.0127733
0.0127733 0.0132478
0.0140399 0.0129064
0.0129064 0.0135075
0.0140465 0.0130404
0.0130404  0.013772
0.0140544 0.0131759
0.0131759 0.0140392
 0.0143109 -0.0133135
-0.0133135  0.0140659
 0.0143111 -0.0131779
-0.0131779  0.0137991
  0.014309 -0.0130416
-0.0130416  0.0135347
 0.0143074 -0.0129058
-0.0129058  0.0132747
0.0143051  -0.01277
 -0.01277 0.0130179
 0.0143027 -0.0126341
-0.0126341  0.0127644
0.0143004 -0.012498
-0.012498 0.0125139
 0.0142986 -0.0123616
-0.0123616  0.0122665
0.0142995 -0.012226
-0.012226 0.0120177
 0.0143003 -0.0120886
-0.0120886  0.0117775
 0.0143023 -0.0119513
-0.0119513  0.0115393
 0.0143089 -0.0118184
-0.0118184  0.0112916
 0.0143143 -0.0116804
-0.0116804  0.0110612
 0.0143206 -0.0115422
-0.0115422  0.0108367
 0.0143261 -0.0114056
-0.0114056  0.0106107
   0.01433 -0.0112707
-0.0112707  0.0103857
 0.0143318 -0.0111378
-0.0111378  0.0101647
 0.0143343 -0.0110079
-0.0110079  0.0099367
 0.0143357 -0.0108839
-0.0108839 0.00969736
 0.0143406 -0.0107529
-0.0107529 0.00947687
 0.0143468 -0.0106209
-0.0106209 0.00925956
 0.0143544 -0.0104881
-0.0104881 0.00904638
 0.0143604 -0.0103544
-0.0103544 0.00883515
 0.0143646 -0.0102211
-0.0102211 0.00862816
  0.014365  -0.010089
 -0.010089 0.00841571
  0.0143677 -0.00995992
-0.00995992  0.00821982
   0.014376 -0.00984167
-0.00984167  0.00804261
 0.0143667 -0.0097038
-0.0097038 0.00783807
 0.0143514 -0.0095607
-0.0095607 0.00763206
  0.0143389 -0.00942121
-0.00942121  0.00743886
 0.0143253 -0.0092805
-0.0092805 0.00724336
  0.0143205 -0.00914591
-0.00914591  0.00705876
  0.0143208 -0.00901173
-0.00901173  0.00687846
  0.0143198 -0.00887952
-0.00887952  0.00669701
  0.0143206 -0.00874593
-0.00874593  0.00652073
  0.0143148 -0.00861216
-0.00861216  0.00634621
  0.0143138 -0.00847811
-0.00847811  0.00617915
  0.0143084 -0.00834069
-0.00834069  0.00601337
  0.0143058 -0.00820473
-0.00820473  0.00585701
  0.0142987 -0.00807391
-0.00807391  0.00569319
  0.0142905 -0.00794209
-0.00794209  0.00553177
  0.0142824 -0.00780876
-0.00780876  0.00537259
  0.0142755 -0.00767428
-0.00767428  0.00521577
  0.0142686 -0.00753811
-0.00753811   0.0050604
  0.0142632 -0.00740057
-0.00740057  0.00491885
  0.0142566 -0.00726655
-0.00726655   0.0047695
  0.0142503 -0.00712994
-0.00712994  0.00462172
  0.0142443 -0.00699629
-0.00699629  0.00447939
  0.0142374 -0.00686495
-0.00686495  0.00433777
  0.0142306 -0.00673433
-0.00673433   0.0042029
  0.0142266 -0.00660203
-0.00660203  0.00406027
  0.0142236 -0.00646842
-0.00646842   0.0039238
  0.0142212 -0.00633387
-0.00633387  0.00379133
 0.0142192 -0.0061989
-0.0061989  0.0036624
  0.0142172 -0.00606313
-0.00606313  0.00353451
  0.0142156 -0.00592812
-0.00592812  0.00341153
  0.0142135 -0.00579316
-0.00579316  0.00329138
  0.0142116 -0.00565842
-0.00565842  0.00317376
 0.0142096 -0.0055239
-0.0055239 0.00305752
 0.0142068 -0.0053894
-0.0053894 0.00294538
  0.0142037 -0.00525489
-0.00525489  0.00283608
  0.0142003 -0.00512027
-0.00512027  0.00272846
  0.0141969 -0.00498512
-0.00498512  0.00262355
  0.0141938 -0.00485076
-0.00485076  0.00252556
  0.0141905 -0.00471544
-0.00471544  0.00242793
  0.0141877 -0.00458007
-0.00458007  0.00233319
  0.0141853 -0.00444472
-0.00444472  0.00224123
 0.0141827 -0.0043073
-0.0043073 0.00214738
  0.0141809 -0.00417035
-0.00417035  0.00205825
  0.0141801 -0.00403422
-0.00403422  0.00197555
  0.0141796 -0.00389778
-0.00389778  0.00189431
  0.0141782 -0.00376198
-0.00376198  0.00181858
  0.0141758 -0.00362683
-0.00362683  0.00174263
  0.0141738 -0.00348931
-0.00348931  0.00166388
  0.0141715 -0.00335413
-0.00335413  0.00159454
  0.0141694 -0.00321857
-0.00321857  0.00152672
  0.0141677 -0.00308243
-0.00308243  0.00146199
  0.0141664 -0.00294569
-0.00294569  0.00140041
  0.0141659 -0.00280782
-0.00280782  0.00134103
  0.0141646 -0.00267041
-0.00267041  0.00128684
  0.0141633 -0.00253264
-0.00253264  0.00123577
 0.0141622 -0.0023943
-0.0023943 0.00118635
  0.0141594 -0.00225683
-0.00225683  0.00113842
 0.0141546 -0.0021206
-0.0021206 0.00109419
  0.0141489 -0.00198478
-0.00198478  0.00105203
  0.0141428 -0.00185128
-0.00185128  0.00101743
  0.0141374 -0.00171569
-0.00171569 0.000982237
  0.0141327 -0.00157992
-0.00157992 0.000950827
  0.0141268 -0.00144237
-0.00144237 0.000921701
  0.0141214 -0.00130387
-0.00130387 0.000894464
  0.0141186 -0.00116644
-0.00116644 0.000871373
  0.0141146 -0.00102842
-0.00102842 0.000850244
   0.0141116 -0.000888602
-0.000888602  0.000829628
   0.0141114 -0.000753466
-0.000753466  0.000816378
   0.0141116 -0.000615285
-0.000615285  0.000802899
   0.0141119 -0.000477102
-0.000477102  0.000793068
   0.0141123 -0.000339265
-0.000339265  0.000788037
   0.0141126 -0.000200457
-0.000200457  0.000785866
   0.0141131 -6.10162e-05
-6.10162e-05  0.000787663
  0.0141139 7.86591e-05
7.86591e-05 0.000793926
 0.000802177 -0.000219359
-0.000219359    0.0141157
 0.000799925 -0.000215403
-0.000215403    0.0138374
 0.000797406 -0.000210029
-0.000210029    0.0135603
 0.000794833 -0.000205797
-0.000205797    0.0132877
 0.000792041 -0.000200537
-0.000200537    0.0130169
 0.000788855 -0.000196543
-0.000196543    0.0127505
 0.000785187 -0.000192558
-0.000192558    0.0124871
 0.000780972 -0.000188377
-0.000188377    0.0122267
0.000776063 -0.00018228
-0.00018228   0.0119671
 0.000770407 -0.000176852
-0.000176852    0.0117124
0.000764369 -0.00017038
-0.00017038   0.0114578
 0.000758956 -0.000164031
-0.000164031    0.0112093
 0.000754459 -0.000157495
-0.000157495    0.0109631
 0.000750664 -0.000150573
-0.000150573    0.0107224
 0.000747393 -0.000142936
-0.000142936    0.0104772
  0.00074648 -0.000134174
-0.000134174    0.0102414
 0.000747539 -0.000126014
-0.000126014    0.0100044
 0.000750233 -0.000118412
-0.000118412   0.00977143
 0.000751844 -0.000110699
-0.000110699   0.00954615
 0.000744008 -0.000112419
-0.000112419   0.00931476
 0.000735856 -0.000112458
-0.000112458   0.00909022
0.000729453 -0.00011266
-0.00011266  0.00886723
 0.000725239 -0.000111618
-0.000111618    0.0086477
0.000722009 -0.00011009
-0.00011009  0.00843006
 0.000719319 -0.000107514
-0.000107514   0.00821702
  0.00071606 -0.000104572
-0.000104572   0.00800705
 0.000711869 -0.000101441
-0.000101441   0.00780031
 0.000707344 -9.79525e-05
-9.79525e-05   0.00759624
  0.00070251 -9.43456e-05
-9.43456e-05   0.00739521
 0.000697067 -9.15637e-05
-9.15637e-05   0.00719585
 0.000691354 -8.91712e-05
-8.91712e-05   0.00700086
 0.000685733 -8.66595e-05
-8.66595e-05    0.0068104
 0.000680321 -8.43708e-05
-8.43708e-05    0.0066234
0.000675736 -8.1292e-05
-8.1292e-05  0.00643777
 0.000672169 -7.76979e-05
-7.76979e-05   0.00625233
  0.00066991 -7.38317e-05
-7.38317e-05   0.00607288
 0.000667618 -7.10658e-05
-7.10658e-05   0.00589284
 0.000664964 -6.90355e-05
-6.90355e-05   0.00571785
 0.000662176 -6.79251e-05
-6.79251e-05   0.00554609
 0.000660011 -6.69686e-05
-6.69686e-05   0.00537754
 0.000657569 -6.59717e-05
-6.59717e-05   0.00521041
 0.000654742 -6.51922e-05
-6.51922e-05   0.00504991
 0.000651731 -6.46846e-05
-6.46846e-05   0.00489195
  0.00064961 -6.53321e-05
-6.53321e-05   0.00473816
 0.000648513 -6.69764e-05
-6.69764e-05   0.00458865
 0.000646999 -6.86611e-05
-6.86611e-05   0.00444343
  0.00064236 -6.70513e-05
-6.70513e-05   0.00429886
  0.00063424 -6.13029e-05
-6.13029e-05   0.00415365
 0.000625803 -5.37561e-05
-5.37561e-05   0.00400959
 0.00061889 -4.5254e-05
-4.5254e-05  0.00386044
 0.000614883 -4.02962e-05
-4.02962e-05   0.00372184
 0.000611149 -3.48134e-05
-3.48134e-05   0.00358342
0.000609024 -3.0325e-05
-3.0325e-05  0.00345327
 0.000606523 -2.48379e-05
-2.48379e-05   0.00332537
 0.000604265 -1.92489e-05
-1.92489e-05    0.0032035
 0.000601065 -1.42667e-05
-1.42667e-05   0.00308439
 0.000596256 -1.02189e-05
-1.02189e-05   0.00296917
 0.000588349 -9.56567e-06
-9.56567e-06   0.00285598
 0.000578038 -1.46602e-05
-1.46602e-05   0.00273949
 0.000570902 -1.93242e-05
-1.93242e-05    0.0026233
0.000567965 -2.2224e-05
-2.2224e-05  0.00251221
 0.000567529 -2.29165e-05
-2.29165e-05   0.00240494
 0.000567284 -2.14569e-05
-2.14569e-05   0.00230235
 0.000565247 -1.83123e-05
-1.83123e-05    0.0022037
 0.000560625 -1.47999e-05
-1.47999e-05   0.00210797
 0.000554083 -1.12528e-05
-1.12528e-05   0.00201586
 0.000546724 -8.06429e-06
-8.06429e-06   0.00192707
 0.000536668 -7.65182e-06
-7.65182e-06   0.00183775
 0.000528875 -6.41439e-06
-6.41439e-06    0.0017572
0.000521052 -6.9083e-06
-6.9083e-06  0.00167471
 0.000513387 -9.30268e-06
-9.30268e-06   0.00159726
 0.000507299 -1.32066e-05
-1.32066e-05   0.00151968
 0.000503223 -1.81643e-05
-1.81643e-05   0.00144414
  0.00050197 -2.16139e-05
-2.16139e-05    0.0013719
 0.000500122 -2.38751e-05
-2.38751e-05   0.00130577
 0.000493716 -1.94757e-05
-1.94757e-05   0.00123568
 0.000486768 -1.34052e-05
-1.34052e-05   0.00116851
 0.000482389 -7.93537e-06
-7.93537e-06   0.00110509
0.000480346 -4.2689e-06
-4.2689e-06  0.00104496
 0.000479882 -1.62689e-06
-1.62689e-06  0.000989589
  0.00047842 -5.07542e-07
-5.07542e-07  0.000936748
 0.000474727 -2.28192e-07
-2.28192e-07  0.000887554
  0.00046928 -3.52928e-07
-3.52928e-07  0.000842001
0.000463397 -7.1865e-07
-7.1865e-07 0.000800057
 0.000457521 -1.93132e-06
-1.93132e-06  0.000760771
 0.000453393 -2.94282e-06
-2.94282e-06  0.000723945
0.000450262 -3.9211e-06
-3.9211e-06  0.00068887
 0.000447595 -4.59375e-06
-4.59375e-06  0.000652422
0.000445165 -4.4116e-06
-4.4116e-06 0.000618156
  0.00044252 -3.13312e-06
-3.13312e-06  0.000586996
 0.000439898 -2.93287e-06
-2.93287e-06  0.000559722
0.000438099 -3.5599e-06
-3.5599e-06 0.000536098
 0.000437482 -4.79635e-06
-4.79635e-06  0.000514329
 0.000438089 -5.50192e-06
-5.50192e-06  0.000493055
 0.000439401 -5.31995e-06
-5.31995e-06  0.000474731
 0.000440855 -4.52573e-06
-4.52573e-06  0.000459143
0.000442037 -3.4559e-06
-3.4559e-06 0.000446622
  0.00044206 -2.35958e-06
-2.35958e-06  0.000437305
 0.000441857 -1.45931e-06
-1.45931e-06  0.000430098
 0.000440248 -8.39511e-07
-8.39511e-07  0.000425265
