     0.0004 7.66363e-15
7.66363e-15      0.0004
0.000415642 4.32022e-06
4.32022e-06 0.000424836
0.000415995 3.71578e-06
3.71578e-06 0.000429144
0.000416835 3.06906e-06
3.06906e-06 0.000436197
0.000417924 2.64885e-06
2.64885e-06 0.000445541
0.000419329 2.53641e-06
2.53641e-06 0.000457388
0.000420553 2.90646e-06
2.90646e-06 0.000471335
0.000421586 3.38817e-06
3.38817e-06 0.000488814
0.000422676 3.51626e-06
3.51626e-06 0.000508794
0.000423856  3.1022e-06
 3.1022e-06 0.000531805
0.000425481  1.8677e-06
 1.8677e-06 0.000555421
0.000427608 8.30038e-07
8.30038e-07 0.000580605
 0.000430268 -3.98601e-07
-3.98601e-07  0.000607363
 0.000432964 -1.29569e-06
-1.29569e-06    0.0006383
 0.000435232 -1.76599e-06
-1.76599e-06  0.000671172
 0.000437169 -2.14494e-06
-2.14494e-06   0.00070734
 0.000440114 -2.56891e-06
-2.56891e-06  0.000745927
 0.000441335 -2.13426e-06
-2.13426e-06  0.000786377
 0.000442898 -1.31107e-06
-1.31107e-06  0.000829674
 0.00044494 -6.9104e-07
-6.9104e-07 0.000874457
0.000447306 -6.6279e-07
-6.6279e-07 0.000921708
 0.000449672 -1.22404e-06
-1.22404e-06  0.000971582
 0.000451851 -2.47504e-06
-2.47504e-06     0.001024
 0.000453673 -3.94926e-06
-3.94926e-06   0.00107923
 0.000455444 -5.72096e-06
-5.72096e-06   0.00113791
 0.000456668 -6.95392e-06
-6.95392e-06   0.00119894
  0.00045807 -8.44123e-06
-8.44123e-06   0.00126312
 0.000459382 -9.65665e-06
-9.65665e-06      0.00133
 0.000460536 -1.01815e-05
-1.01815e-05   0.00139977
 0.000462138 -1.09521e-05
-1.09521e-05   0.00147182
 0.000464323 -1.17217e-05
-1.17217e-05   0.00154494
 0.000466835 -1.24663e-05
-1.24663e-05   0.00161882
 0.000469506 -1.29382e-05
-1.29382e-05   0.00169563
 0.000472156 -1.28571e-05
-1.28571e-05   0.00177595
0.000474377 -1.2751e-05
-1.2751e-05  0.00185902
 0.000476169 -1.26995e-05
-1.26995e-05   0.00194566
 0.000477651 -1.28867e-05
-1.28867e-05   0.00203574
  0.00047907 -1.34859e-05
-1.34859e-05   0.00212913
 0.000480895 -1.43181e-05
-1.43181e-05   0.00222636
0.000483023 -1.5527e-05
-1.5527e-05  0.00232464
 0.000485579 -1.64792e-05
-1.64792e-05   0.00242505
 0.000488385 -1.71186e-05
-1.71186e-05   0.00252807
  0.00049135 -1.75453e-05
-1.75453e-05   0.00263445
 0.000494126 -1.78907e-05
-1.78907e-05   0.00274296
 0.000496809 -1.79129e-05
-1.79129e-05   0.00285547
 0.000499528 -1.74473e-05
-1.74473e-05   0.00297218
0.000502816 -1.6404e-05
-1.6404e-05  0.00309247
 0.000506777 -1.51707e-05
-1.51707e-05   0.00321588
 0.000511016 -1.45432e-05
-1.45432e-05   0.00334176
 0.000514466 -1.68955e-05
-1.68955e-05   0.00346393
 0.000518033 -1.98048e-05
-1.98048e-05   0.00358964
 0.000521988 -2.25154e-05
-2.25154e-05    0.0037207
0.000526743 -2.5478e-05
-2.5478e-05  0.00385487
 0.000532178 -2.85802e-05
-2.85802e-05   0.00399157
 0.000538381 -3.09928e-05
-3.09928e-05   0.00412415
 0.000545002 -3.29714e-05
-3.29714e-05   0.00426477
  0.00055061 -3.47191e-05
-3.47191e-05   0.00440886
 0.000555335 -3.66979e-05
-3.66979e-05   0.00455633
0.000558291 -3.8074e-05
-3.8074e-05  0.00470619
 0.000559142 -3.91134e-05
-3.91134e-05   0.00485821
  0.00055987 -4.05725e-05
-4.05725e-05   0.00501491
 0.000560867 -4.31163e-05
-4.31163e-05   0.00517409
 0.000562273 -4.50248e-05
-4.50248e-05    0.0053354
 0.000564159 -4.66515e-05
-4.66515e-05   0.00549915
 0.000566176 -4.75669e-05
-4.75669e-05   0.00566442
 0.000568334 -4.85428e-05
-4.85428e-05    0.0058348
 0.000570879 -4.84285e-05
-4.84285e-05   0.00600999
 0.000573834 -4.73385e-05
-4.73385e-05   0.00618646
  0.00057745 -4.55843e-05
-4.55843e-05   0.00636765
 0.000580967 -4.49338e-05
-4.49338e-05   0.00655232
 0.000583701 -4.64339e-05
-4.64339e-05   0.00673401
 0.000586003 -4.66275e-05
-4.66275e-05   0.00692498
 0.000587232 -5.09716e-05
-5.09716e-05   0.00711109
 0.000589302 -5.55929e-05
-5.55929e-05   0.00729957
 0.000592449 -5.93933e-05
-5.93933e-05   0.00749155
 0.000595984 -6.27028e-05
-6.27028e-05   0.00768622
 0.000599452 -6.57593e-05
-6.57593e-05   0.00788457
0.000603066 -6.8706e-05
-6.8706e-05  0.00808723
  0.00060729 -7.18954e-05
-7.18954e-05   0.00829011
 0.000611998 -7.41004e-05
-7.41004e-05   0.00849738
 0.00061718 -7.6326e-05
-7.6326e-05  0.00870634
 0.000622601 -7.79492e-05
-7.79492e-05   0.00892051
 0.000627772 -8.10032e-05
-8.10032e-05   0.00913617
 0.000631747 -8.41751e-05
-8.41751e-05   0.00935258
0.000635384 -8.6602e-05
-8.6602e-05  0.00957327
 0.000638066 -8.88937e-05
-8.88937e-05   0.00979778
 0.000640183 -9.19811e-05
-9.19811e-05    0.0100263
 0.000641529 -9.55689e-05
-9.55689e-05    0.0102573
 0.000642749 -9.87653e-05
-9.87653e-05     0.010491
 0.000644435 -0.000102265
-0.000102265    0.0107274
 0.000646486 -0.000107178
-0.000107178    0.0109671
 0.000648473 -0.000110389
-0.000110389    0.0112075
  0.00065036 -0.000113222
-0.000113222    0.0114513
 0.000651994 -0.000116486
-0.000116486    0.0117009
 0.000653726 -0.000119016
-0.000119016    0.0119503
 0.000655573 -0.000121457
-0.000121457    0.0122026
 0.000657645 -0.000123754
-0.000123754    0.0124594
 0.000659795 -0.000126142
-0.000126142    0.0127195
 0.000661768 -0.000129208
-0.000129208    0.0129824
 0.000663934 -0.000131743
-0.000131743    0.0132469
  0.0135145 0.000134554
0.000134554 0.000666215
  0.0135157 1.86143e-06
1.86143e-06 0.000663599
   0.0135177 -0.000131222
-0.000131222  0.000663944
   0.0135173 -0.000264432
-0.000264432  0.000667137
   0.0135164 -0.000397183
-0.000397183   0.00067269
   0.0135147 -0.000530078
-0.000530078  0.000682169
   0.0135131 -0.000662447
-0.000662447  0.000695102
  0.0135125 -0.00079319
-0.00079319 0.000710799
   0.0135134 -0.000923792
-0.000923792  0.000729745
  0.0135158 -0.00105323
-0.00105323 0.000748889
  0.0135191 -0.00118514
-0.00118514 0.000771341
  0.0135224 -0.00131841
-0.00131841 0.000798324
  0.0135262 -0.00145267
-0.00145267 0.000829818
   0.013529 -0.00158483
-0.00158483 0.000863752
  0.0135324 -0.00171641
-0.00171641 0.000900787
  0.0135369 -0.00184671
-0.00184671 0.000935646
  0.0135425  -0.0019782
 -0.0019782 0.000974221
  0.0135483 -0.00210955
-0.00210955  0.00101634
  0.0135547 -0.00224086
-0.00224086  0.00106073
  0.0135602 -0.00237184
-0.00237184  0.00110865
  0.0135635 -0.00250273
-0.00250273  0.00116001
  0.0135639 -0.00263401
-0.00263401  0.00121476
  0.0135633 -0.00276547
-0.00276547  0.00126997
  0.0135618 -0.00289852
-0.00289852  0.00133164
   0.013563 -0.00303219
-0.00303219  0.00139593
 0.0135666 -0.0031663
-0.0031663 0.00146394
  0.0135705 -0.00329952
-0.00329952  0.00153531
  0.0135692 -0.00342516
-0.00342516  0.00160047
  0.0135723 -0.00355279
-0.00355279  0.00167478
  0.0135777 -0.00368064
-0.00368064  0.00175517
  0.0135857 -0.00380732
-0.00380732  0.00183414
 0.0135938 -0.0039344
-0.0039344 0.00191102
  0.0136015 -0.00406354
-0.00406354   0.0019949
  0.0136077 -0.00419195
-0.00419195  0.00207316
 0.0136127 -0.0043238
-0.0043238 0.00217009
  0.0136173 -0.00445507
-0.00445507  0.00226038
  0.0136213 -0.00458616
-0.00458616   0.0023534
  0.0136239 -0.00471697
-0.00471697  0.00244925
  0.0136258 -0.00484634
-0.00484634   0.0025451
  0.0136263 -0.00497438
-0.00497438  0.00264422
  0.0136274 -0.00510157
-0.00510157  0.00274879
  0.0136317 -0.00522683
-0.00522683  0.00285624
  0.0136408 -0.00535087
-0.00535087     0.00297
  0.0136501 -0.00547492
-0.00547492   0.0030853
  0.0136576 -0.00560218
-0.00560218  0.00319653
  0.0136609 -0.00573163
-0.00573163  0.00330992
  0.0136621 -0.00586135
-0.00586135  0.00342629
  0.0136625 -0.00599198
-0.00599198  0.00354331
  0.0136637 -0.00612412
-0.00612412  0.00366884
  0.0136639 -0.00625327
-0.00625327  0.00379274
  0.0136669 -0.00638396
-0.00638396  0.00392711
  0.0136689 -0.00651268
-0.00651268  0.00405801
  0.0136741 -0.00664597
-0.00664597  0.00420148
  0.0136799 -0.00677713
-0.00677713  0.00433599
 0.0136881 -0.0069056
-0.0069056 0.00447178
  0.0136933 -0.00703163
-0.00703163  0.00460877
  0.0136943 -0.00715636
-0.00715636  0.00474755
  0.0136951 -0.00728161
-0.00728161  0.00489062
  0.0136962 -0.00740801
-0.00740801  0.00503731
  0.0136979 -0.00753541
-0.00753541   0.0051874
  0.0136989 -0.00766279
-0.00766279  0.00533859
  0.0137007 -0.00778989
-0.00778989  0.00549702
 0.0137014 -0.0079172
-0.0079172 0.00565547
  0.0137026 -0.00804461
-0.00804461   0.0058167
  0.0137034 -0.00817283
-0.00817283  0.00598095
  0.0137038 -0.00830135
-0.00830135  0.00615033
  0.0137037 -0.00843171
-0.00843171  0.00631794
  0.0137049 -0.00856146
-0.00856146  0.00649167
  0.0137073 -0.00869069
-0.00869069  0.00666524
  0.0137106 -0.00881932
-0.00881932  0.00683998
  0.0137144 -0.00894786
-0.00894786  0.00701736
  0.0137183 -0.00907616
-0.00907616  0.00719898
  0.0137216 -0.00920484
-0.00920484  0.00738508
 0.0137246 -0.0093342
-0.0093342 0.00757192
  0.0137273 -0.00946343
-0.00946343  0.00776147
  0.0137299 -0.00959212
-0.00959212  0.00795263
  0.0137313 -0.00972084
-0.00972084   0.0081474
   0.013732 -0.00984922
-0.00984922  0.00834488
  0.0137332 -0.00997656
-0.00997656  0.00854674
 0.0137353 -0.0101034
-0.0101034 0.00874988
 0.0137395  -0.010229
 -0.010229 0.00895599
 0.0137472 -0.0103536
-0.0103536 0.00916143
 0.0137538 -0.0104767
-0.0104767 0.00937414
 0.0137533 -0.0106086
-0.0106086 0.00957765
  0.013754 -0.0107396
-0.0107396 0.00978852
 0.0137566 -0.0108716
-0.0108716  0.0100036
  0.013759 -0.0110055
-0.0110055  0.0102194
 0.0137655 -0.0111364
-0.0111364  0.0104412
 0.0137722 -0.0112677
-0.0112677  0.0106605
 0.0137798 -0.0113985
-0.0113985  0.0108845
0.0137885 -0.011529
-0.011529   0.01111
 0.0137972 -0.0116589
-0.0116589  0.0113406
 0.0138047 -0.0117878
-0.0117878  0.0115717
  0.013812 -0.0119152
-0.0119152  0.0118045
 0.0138164 -0.0120427
-0.0120427  0.0120417
 0.0138195 -0.0121704
-0.0121704  0.0122825
 0.0138216 -0.0122984
-0.0122984  0.0125267
 0.0138244 -0.0124266
-0.0124266  0.0127731
 0.0138258 -0.0125555
-0.0125555  0.0130236
 0.0138288 -0.0126844
-0.0126844  0.0132758
0.0135319 0.0128137
0.0128137 0.0138297
0.0135298 0.0126839
0.0126839 0.0135671
0.0135288 0.0125547
0.0125547 0.0133049
0.0135271 0.0124258
0.0124258 0.0130487
0.0135251 0.0122973
0.0122973 0.0127964
0.0135233  0.012169
 0.012169 0.0125451
0.0135205 0.0120402
0.0120402 0.0122995
0.0135179  0.011911
 0.011911 0.0120571
0.0135158  0.011783
 0.011783 0.0118117
0.0135156 0.0116526
0.0116526 0.0115766
0.0135151 0.0115234
0.0115234 0.0113419
0.0135147 0.0113955
0.0113955 0.0111084
0.0135151  0.011267
 0.011267 0.0108794
0.0135149 0.0111392
0.0111392 0.0106522
0.0135149 0.0110128
0.0110128 0.0104251
0.0135155 0.0108862
0.0108862 0.0102011
 0.0135164  0.0107598
 0.0107598 0.00997432
  0.013517  0.0106326
 0.0106326 0.00975719
 0.0135174  0.0105048
 0.0105048 0.00954145
 0.0135166  0.0103764
 0.0103764 0.00932957
 0.0135156  0.0102473
 0.0102473 0.00911789
 0.0135131  0.0101177
 0.0101177 0.00890876
 0.0135107 0.00998836
0.00998836 0.00870234
 0.0135087 0.00985943
0.00985943 0.00850045
 0.0135065 0.00973106
0.00973106 0.00830056
  0.013504 0.00960318
0.00960318 0.00810336
 0.0135015 0.00947579
0.00947579 0.00790887
 0.0134993 0.00934848
0.00934848 0.00771443
 0.0134977 0.00922107
0.00922107 0.00753045
 0.0134954 0.00909379
0.00909379 0.00734346
  0.013493 0.00896501
0.00896501 0.00715428
 0.0134894 0.00883619
0.00883619 0.00697223
 0.0134859 0.00870707
0.00870707 0.00679133
 0.0134832  0.0085781
 0.0085781 0.00661685
 0.0134812 0.00844893
0.00844893 0.00644597
 0.0134791 0.00832092
0.00832092 0.00627339
 0.0134775 0.00819309
0.00819309 0.00610329
 0.0134763 0.00806537
0.00806537 0.00593584
 0.0134754 0.00793784
0.00793784  0.0057677
 0.0134741 0.00781039
0.00781039 0.00560729
 0.0134725 0.00768315
0.00768315 0.00544946
 0.0134706  0.0075556
 0.0075556 0.00529314
 0.0134681 0.00742791
0.00742791 0.00513958
 0.0134651 0.00730029
0.00730029 0.00498986
 0.0134617 0.00717216
0.00717216 0.00484161
 0.0134579 0.00704356
0.00704356 0.00469562
 0.0134543 0.00691516
0.00691516 0.00455254
 0.0134511 0.00678654
0.00678654 0.00441391
 0.0134478 0.00665821
0.00665821  0.0042765
 0.0134445 0.00653027
0.00653027 0.00414244
 0.0134414 0.00640324
0.00640324 0.00401231
 0.0134389  0.0062778
 0.0062778 0.00388835
 0.0134358 0.00615153
0.00615153 0.00375916
 0.0134337 0.00602625
0.00602625 0.00363713
 0.0134319 0.00589923
0.00589923  0.0035151
 0.0134329  0.0057694
 0.0057694 0.00339382
 0.0134325 0.00564161
0.00564161 0.00327722
 0.0134315 0.00550809
0.00550809 0.00315039
  0.013433 0.00537778
0.00537778 0.00303748
 0.0134349 0.00524922
0.00524922 0.00292716
 0.0134375 0.00512193
0.00512193 0.00281964
 0.0134389 0.00499605
0.00499605 0.00271541
  0.013438 0.00487093
0.00487093 0.00261462
 0.0134315 0.00473846
0.00473846 0.00250559
 0.0134242  0.0046061
 0.0046061 0.00240604
 0.0134181 0.00447659
0.00447659 0.00230737
 0.0134133 0.00434942
0.00434942 0.00221815
  0.013404 0.00422123
0.00422123 0.00212884
 0.0133977 0.00409468
0.00409468 0.00204593
 0.0133926 0.00396424
0.00396424 0.00196074
 0.0133926 0.00383356
0.00383356 0.00188194
 0.0133967 0.00369998
0.00369998 0.00181578
 0.0134043 0.00356573
0.00356573 0.00174474
 0.0134092 0.00343233
0.00343233 0.00168475
 0.0134096 0.00330367
0.00330367 0.00161988
 0.0133927  0.0031944
 0.0031944 0.00152515
 0.0133851 0.00307086
0.00307086 0.00145109
 0.0133791 0.00294589
0.00294589 0.00139343
 0.0133729 0.00281674
0.00281674 0.00133068
 0.0133654 0.00268713
0.00268713 0.00127233
  0.013357 0.00255752
0.00255752 0.00121622
 0.0133486 0.00242948
0.00242948 0.00116505
 0.0133415 0.00230225
0.00230225 0.00111655
 0.0133412 0.00218237
0.00218237 0.00108318
 0.0133402 0.00205493
0.00205493 0.00103954
  0.0133405  0.00192387
 0.00192387 0.000990307
  0.0133389   0.0017909
  0.0017909 0.000945414
  0.0133357  0.00165628
 0.00165628 0.000902492
  0.0133294  0.00152013
 0.00152013 0.000861137
  0.0133253  0.00138469
 0.00138469 0.000824884
   0.013327  0.00125362
 0.00125362 0.000799855
  0.0133258  0.00111923
 0.00111923 0.000772145
   0.013325 0.000984863
0.000984863 0.000747272
  0.0133259  0.00085165
 0.00085165 0.000728255
  0.0133277 0.000718193
0.000718193 0.000710671
  0.0133302 0.000584848
0.000584848 0.000696231
   0.013333 0.000451504
0.000451504 0.000684875
   0.013336 0.000318055
0.000318055 0.000676602
  0.0133388 0.000184401
0.000184401 0.000671443
  0.0133424 4.99016e-05
4.99016e-05 0.000670231
0.000671223 8.40571e-05
8.40571e-05   0.0133441
0.000663704 7.48605e-05
7.48605e-05   0.0130722
0.000659178 6.82807e-05
6.82807e-05   0.0128057
  0.0006558 6.31991e-05
6.31991e-05   0.0125425
 0.00065339 5.89031e-05
5.89031e-05   0.0122841
0.000651389 5.51943e-05
5.51943e-05   0.0120294
0.000649368 5.29401e-05
5.29401e-05   0.0117758
0.000647243 5.01057e-05
5.01057e-05   0.0115269
0.000644865  4.7572e-05
 4.7572e-05   0.0112821
0.000642754 4.34913e-05
4.34913e-05    0.011043
0.000640485 3.96944e-05
3.96944e-05    0.010806
0.000638922 3.42183e-05
3.42183e-05   0.0105728
0.000636824 3.17996e-05
3.17996e-05   0.0103387
0.000634233 2.87242e-05
2.87242e-05   0.0101102
0.000630542  2.8136e-05
 2.8136e-05  0.00988147
0.00062688 2.7455e-05
2.7455e-05 0.00965588
0.000622956 2.68387e-05
2.68387e-05  0.00943251
0.000619023 2.52437e-05
2.52437e-05  0.00921483
0.000614931 2.50233e-05
2.50233e-05  0.00899837
0.000611355 2.49001e-05
2.49001e-05  0.00878479
0.000608057 2.50946e-05
2.50946e-05  0.00857179
0.000605036 2.49714e-05
2.49714e-05  0.00836239
0.000602186 2.47165e-05
2.47165e-05   0.0081588
0.000599842 2.49747e-05
2.49747e-05  0.00795768
0.000598057 2.49263e-05
2.49263e-05  0.00775884
0.000596596 2.40254e-05
2.40254e-05  0.00756085
0.000595092 2.27265e-05
2.27265e-05  0.00736365
0.000593663 2.14525e-05
2.14525e-05  0.00717011
0.000592389 2.00179e-05
2.00179e-05   0.0069813
0.000590859 1.86552e-05
1.86552e-05  0.00679618
0.000588859 1.67195e-05
1.67195e-05  0.00661138
0.000586594 1.54787e-05
1.54787e-05  0.00643136
0.000583721 1.45715e-05
1.45715e-05  0.00625488
0.000580414 1.36316e-05
1.36316e-05  0.00608158
 0.00057603 1.23725e-05
1.23725e-05  0.00590862
0.000571477 1.19156e-05
1.19156e-05  0.00574046
0.000566762 1.15843e-05
1.15843e-05  0.00557548
0.000562226 1.14742e-05
1.14742e-05  0.00541455
 0.00055835 1.12812e-05
1.12812e-05  0.00525609
0.000554614 1.04357e-05
1.04357e-05   0.0050951
0.000551748 9.58668e-06
9.58668e-06  0.00493841
0.000548744 8.29949e-06
8.29949e-06    0.004783
0.000545461 6.65017e-06
6.65017e-06  0.00463178
0.000542003 3.67547e-06
3.67547e-06  0.00448451
0.000539057 6.48402e-07
6.48402e-07  0.00434137
 0.000537143 -3.34472e-06
-3.34472e-06   0.00420232
 0.000534964 -5.65942e-06
-5.65942e-06   0.00406367
 0.000531667 -6.05915e-06
-6.05915e-06   0.00392688
 0.000526549 -3.59351e-06
-3.59351e-06   0.00379039
 0.000521825 -8.34357e-07
-8.34357e-07   0.00365804
0.000518213 1.82386e-06
1.82386e-06  0.00352667
0.000515814 3.65313e-06
3.65313e-06  0.00339969
0.000513891 4.43238e-06
4.43238e-06  0.00327516
 0.00051088 4.04432e-06
4.04432e-06   0.0031535
 0.00050631 3.17455e-06
3.17455e-06  0.00303498
0.000501012 2.21044e-06
2.21044e-06  0.00291998
0.000495618 1.58432e-06
1.58432e-06  0.00280853
0.000490551 1.71993e-06
1.71993e-06  0.00270127
0.000486366 2.39616e-06
2.39616e-06  0.00259882
0.000483035 2.65837e-06
2.65837e-06  0.00249386
 0.00048023 1.89769e-06
1.89769e-06  0.00238993
0.000477985 9.10789e-07
9.10789e-07   0.0022883
0.000476371 4.45705e-07
4.45705e-07  0.00218982
0.000475109 4.94919e-07
4.94919e-07  0.00209513
0.000473391 4.68987e-07
4.68987e-07  0.00200352
0.000471322 6.52831e-07
6.52831e-07  0.00191483
0.000468711  6.8623e-07
 6.8623e-07   0.0018295
0.000465549 5.39623e-07
5.39623e-07  0.00174699
0.000462313  1.8864e-07
 1.8864e-07  0.00166746
 0.000459226 -4.56676e-07
-4.56676e-07   0.00159081
 0.000456524 -1.19378e-06
-1.19378e-06    0.0015161
 0.000454256 -1.53995e-06
-1.53995e-06   0.00144276
 0.000452209 -1.64412e-06
-1.64412e-06   0.00137183
 0.000450288 -1.81455e-06
-1.81455e-06   0.00130343
  0.00044879 -2.08342e-06
-2.08342e-06   0.00123775
 0.000447467 -2.73452e-06
-2.73452e-06   0.00117442
0.000446436 -3.6351e-06
-3.6351e-06  0.00111383
 0.000445618 -4.32221e-06
-4.32221e-06   0.00105575
 0.000444639 -4.87494e-06
-4.87494e-06   0.00100096
 0.000442871 -4.78303e-06
-4.78303e-06  0.000948588
0.000440452  -4.472e-06
 -4.472e-06 0.000899346
 0.000437891 -3.96684e-06
-3.96684e-06     0.000853
 0.000435505 -3.16881e-06
-3.16881e-06  0.000808899
 0.000433567 -2.38437e-06
-2.38437e-06  0.000766957
 0.000432068 -1.76947e-06
-1.76947e-06  0.000727008
 0.000430757 -1.48352e-06
-1.48352e-06  0.000689199
 0.000428959 -1.74121e-06
-1.74121e-06  0.000654247
 0.000427328 -2.11711e-06
-2.11711e-06  0.000621835
 0.000425592 -2.88676e-06
-2.88676e-06  0.000592197
  0.00042421 -3.73909e-06
-3.73909e-06  0.000565164
0.000423255 -4.5269e-06
-4.5269e-06 0.000540439
 0.000422509 -4.76005e-06
-4.76005e-06  0.000516944
 0.000422012 -4.41026e-06
-4.41026e-06  0.000496113
 0.000421577 -3.86587e-06
-3.86587e-06  0.000477335
0.000421389 -3.3776e-06
-3.3776e-06 0.000461424
0.000421339 -3.3312e-06
-3.3312e-06 0.000448206
 0.000421309 -3.77682e-06
-3.77682e-06  0.000436943
  0.00042169 -4.18865e-06
-4.18865e-06   0.00042817
 0.000422185 -4.54153e-06
-4.54153e-06   0.00042173
 0.000422556 -4.78571e-06
-4.78571e-06  0.000417603
