1.72069e-05 4.74033e-07
4.74033e-07 1.11557e-05
1.88131e-05 4.63666e-07
4.63666e-07 1.19046e-05
1.89649e-05 3.02275e-07
3.02275e-07 1.21978e-05
 1.85299e-05 -3.59203e-08
-3.59203e-08  1.24241e-05
  1.7615e-05 -5.44719e-07
-5.44719e-07  1.27179e-05
 1.62014e-05 -1.05094e-06
-1.05094e-06  1.31602e-05
 1.44782e-05 -1.36749e-06
-1.36749e-06  1.38748e-05
1.27308e-05  -1.226e-06
 -1.226e-06 1.48056e-05
 1.14688e-05 -6.26768e-07
-6.26768e-07  1.57003e-05
1.09412e-05 2.01683e-07
2.01683e-07 1.58417e-05
1.10683e-05 5.99041e-07
5.99041e-07 1.54091e-05
1.14699e-05 4.82597e-07
4.82597e-07 1.51149e-05
1.16811e-05 1.46291e-07
1.46291e-07 1.53012e-05
1.17783e-05 9.61741e-09
9.61741e-09 1.58385e-05
1.18671e-05 2.57229e-07
2.57229e-07 1.64862e-05
 1.2347e-05 8.47264e-07
8.47264e-07 1.65846e-05
1.34556e-05 1.53739e-06
1.53739e-06 1.60292e-05
1.51197e-05 2.15411e-06
2.15411e-06 1.50115e-05
1.70571e-05  2.6191e-06
 2.6191e-06 1.40284e-05
1.87391e-05 2.94941e-06
2.94941e-06 1.36559e-05
1.91816e-05 3.07382e-06
3.07382e-06 1.36032e-05
1.81617e-05 2.71798e-06
2.71798e-06 1.38187e-05
1.63383e-05 1.67705e-06
1.67705e-06 1.44044e-05
   1.503e-05 -3.50733e-08
-3.50733e-08  1.50212e-05
  1.5244e-05 -2.22164e-06
-2.22164e-06  1.59169e-05
 1.64259e-05 -4.08971e-06
-4.08971e-06  1.65722e-05
 1.70402e-05 -4.80182e-06
-4.80182e-06   1.7128e-05
 1.62081e-05 -3.86432e-06
-3.86432e-06    1.738e-05
1.51635e-05 -1.8018e-06
-1.8018e-06 1.74939e-05
1.53348e-05 5.75146e-07
5.75146e-07 1.73903e-05
1.69742e-05 2.56666e-06
2.56666e-06  1.7223e-05
1.94383e-05 3.84214e-06
3.84214e-06 1.71129e-05
2.20502e-05  4.3625e-06
 4.3625e-06 1.69207e-05
 2.4395e-05 4.20716e-06
4.20716e-06 1.65357e-05
2.64445e-05  3.5506e-06
 3.5506e-06 1.60617e-05
2.80777e-05 2.55017e-06
2.55017e-06 1.55931e-05
2.87604e-05 1.40265e-06
1.40265e-06 1.50255e-05
2.82661e-05 2.88589e-07
2.88589e-07 1.49158e-05
 2.61334e-05 -4.29311e-07
-4.29311e-07  1.50262e-05
 2.30844e-05 -4.63359e-07
-4.63359e-07  1.55685e-05
2.02792e-05 4.13777e-07
4.13777e-07 1.64462e-05
1.88923e-05 2.23659e-06
2.23659e-06 1.77041e-05
1.93588e-05 4.47878e-06
4.47878e-06 1.86963e-05
2.12616e-05 6.55009e-06
6.55009e-06 1.98306e-05
2.26023e-05 6.98649e-06
6.98649e-06 1.93549e-05
2.26727e-05 6.09248e-06
6.09248e-06 1.84165e-05
2.17903e-05 4.56108e-06
4.56108e-06 1.73965e-05
 2.0572e-05 3.05838e-06
3.05838e-06 1.67487e-05
1.92248e-05 1.73748e-06
1.73748e-06 1.64612e-05
1.78551e-05 5.08472e-07
5.08472e-07 1.66814e-05
 1.65953e-05 -8.22432e-07
-8.22432e-07  1.70448e-05
 1.58841e-05 -2.44311e-06
-2.44311e-06  1.78319e-05
 1.61018e-05 -4.50525e-06
-4.50525e-06  1.89651e-05
 1.73849e-05 -6.83031e-06
-6.83031e-06  2.01457e-05
 1.91009e-05 -8.66257e-06
-8.66257e-06  2.07011e-05
 2.00447e-05 -9.12803e-06
-9.12803e-06  2.02243e-05
 1.94808e-05 -7.89627e-06
-7.89627e-06  1.84185e-05
 1.82758e-05 -6.05414e-06
-6.05414e-06   1.6451e-05
 1.71482e-05 -4.33563e-06
-4.33563e-06  1.47774e-05
 1.63486e-05 -3.14056e-06
-3.14056e-06  1.38026e-05
 1.52726e-05 -2.12401e-06
-2.12401e-06  1.31873e-05
  1.3963e-05 -1.13087e-06
-1.13087e-06  1.30367e-05
1.29002e-05 2.14701e-08
2.14701e-08 1.30453e-05
1.23743e-05 1.11901e-06
1.11901e-06 1.31165e-05
 1.1962e-05 1.64518e-06
1.64518e-06  1.3239e-05
 1.1279e-05 1.54877e-06
1.54877e-06 1.40233e-05
1.05621e-05 9.10135e-07
9.10135e-07 1.46867e-05
1.04175e-05 4.23477e-07
4.23477e-07 1.48626e-05
1.09581e-05 3.78057e-07
3.78057e-07  1.4061e-05
 1.2038e-05 5.59611e-07
5.59611e-07 1.30871e-05
1.33106e-05 6.40348e-07
6.40348e-07 1.25292e-05
1.44072e-05  4.8463e-07
 4.8463e-07 1.23593e-05
1.52058e-05 1.62222e-07
1.62222e-07 1.23987e-05
 1.57672e-05 -1.47465e-07
-1.47465e-07  1.24961e-05
 1.61395e-05 -2.54047e-07
-2.54047e-07  1.25664e-05
 1.62274e-05 -1.16389e-07
-1.16389e-07  1.25882e-05
1.60059e-05  3.2008e-07
 3.2008e-07  1.2637e-05
 1.5592e-05 1.10072e-06
1.10072e-06 1.28093e-05
 1.5333e-05 2.28323e-06
2.28323e-06 1.31562e-05
1.58466e-05 4.05031e-06
4.05031e-06 1.39742e-05
1.72506e-05 6.24748e-06
6.24748e-06 1.51154e-05
1.90116e-05 8.59768e-06
8.59768e-06 1.67313e-05
1.91526e-05 9.75607e-06
9.75607e-06 1.79712e-05
 1.5767e-05 7.94665e-06
7.94665e-06 1.74552e-05
1.22354e-05 5.31835e-06
5.31835e-06 1.64658e-05
1.00599e-05 2.87238e-06
2.87238e-06 1.54698e-05
9.01716e-06 7.95026e-07
7.95026e-07 1.44617e-05
  8.8382e-06 -5.80412e-07
-5.80412e-07  1.40124e-05
 9.13136e-06 -1.58958e-06
-1.58958e-06  1.41378e-05
9.75344e-06 -2.6132e-06
-2.6132e-06 1.45808e-05
 1.06572e-05 -3.65283e-06
-3.65283e-06  1.49077e-05
 1.21408e-05 -4.51598e-06
-4.51598e-06  1.49331e-05
 1.38039e-05 -4.90216e-06
-4.90216e-06  1.45317e-05
 1.53359e-05 -4.73842e-06
-4.73842e-06  1.38619e-05
 1.65813e-05 -4.20534e-06
-4.20534e-06  1.32002e-05
 1.75321e-05 -3.54657e-06
-3.54657e-06  1.27268e-05
 1.82112e-05 -2.93932e-06
-2.93932e-06  1.23986e-05
 1.85667e-05 -2.53562e-06
-2.53562e-06  1.21388e-05
 1.88042e-05 -2.32951e-06
-2.32951e-06  1.18541e-05
 1.88417e-05 -2.30369e-06
-2.30369e-06  1.14152e-05
1.07914e-05 2.30337e-06
2.30337e-06 1.87539e-05
1.05125e-05 1.32432e-06
1.32432e-06 1.79297e-05
1.05092e-05 6.02933e-07
6.02933e-07 1.69459e-05
1.06013e-05 1.88696e-07
1.88696e-07 1.61786e-05
 1.05801e-05 -3.82423e-08
-3.82423e-08  1.57655e-05
 1.04166e-05 -2.80419e-07
-2.80419e-07  1.57774e-05
 1.02252e-05 -7.08071e-07
-7.08071e-07  1.61502e-05
 1.01086e-05 -1.27998e-06
-1.27998e-06   1.6529e-05
 1.02063e-05 -1.92215e-06
-1.92215e-06  1.67681e-05
 1.05076e-05 -2.46879e-06
-2.46879e-06  1.67724e-05
 1.09061e-05 -2.77116e-06
-2.77116e-06   1.6531e-05
 1.13949e-05 -2.79077e-06
-2.79077e-06  1.61471e-05
  1.1932e-05 -2.55943e-06
-2.55943e-06  1.57498e-05
 1.21564e-05 -1.89453e-06
-1.89453e-06  1.52819e-05
 1.22639e-05 -9.62201e-07
-9.62201e-07  1.48401e-05
 1.26725e-05 -7.05961e-08
-7.05961e-08  1.45702e-05
1.31718e-05 7.96795e-07
7.96795e-07 1.44562e-05
1.37163e-05 1.47496e-06
1.47496e-06 1.43673e-05
1.42088e-05 1.80206e-06
1.80206e-06 1.42596e-05
1.45412e-05 1.71824e-06
1.71824e-06 1.40743e-05
1.47893e-05 1.24349e-06
1.24349e-06 1.38755e-05
1.48861e-05 5.93565e-07
5.93565e-07 1.35691e-05
  1.4949e-05 -8.39744e-08
-8.39744e-08  1.33964e-05
 1.48806e-05 -6.30924e-07
-6.30924e-07  1.33224e-05
 1.45796e-05 -8.99651e-07
-8.99651e-07  1.33272e-05
   1.405e-05 -7.80371e-07
-7.80371e-07  1.33549e-05
 1.34505e-05 -2.68683e-07
-2.68683e-07  1.32911e-05
1.30504e-05 4.98283e-07
4.98283e-07 1.32483e-05
1.28762e-05 1.25339e-06
1.25339e-06 1.32148e-05
1.26873e-05   1.692e-06
  1.692e-06 1.32311e-05
1.22326e-05 1.60637e-06
1.60637e-06 1.33064e-05
1.16102e-05 1.03873e-06
1.03873e-06 1.34568e-05
1.11076e-05 2.43184e-07
2.43184e-07 1.36348e-05
1.08559e-05 -4.5969e-07
-4.5969e-07  1.3911e-05
  1.0805e-05 -9.24336e-07
-9.24336e-07  1.42898e-05
 1.09209e-05 -1.14337e-06
-1.14337e-06  1.42547e-05
1.12796e-05 -1.1388e-06
-1.1388e-06  1.4058e-05
 1.18459e-05 -9.52259e-07
-9.52259e-07  1.36272e-05
 1.25116e-05 -6.30314e-07
-6.30314e-07  1.30977e-05
 1.31968e-05 -2.23127e-07
-2.23127e-07  1.28371e-05
1.37595e-05 2.55026e-07
2.55026e-07 1.27271e-05
1.40988e-05 7.18919e-07
7.18919e-07 1.27302e-05
1.41855e-05 1.10567e-06
1.10567e-06 1.28744e-05
1.39642e-05 1.36047e-06
1.36047e-06 1.29673e-05
1.35429e-05 1.45363e-06
1.45363e-06 1.32304e-05
1.29553e-05  1.3853e-06
 1.3853e-06 1.34118e-05
1.23301e-05 1.17454e-06
1.17454e-06 1.35335e-05
1.17172e-05 8.86791e-07
8.86791e-07 1.36314e-05
1.11404e-05 6.69993e-07
6.69993e-07 1.38705e-05
 1.0611e-05 7.63771e-07
7.63771e-07 1.43382e-05
1.03007e-05 1.41604e-06
1.41604e-06 1.52425e-05
1.04686e-05 2.61533e-06
2.61533e-06 1.65154e-05
1.10597e-05 3.74755e-06
3.74755e-06 1.75935e-05
1.15236e-05 3.76041e-06
3.76041e-06  1.7243e-05
1.19103e-05 2.91783e-06
2.91783e-06 1.62471e-05
 1.2536e-05 1.88773e-06
1.88773e-06 1.51853e-05
1.33197e-05 9.40613e-07
9.40613e-07 1.45591e-05
 1.43063e-05 -3.50987e-08
-3.50987e-08  1.45819e-05
 1.58236e-05 -1.12138e-06
-1.12138e-06  1.48454e-05
 1.80864e-05 -2.24496e-06
-2.24496e-06   1.4684e-05
 2.07723e-05 -2.86229e-06
-2.86229e-06  1.47279e-05
 2.32517e-05 -3.06649e-06
-3.06649e-06   1.4835e-05
 2.50732e-05 -3.07256e-06
-3.07256e-06  1.50965e-05
 2.62554e-05 -3.13402e-06
-3.13402e-06   1.5484e-05
 2.71869e-05 -3.39136e-06
-3.39136e-06  1.59419e-05
 2.78495e-05 -3.69965e-06
-3.69965e-06  1.63594e-05
 2.80312e-05 -3.92804e-06
-3.92804e-06  1.67549e-05
  2.7386e-05 -4.03985e-06
-4.03985e-06  1.71784e-05
2.62606e-05 -4.3594e-06
-4.3594e-06 1.78517e-05
 2.52273e-05 -5.23452e-06
-5.23452e-06  1.87203e-05
 2.52577e-05 -6.76986e-06
-6.76986e-06  2.01132e-05
 2.65502e-05 -8.81552e-06
-8.81552e-06  2.15645e-05
 2.86703e-05 -1.07575e-05
-1.07575e-05  2.25095e-05
 3.07148e-05 -1.19741e-05
-1.19741e-05  2.27354e-05
 3.17987e-05 -1.22049e-05
-1.22049e-05  2.23098e-05
 3.17637e-05 -1.17702e-05
-1.17702e-05  2.17195e-05
 3.06041e-05 -1.10815e-05
-1.10815e-05  2.12617e-05
 2.83356e-05 -1.02262e-05
-1.02262e-05  2.09589e-05
 2.51767e-05 -9.23269e-06
-9.23269e-06  2.09041e-05
 2.15674e-05 -7.99309e-06
-7.99309e-06  2.13191e-05
 1.79394e-05 -6.28845e-06
-6.28845e-06  2.16387e-05
 1.51261e-05 -3.98543e-06
-3.98543e-06  2.21063e-05
 1.36941e-05 -1.34104e-06
-1.34104e-06  2.26696e-05
 1.3607e-05 1.18159e-06
1.18159e-06 2.28394e-05
1.43828e-05 3.11971e-06
3.11971e-06 2.23073e-05
 1.6012e-05  5.0517e-06
 5.0517e-06 2.27039e-05
1.72993e-05 5.87234e-06
5.87234e-06 2.21186e-05
1.87092e-05 6.57267e-06
6.57267e-06 2.21122e-05
 1.8574e-05 5.75102e-06
5.75102e-06 2.11096e-05
1.85709e-05 5.00778e-06
5.00778e-06 2.06194e-05
1.81497e-05 3.81683e-06
3.81683e-06 2.00074e-05
1.78121e-05 2.53184e-06
2.53184e-06 1.95111e-05
1.76827e-05 1.21358e-06
1.21358e-06 1.90489e-05
1.78655e-05 -6.8598e-08
-6.8598e-08 1.85847e-05
 1.83766e-05 -1.26838e-06
-1.26838e-06  1.80822e-05
 1.93213e-05 -2.26667e-06
-2.26667e-06  1.76338e-05
 2.02766e-05 -3.25795e-06
-3.25795e-06  1.69573e-05
 2.12641e-05 -4.14589e-06
-4.14589e-06  1.62085e-05
2.23688e-05 -4.8983e-06
-4.8983e-06 1.54461e-05
 2.32076e-05 -5.64607e-06
-5.64607e-06  1.45681e-05
1.36313e-05 6.36024e-06
6.36024e-06 2.35044e-05
1.14649e-05 3.36423e-06
3.36423e-06 2.15169e-05
1.07435e-05 1.34512e-06
1.34512e-06 1.96485e-05
1.07155e-05 1.10929e-07
1.10929e-07 1.82647e-05
 1.09901e-05 -6.76151e-07
-6.76151e-07  1.72625e-05
 1.13945e-05 -1.17277e-06
-1.17277e-06  1.64506e-05
 1.18006e-05 -1.41666e-06
-1.41666e-06  1.57666e-05
 1.20639e-05 -1.47401e-06
-1.47401e-06  1.52848e-05
  1.2107e-05 -1.50421e-06
-1.50421e-06  1.50653e-05
 1.20458e-05 -1.68532e-06
-1.68532e-06  1.50788e-05
 1.20247e-05 -2.00757e-06
-2.00757e-06  1.51446e-05
 1.2913e-05 -2.8095e-06
-2.8095e-06 1.54405e-05
 1.36758e-05 -3.44282e-06
-3.44282e-06   1.5613e-05
 1.34975e-05 -3.25912e-06
-3.25912e-06  1.52147e-05
 1.32583e-05 -2.94459e-06
-2.94459e-06  1.47677e-05
 1.29621e-05 -2.66708e-06
-2.66708e-06  1.44658e-05
 1.23643e-05 -2.29695e-06
-2.29695e-06  1.42148e-05
 1.20082e-05 -2.41987e-06
-2.41987e-06  1.49957e-05
 1.10876e-05 -1.74688e-06
-1.74688e-06  1.51778e-05
 1.04313e-05 -9.02437e-07
-9.02437e-07  1.51118e-05
  1.0109e-05 -2.10721e-07
-2.10721e-07  1.49667e-05
9.95432e-06 3.08849e-07
3.08849e-07 1.51483e-05
9.94181e-06 9.40965e-07
9.40965e-07 1.56063e-05
1.03092e-05 1.73782e-06
1.73782e-06 1.58484e-05
1.11022e-05 2.29373e-06
2.29373e-06 1.53746e-05
1.21497e-05  2.4179e-06
 2.4179e-06  1.4732e-05
1.32615e-05 2.21165e-06
2.21165e-06 1.40225e-05
1.44486e-05 1.91195e-06
1.91195e-06 1.36602e-05
 1.5613e-05 1.57394e-06
1.57394e-06 1.33956e-05
 1.6698e-05 1.24144e-06
1.24144e-06 1.33168e-05
1.75871e-05 9.39504e-07
9.39504e-07 1.33254e-05
1.81964e-05 7.21159e-07
7.21159e-07 1.33969e-05
 1.8457e-05 6.28941e-07
6.28941e-07 1.35194e-05
1.83239e-05 6.63002e-07
6.63002e-07 1.37034e-05
1.76666e-05 7.17006e-07
7.17006e-07 1.37517e-05
1.68714e-05   8.662e-07
  8.662e-07 1.41253e-05
1.59617e-05 1.02003e-06
1.02003e-06 1.45394e-05
1.51911e-05 1.18304e-06
1.18304e-06 1.49404e-05
1.47454e-05 1.34201e-06
1.34201e-06 1.51977e-05
1.46045e-05 1.38821e-06
1.38821e-06 1.49965e-05
1.47913e-05 1.24584e-06
1.24584e-06 1.47568e-05
1.49806e-05 8.35112e-07
8.35112e-07 1.43484e-05
1.51258e-05 2.67901e-07
2.67901e-07 1.39433e-05
 1.51503e-05 -5.83637e-07
-5.83637e-07  1.37135e-05
  1.5279e-05 -1.64497e-06
-1.64497e-06  1.36973e-05
 1.56492e-05 -2.76231e-06
-2.76231e-06   1.3858e-05
 1.60109e-05 -3.60243e-06
-3.60243e-06  1.39873e-05
 1.59431e-05 -3.75986e-06
-3.75986e-06  1.39171e-05
 1.53436e-05 -3.09017e-06
-3.09017e-06  1.34986e-05
  1.4741e-05 -1.90264e-06
-1.90264e-06  1.28165e-05
 1.47139e-05 -6.84355e-07
-6.84355e-07  1.21222e-05
1.52407e-05  2.6479e-07
 2.6479e-07 1.15743e-05
1.58376e-05 7.93733e-07
7.93733e-07 1.10591e-05
1.59272e-05 8.94241e-07
8.94241e-07 1.07392e-05
1.51389e-05 6.65547e-07
6.65547e-07 1.05617e-05
1.36414e-05 3.28164e-07
3.28164e-07 1.06265e-05
 1.1868e-05 1.59112e-07
1.59112e-07 1.09118e-05
1.03646e-05  3.5292e-07
 3.5292e-07 1.15039e-05
 9.4294e-06 8.25253e-07
8.25253e-07 1.21389e-05
9.01576e-06 1.14195e-06
1.14195e-06  1.2297e-05
8.94365e-06 1.01068e-06
1.01068e-06 1.19034e-05
9.15518e-06 6.62332e-07
6.62332e-07 1.10157e-05
9.73261e-06 5.11655e-07
5.11655e-07 1.02428e-05
1.04956e-05 6.06558e-07
6.06558e-07 9.60999e-06
1.11684e-05 8.09353e-07
8.09353e-07 9.33353e-06
1.14205e-05 1.00947e-06
1.00947e-06 9.25731e-06
 1.1161e-05 1.13106e-06
1.13106e-06 9.37482e-06
1.05215e-05 1.14598e-06
1.14598e-06 9.63286e-06
9.74387e-06 1.02942e-06
1.02942e-06 1.00431e-05
 9.0655e-06 7.60261e-07
7.60261e-07 1.05082e-05
8.60909e-06 4.90088e-07
4.90088e-07 1.06408e-05
8.39637e-06 3.49314e-07
3.49314e-07 1.05495e-05
8.31291e-06 3.55347e-07
3.55347e-07 1.03279e-05
 8.3534e-06 3.93202e-07
3.93202e-07 1.02307e-05
8.44753e-06 3.10734e-07
3.10734e-07 1.00269e-05
8.65409e-06  7.9123e-09
 7.9123e-09 9.73069e-06
 9.02248e-06 -3.92092e-07
-3.92092e-07  9.31584e-06
 9.45547e-06 -7.47008e-07
-7.47008e-07  8.91734e-06
 9.73053e-06 -9.10491e-07
-9.10491e-07  8.64333e-06
 9.64862e-06 -8.55745e-07
-8.55745e-07  8.54898e-06
 9.17728e-06 -6.57803e-07
-6.57803e-07  8.67334e-06
 8.48691e-06 -3.59277e-07
-3.59277e-07  8.90025e-06
7.92601e-06 2.43434e-09
2.43434e-09  9.1958e-06
7.54678e-06 3.25103e-07
3.25103e-07 9.42293e-06
7.38289e-06 5.91863e-07
5.91863e-07 9.44716e-06
7.12353e-06  6.2876e-07
 6.2876e-07 9.28996e-06
6.94193e-06 6.14074e-07
6.14074e-07 9.29633e-06
6.63638e-06 4.24005e-07
4.24005e-07 9.52381e-06
 6.32021e-06 -1.14285e-08
-1.14285e-08  1.00125e-05
 6.05335e-06 -6.94745e-07
-6.94745e-07  1.04324e-05
 6.14139e-06 -1.29532e-06
-1.29532e-06  1.06492e-05
 6.44262e-06 -1.58018e-06
-1.58018e-06  1.05707e-05
 6.76213e-06 -1.51564e-06
-1.51564e-06   1.0292e-05
 7.08963e-06 -1.29559e-06
-1.29559e-06  1.00153e-05
 7.47177e-06 -1.16222e-06
-1.16222e-06  9.89274e-06
 7.95112e-06 -1.26025e-06
-1.26025e-06  9.89541e-06
 8.57717e-06 -1.58516e-06
-1.58516e-06  9.88879e-06
  9.3583e-06 -2.00336e-06
-2.00336e-06  9.83219e-06
 1.01583e-05 -2.40745e-06
-2.40745e-06  9.70944e-06
 1.08251e-05 -2.73697e-06
-2.73697e-06  9.56278e-06
 9.3441e-06 2.99664e-06
2.99664e-06 1.12225e-05
8.93942e-06 2.45121e-06
2.45121e-06 1.13045e-05
8.68138e-06 1.90574e-06
1.90574e-06   1.133e-05
8.58969e-06 1.46731e-06
1.46731e-06 1.12678e-05
8.69522e-06  1.2013e-06
 1.2013e-06 1.11969e-05
8.89589e-06 1.18962e-06
1.18962e-06 1.11548e-05
9.06778e-06 1.38091e-06
1.38091e-06  1.1267e-05
9.12433e-06 1.60399e-06
1.60399e-06 1.15809e-05
9.06658e-06 1.64831e-06
1.64831e-06  1.1981e-05
9.02022e-06 1.39908e-06
1.39908e-06 1.22273e-05
9.17599e-06 9.50203e-07
9.50203e-07 1.21616e-05
9.67002e-06 5.20326e-07
5.20326e-07 1.18896e-05
1.04343e-05 2.13271e-07
2.13271e-07 1.15886e-05
1.11898e-05 4.14474e-08
4.14474e-08 1.13001e-05
  1.1736e-05 -3.25901e-08
-3.25901e-08  1.11428e-05
 1.21011e-05 -2.91763e-08
-2.91763e-08  1.11891e-05
 1.24708e-05 -5.20129e-09
-5.20129e-09  1.14033e-05
1.26422e-05 1.71796e-07
1.71796e-07 1.16302e-05
1.27768e-05 4.87833e-07
4.87833e-07 1.17226e-05
1.29633e-05 7.82866e-07
7.82866e-07 1.16493e-05
1.33043e-05 8.65886e-07
8.65886e-07 1.15577e-05
1.36522e-05 6.71644e-07
6.71644e-07 1.14626e-05
 1.3725e-05 3.46179e-07
3.46179e-07 1.13253e-05
 1.35838e-05 -1.00883e-07
-1.00883e-07    1.119e-05
 1.32229e-05 -4.78281e-07
-4.78281e-07  1.11893e-05
 1.27377e-05 -7.93091e-07
-7.93091e-07  1.13618e-05
 1.20772e-05 -9.32066e-07
-9.32066e-07  1.15336e-05
 1.13817e-05 -9.72802e-07
-9.72802e-07  1.17468e-05
 1.07478e-05 -9.86438e-07
-9.86438e-07  1.18764e-05
 1.03354e-05 -1.08808e-06
-1.08808e-06  1.19873e-05
 1.01732e-05 -1.25876e-06
-1.25876e-06  1.18365e-05
 1.02507e-05 -1.40048e-06
-1.40048e-06  1.14658e-05
 1.04195e-05 -1.38259e-06
-1.38259e-06  1.09323e-05
 1.04762e-05 -1.14532e-06
-1.14532e-06  1.03678e-05
 1.03125e-05 -7.79825e-07
-7.79825e-07  1.00042e-05
9.88083e-06   -3.83e-07
  -3.83e-07 9.89498e-06
 9.26779e-06 -9.21579e-08
-9.21579e-08  1.00729e-05
 8.64614e-06 -2.58659e-08
-2.58659e-08  1.06277e-05
 8.17547e-06 -1.55019e-07
-1.55019e-07  1.11126e-05
  7.9758e-06 -3.48219e-07
-3.48219e-07  1.12877e-05
 8.03194e-06 -4.20564e-07
-4.20564e-07  1.11409e-05
 8.24652e-06 -3.31133e-07
-3.31133e-07  1.08908e-05
 8.47975e-06 -1.60763e-07
-1.60763e-07  1.06609e-05
8.63745e-06 7.63824e-08
7.63824e-08 1.07909e-05
 8.6859e-06 4.99928e-07
4.99928e-07  1.1219e-05
8.85204e-06   1.205e-06
  1.205e-06 1.19732e-05
9.31786e-06 2.05709e-06
2.05709e-06 1.27482e-05
1.00363e-05 2.70821e-06
2.70821e-06 1.31088e-05
1.07958e-05 2.91685e-06
2.91685e-06 1.31585e-05
1.14503e-05  2.6292e-06
 2.6292e-06 1.29445e-05
1.20883e-05 2.01749e-06
2.01749e-06 1.27013e-05
1.28571e-05 1.25421e-06
1.25421e-06 1.25035e-05
1.38818e-05 4.42567e-07
4.42567e-07 1.20278e-05
 1.53527e-05 -2.60829e-07
-2.60829e-07  1.18448e-05
 1.71166e-05 -8.03028e-07
-8.03028e-07  1.17209e-05
 1.89828e-05 -1.15444e-06
-1.15444e-06   1.1635e-05
 2.03864e-05 -1.25779e-06
-1.25779e-06     1.15e-05
 2.09892e-05 -1.18539e-06
-1.18539e-06  1.15193e-05
 2.05948e-05 -1.06731e-06
-1.06731e-06  1.16305e-05
 1.94034e-05 -9.54106e-07
-9.54106e-07  1.18793e-05
 1.79079e-05 -9.21295e-07
-9.21295e-07  1.21889e-05
 1.66197e-05 -9.63842e-07
-9.63842e-07  1.26125e-05
 1.56449e-05 -1.00393e-06
-1.00393e-06  1.28591e-05
  1.4981e-05 -9.05495e-07
-9.05495e-07  1.29016e-05
 1.45022e-05 -5.55279e-07
-5.55279e-07  1.28455e-05
1.40622e-05 7.16269e-08
7.16269e-08 1.26897e-05
1.36956e-05 9.36609e-07
9.36609e-07 1.26472e-05
1.34886e-05 1.96452e-06
1.96452e-06 1.28065e-05
1.34715e-05  3.0646e-06
 3.0646e-06  1.3269e-05
1.34439e-05 4.05061e-06
4.05061e-06 1.38747e-05
1.31437e-05  4.6956e-06
 4.6956e-06 1.46437e-05
1.23366e-05 4.62727e-06
4.62727e-06 1.51007e-05
1.12848e-05 3.82069e-06
3.82069e-06 1.49666e-05
1.05302e-05 2.72019e-06
2.72019e-06 1.43154e-05
1.02631e-05  1.8733e-06
 1.8733e-06 1.35375e-05
1.02168e-05 1.39004e-06
1.39004e-06 1.32232e-05
1.01224e-05 9.89052e-07
9.89052e-07 1.33512e-05
1.01233e-05 4.34517e-07
4.34517e-07 1.35732e-05
 1.05347e-05 -1.04627e-07
-1.04627e-07  1.34711e-05
 1.13891e-05 -2.66397e-07
-2.66397e-07  1.30644e-05
1.18655e-05 -5.2717e-07
-5.2717e-07 1.20459e-05
1.27278e-05 -1.0253e-07
-1.0253e-07 1.18274e-05
1.33542e-05 2.67637e-07
2.67637e-07 1.17419e-05
 1.3466e-05 3.58661e-07
3.58661e-07 1.16808e-05
1.35498e-05 6.26146e-07
6.26146e-07 1.18741e-05
 1.3252e-05 8.12617e-07
8.12617e-07 1.22179e-05
1.26444e-05 8.24821e-07
8.24821e-07 1.27725e-05
1.16196e-05 4.65578e-07
4.65578e-07 1.33515e-05
 1.10156e-05 -3.20467e-08
-3.20467e-08  1.40444e-05
 1.05992e-05 -7.87286e-07
-7.87286e-07  1.46563e-05
 1.04984e-05 -1.35427e-06
-1.35427e-06  1.49198e-05
 1.07131e-05 -1.66924e-06
-1.66924e-06  1.51141e-05
 1.08766e-05 -1.70326e-06
-1.70326e-06  1.52187e-05
 1.09778e-05 -1.58538e-06
-1.58538e-06  1.54227e-05
 1.10553e-05 -1.38592e-06
-1.38592e-06   1.5689e-05
 1.11581e-05 -1.12378e-06
-1.12378e-06  1.59785e-05
 1.12746e-05 -7.96826e-07
-7.96826e-07  1.62648e-05
 1.13343e-05 -5.05542e-07
-5.05542e-07  1.65448e-05
 1.14007e-05 -2.79073e-07
-2.79073e-07  1.70011e-05
 1.14318e-05 -2.60549e-07
-2.60549e-07  1.75293e-05
