0.000577711 0.000206268
0.000206268  0.00264749
  0.0108721   -0.001087
  -0.001087 0.000775977
0.000821179 0.000809507
0.000809507    0.015846
  0.00818615 -0.000872696
-0.000872696  0.000727358
0.00380994 0.00577537
0.00577537  0.0120199
 0.0159541  0.0108157
 0.0108157 0.00856629
0.0160991 0.0058874
0.0058874 0.0029819
0.0120046 0.0133949
0.0133949 0.0171711
0.00734092 0.00982665
0.00982665  0.0158629
   0.0130807 -0.000752853
-0.000752853  0.000714115
0.000476038 8.39607e-05
8.39607e-05 0.000682823
 0.000860716 -0.000956079
-0.000956079    0.0108549
 0.0119257 0.00361948
0.00361948  0.0018591
 0.0120259 0.00996259
0.00996259 0.00973281
0.0101062 0.0104902
0.0104902 0.0127911
 0.000824505 -0.000771109
-0.000771109    0.0110827
 0.000493611 -5.10656e-05
-5.10656e-05  0.000484691
 0.00377532 -0.00046781
-0.00046781  0.00061607
 0.00066261 0.000272002
0.000272002  0.00561769
   0.0129976 -0.000943894
-0.000943894  0.000746097
 0.00121204 -0.00151063
-0.00151063     0.01724
 0.00145583 0.000286015
0.000286015 0.000556711
 0.0159981 0.00620862
0.00620862 0.00325823
 0.000826128 -0.000234678
-0.000234678    0.0162692
  0.0151946 0.000598619
0.000598619 0.000689171
 0.000481191 -4.35351e-05
-4.35351e-05  0.000481788
0.0124064 0.0107694
0.0107694  0.010875
 0.00533758 0.000464785
0.000464785 0.000611358
   0.0039357 -0.000542422
-0.000542422  0.000641256
 0.0151443 0.00424548
0.00424548 0.00192976
  0.00340153 -0.000398525
-0.000398525   0.00059329
 0.000490685 -7.40695e-06
-7.40695e-06  0.000522731
  0.015633 0.00233418
0.00233418 0.00102943
 0.000793136 -0.000636451
-0.000636451    0.0102475
0.000566706 0.000262976
0.000262976  0.00164096
 0.0121933 0.00925395
0.00925395 0.00838032
0.000882604   0.0012111
  0.0012111   0.0166799
 0.0164702 0.00810985
0.00810985 0.00498568
0.000511983  0.00013363
 0.00013363  0.00144284
  0.00702611 -0.000825135
-0.000825135  0.000716238
 0.000823189 -0.000145868
-0.000145868  0.000506109
0.0163141 0.0138129
0.0138129 0.0132619
 0.000469769 -4.62318e-06
-4.62318e-06  0.000487395
0.00261669 0.00443391
0.00443391  0.0116528
0.000740011 0.000678247
0.000678247  0.00635201
0.00511724 0.00795443
0.00795443  0.0155645
0.00258488 0.00534462
0.00534462  0.0167558
 0.00636164 0.000682908
0.000682908   0.0006631
   0.0153703 -0.000511335
-0.000511335  0.000721206
  0.0123898 0.000940785
0.000940785 0.000715989
0.00234529 0.00432194
0.00432194  0.0126402
0.00126374 0.00276941
0.00276941  0.0162062
  0.0160681   0.0017277
  0.0017277 0.000865022
 0.0116886 0.00813611
0.00813611 0.00693593
0.000584901 0.000267444
0.000267444  0.00118251
0.0119413  0.013364
 0.013364 0.0171896
 0.000674706 -0.000455088
-0.000455088   0.00314406
0.00280811 0.00479044
0.00479044  0.0121942
 0.0128889 0.00989425
0.00989425 0.00894548
  0.00404076 -0.000615109
-0.000615109  0.000668065
0.000450501 3.92392e-05
3.92392e-05  0.00050795
 0.0116647 0.00399147
0.00399147 0.00216574
 0.000593949 -7.23344e-05
-7.23344e-05  0.000468886
  0.00145034 -0.000296919
-0.000296919  0.000568654
  0.0115681  0.00117383
 0.00117383 0.000763245
  0.0160503  0.00221712
 0.00221712 0.000990833
0.000726159 0.000418388
0.000418388  0.00890203
0.00452878 0.00736971
0.00736971  0.0154114
 0.000970776 -0.000989875
-0.000989875    0.0168352
 0.000546093 -1.12988e-05
-1.12988e-05  0.000484562
0.000826363 0.000987638
0.000987638   0.0119946
0.000498772 0.000110888
0.000110888 0.000693102
 0.000667627 -0.000387942
-0.000387942   0.00402882
0.000740846 0.000627998
0.000627998  0.00790328
 0.0161085 0.00241135
0.00241135  0.0010495
  0.00895201 -0.000937237
-0.000937237  0.000743274
 0.0160558 0.00877973
0.00877973 0.00585379
0.000533754 0.000111942
0.000111942 0.000576503
 0.00719502 0.000671725
0.000671725 0.000661778
 0.0160259 0.00888189
0.00888189 0.00598418
 0.0154798 0.00785524
0.00785524 0.00496297
 0.00220354 0.000341968
0.000341968 0.000569913
 0.0013627 0.00305296
0.00305296  0.0169548
0.00813834 0.00900956
0.00900956  0.0121071
 0.00497076 0.000392508
0.000392508 0.000594951
 0.0128081  0.0103251
 0.0103251 0.00973882
 0.0161392 0.00405328
0.00405328 0.00175511
  0.015179 0.00343509
0.00343509 0.00148412
 0.0125643 0.00642506
0.00642506 0.00425927
  0.00107733 -0.000209735
-0.000209735  0.000532041
0.00618063 0.00901976
0.00901976  0.0161805
0.000663335 0.000380005
0.000380005  0.00489364
 0.0156916 0.00384982
0.00384982 0.00166997
0.000870965 -0.00041933
-0.00041933    0.016891
  0.0154731  0.00144466
 0.00144466 0.000803209
 0.010677 0.0103756
0.0103756 0.0118612
0.000686593  0.00050667
 0.00050667  0.00464185
 0.000833528 -0.000801848
-0.000801848    0.0114394
 0.0149677 0.00151952
0.00151952 0.00081695
 0.0165377 0.00368362
0.00368362 0.00154942
0.00417297  0.0064327
 0.0064327  0.0131171
 0.00134726 -0.00014081
-0.00014081 0.000487649
0.00157323 0.00355637
0.00355637  0.0168026
  0.0163017  0.00200394
 0.00200394 0.000932235
 0.000806871 -0.000711755
-0.000711755    0.0103407
0.000784712  0.00084865
 0.00084865  0.00693479
  0.0101311 -0.00105828
-0.00105828 0.000771106
0.000681431  0.00031234
 0.00031234  0.00647945
 0.00584728 0.000593471
0.000593471 0.000641231
 0.0121846  0.0021221
 0.0021221 0.00103901
   0.016283  0.00103942
 0.00103942 0.000749024
0.000745023 -0.00015994
-0.00015994 0.000539056
  0.00225648 -0.000294762
-0.000294762  0.000553046
 0.000713675 -0.000450503
-0.000450503   0.00631367
0.00231597 0.00480362
0.00480362  0.0156946
0.0159363 0.0124942
0.0124942 0.0111987
  0.00050105 -7.46132e-06
-7.46132e-06  0.000541107
 0.0162792  0.0111085
 0.0111085 0.00883257
 0.0124857 0.00487615
0.00487615 0.00273719
 0.0162173  0.0101425
 0.0101425 0.00750899
  0.00536435 -0.000377865
-0.000377865  0.000604277
 0.000502569 -0.000122605
-0.000122605   0.00111222
0.000847532  0.00101852
 0.00101852   0.0161273
  0.0114642 -0.00102945
-0.00102945 0.000761489
0.000984417 0.000173359
0.000173359 0.000506984
 0.0158346 0.00479144
0.00479144 0.00221692
0.00166438 0.00312312
0.00312312  0.0116698
  0.00499529 -0.000509872
-0.000509872  0.000630798
 0.0165288 0.00345511
0.00345511 0.00144314
 0.00527547 0.000757371
0.000757371 0.000690853
   0.0068275 -0.000531913
-0.000531913  0.000644405
0.000630978 -0.00035666
-0.00035666  0.00183339
 0.00351073  0.00062292
 0.00062292 0.000671382
   0.0166274 -3.45602e-05
-3.45602e-05  0.000723603
 0.00050535 -0.00010959
-0.00010959 0.000689136
0.00100285 0.00172452
0.00172452   0.012036
  0.00054181 -5.48475e-05
-5.48475e-05  0.000488629
0.00486788 0.00793875
0.00793875  0.0164787
0.0145598 0.0147687
0.0147687 0.0170644
 0.000499183 -2.91246e-06
-2.91246e-06  0.000485873
 0.000794627 -0.000752727
-0.000752727   0.00734227
0.0151291 0.0138174
0.0138174 0.0142883
 0.0122419 0.00341027
0.00341027 0.00168687
  0.0158272 0.000155868
0.000155868 0.000688681
0.00390205 0.00688131
0.00688131  0.0161074
 0.00935258 0.000618574
0.000618574 0.000662681
0.000767385 0.000744754
0.000744754  0.00871715
   0.001783 0.000258102
0.000258102 0.000534743
 0.000719809 -0.000557623
-0.000557623   0.00353969
 0.000805583 -0.000163898
-0.000163898    0.0157632
  0.0114831  0.00123296
 0.00123296 0.000777103
 0.00176326 0.000338674
0.000338674 0.000576366
 0.0128059 0.00536487
0.00536487 0.00310638
 0.00083481 0.000541851
0.000541851   0.0169921
 0.000700011 -0.000500486
-0.000500486   0.00391844
 0.000493006 -7.17778e-05
-7.17778e-05  0.000544347
 0.0123633 0.00215857
0.00215857 0.00104638
   0.0139183 -0.000728984
-0.000728984  0.000718689
  0.0041974 0.000377984
0.000377984 0.000586444
  0.0043343  0.00033009
 0.00033009 0.000578044
0.00347548  0.0054856
 0.0054856  0.0121332
0.000932703 -0.00120369
-0.00120369   0.0139286
  0.00775818 -0.000954231
-0.000954231   0.00075139
 0.0100254 0.00999749
0.00999749  0.0118334
 0.0123231 0.00772105
0.00772105  0.0059778
 0.0117747 0.00595262
0.00595262   0.003999
0.0153808 0.0136624
0.0136624 0.0137456
0.000959528  0.00159042
 0.00159042   0.0121859
0.00167268 0.00332218
0.00332218  0.0127248
  0.00130533 -0.000228584
-0.000228584  0.000530825
  0.0153754  0.00133921
 0.00133921 0.000783108
0.00202566 0.00432077
0.00432077  0.0155416
   0.0113566 -0.000662307
-0.000662307  0.000693501
0.00950756 0.00976743
0.00976743   0.011975
 0.0034694 0.00644393
0.00644393  0.0163762
 0.0150743 0.00554453
0.00554453 0.00284935
0.00378176 0.00679884
0.00679884  0.0163613
0.00103983 0.00183378
0.00183378  0.0119598
0.0155031 0.0133924
0.0133924 0.0131206
0.0122609 0.0134989
0.0134989 0.0170417
0.0154767 0.0127061
0.0127061 0.0118863
 0.00697857 0.000753022
0.000753022 0.000680029
0.0096251 0.0103514
0.0103514 0.0131169
  0.00106854 -0.000112716
-0.000112716   0.00047446
 0.000470508 -4.12931e-06
-4.12931e-06  0.000487168
0.0161923 0.0117513
0.0117513 0.0098437
 0.000577463 -6.52322e-05
-6.52322e-05  0.000464063
