0.000443269 0.000185674
0.000185674  0.00219449
   0.0085915 -0.000808214
-0.000808214  0.000496822
0.000473571 0.000758711
0.000758711   0.0121393
  0.00653386 -0.000660579
-0.000660579  0.000488964
0.00280692 0.00455566
0.00455566 0.00913416
 0.0124201 0.00846351
0.00846351 0.00638895
 0.0125867 0.00459298
0.00459298 0.00215323
0.00922742  0.0105388
 0.0105388  0.0130419
0.00556025 0.00774165
0.00774165   0.012085
   0.0102929 -0.000535111
-0.000535111   0.00044458
  0.0004461 7.64197e-05
7.64197e-05 0.000632788
   0.0004708 -0.000621835
-0.000621835   0.00838595
0.00935831 0.00284326
0.00284326 0.00132284
0.00930992 0.00780698
0.00780698 0.00727819
0.00776193  0.0082385
 0.0082385 0.00966573
 0.000449779 -0.000478411
-0.000478411   0.00856469
 0.000468144 -5.02001e-05
-5.02001e-05  0.000469755
  0.00312299 -0.000376895
-0.000376895  0.000470077
0.000439404 0.000257396
0.000257396  0.00446687
   0.0102242 -0.000683791
-0.000683791  0.000464052
0.000531776 -0.00108605
-0.00108605   0.0130363
 0.00126646 0.000244086
0.000244086  0.00048757
 0.0125055 0.00484421
0.00484421 0.00236079
0.000430345 -2.8921e-05
-2.8921e-05   0.0124412
  0.0119066 0.000513256
0.000513256 0.000440589
 0.000456951 -4.29906e-05
-4.29906e-05  0.000468213
0.00960468 0.00843808
0.00843808 0.00817112
 0.00434126  0.00037385
 0.00037385 0.000452133
  0.00324673 -0.000436509
-0.000436509  0.000485352
 0.0118569 0.00332454
0.00332454 0.00138258
  0.00283035 -0.000322821
-0.000322821  0.000460615
0.000431081 6.37659e-06
6.37659e-06 0.000503156
  0.0122411  0.00184526
 0.00184526 0.000705896
 0.000441215 -0.000382506
-0.000382506   0.00794324
0.000477504 0.000230175
0.000230175   0.0014001
0.00945248 0.00724806
0.00724806 0.00623735
0.000518433  0.00106256
 0.00106256    0.012765
  0.012857  0.0063269
 0.0063269 0.00363965
0.000439815 0.000119937
0.000119937  0.00124986
 0.00564271 -0.00063113
-0.00063113 0.000494144
 0.000753194 -0.000133334
-0.000133334  0.000469671
 0.0126636  0.0108191
 0.0108191 0.00998721
0.000428844 4.48164e-06
4.48164e-06  0.00047408
0.00188637 0.00351283
0.00351283 0.00887325
0.000496603  0.00057579
 0.00057579  0.00500294
0.00384568 0.00626167
0.00626167  0.0118715
0.00187087 0.00423565
0.00423565  0.0128353
 0.00512532 0.000546818
0.000546818 0.000480918
  0.0120292 -0.00034408
-0.00034408 0.000433761
 0.00975969 0.000766845
0.000766845  0.00047824
0.00169971 0.00343348
0.00343348 0.00965169
0.000846064  0.00224866
 0.00224866   0.0124182
  0.0125729  0.00137768
 0.00137768 0.000575648
0.00906542 0.00636975
0.00636975 0.00511628
0.000513316 0.000234334
0.000234334  0.00102912
0.00917675  0.0105147
 0.0105147  0.0130569
 0.000481091 -0.000349309
-0.000349309   0.00257425
 0.0020462 0.00379338
0.00379338 0.00929261
0.00999903 0.00774787
0.00774787 0.00668482
  0.00332611 -0.000494881
-0.000494881  0.000502685
0.000434253 3.58711e-05
3.58711e-05 0.000485942
0.00914614 0.00313237
0.00313237 0.00154404
 0.000559584 -6.94945e-05
-6.94945e-05  0.000448963
 0.00126788 -0.00025841
-0.00025841 0.000496895
  0.0091215 0.000941993
0.000941993 0.000518391
  0.0125613  0.00175391
 0.00175391 0.000672741
0.000447986 0.000404915
0.000404915  0.00692907
 0.0033939 0.00580679
0.00580679  0.0117632
 0.000466214 -0.000616689
-0.000616689    0.0128279
0.000519996 3.15599e-06
3.15599e-06 0.000424602
0.000506094 0.000859878
0.000859878   0.0092411
0.000465128 0.000100876
0.000100876 0.000640394
0.000451964 -0.00028366
-0.00028366  0.00326242
0.000476637 0.000551973
0.000551973  0.00617117
 0.0126057  0.0019028
 0.0019028 0.00071663
  0.00712099 -0.000705979
-0.000705979  0.000491861
 0.0125243 0.00685926
0.00685926 0.00430692
0.000502605  0.00010198
 0.00010198 0.000539278
 0.00576787 0.000540107
0.000540107 0.000471671
 0.0124995 0.00694019
0.00694019 0.00440726
 0.0120797 0.00613312
0.00613312   0.003644
0.00187778 0.00028732
0.00028732 0.00047407
0.000910322  0.00246448
 0.00246448   0.0129899
0.00618276 0.00708527
0.00708527 0.00914055
 0.00405844 0.000316531
0.000316531 0.000443763
0.00993041 0.00808642
0.00808642 0.00729398
 0.0126268 0.00316851
0.00316851 0.00124174
 0.0118866 0.00269625
0.00269625 0.00105025
0.00980554 0.00502712
0.00502712 0.00311028
 0.000962545 -0.000186335
-0.000186335  0.000481193
 0.0046486 0.00709698
0.00709698  0.0123414
0.000455579 0.000334007
0.000334007  0.00391065
 0.0122815 0.00301409
0.00301409 0.00118374
 0.000436106 -0.000172551
-0.000172551    0.0128934
  0.0121174  0.00116139
 0.00116139 0.000532743
0.00820811 0.00814394
0.00814394 0.00894189
0.000480557 0.000430744
0.000430744   0.0037111
  0.00045128 -0.000498648
-0.000498648   0.00883216
  0.0117317  0.00121947
 0.00121947 0.000547196
 0.0129342 0.00288039
0.00288039 0.00108366
0.00311168 0.00507332
0.00507332 0.00998678
  0.00118973 -0.000123088
-0.000123088  0.000435502
0.00107982  0.0028528
 0.0028528   0.012875
 0.0127536 0.00158947
0.00158947 0.00062524
 0.000447302 -0.000439405
-0.000439405   0.00801033
0.000525654 0.000710703
0.000710703  0.00543113
 0.00802305 -0.00079235
-0.00079235 0.000499805
0.000441587 0.000296714
0.000296714  0.00511729
 0.00473154 0.000475738
0.000475738 0.000469527
 0.00958371  0.00167766
 0.00167766 0.000723936
  0.0127331 0.000850116
0.000850116 0.000479905
0.000683712 -0.00014846
-0.00014846 0.000501467
  0.00192474 -0.000246314
-0.000246314  0.000457779
 0.000441587 -0.000292869
-0.000292869   0.00499976
0.00167912 0.00381779
0.00381779  0.0120191
 0.0123861 0.00978086
0.00978086 0.00841445
0.000432582 8.86548e-06
8.86548e-06 0.000518184
 0.0126736 0.00869339
0.00869339 0.00658851
0.00977651  0.0038232
 0.0038232  0.0019791
 0.0126359  0.0079329
 0.0079329 0.00557218
  0.00437074 -0.000291157
-0.000291157  0.000437612
 0.000440741 -0.000102744
-0.000102744  0.000984749
0.000495633 0.000916775
0.000916775   0.0123508
  0.00904812 -0.000759593
-0.000759593  0.000483374
0.000880993 0.000148992
0.000148992  0.00046372
 0.0123884 0.00374298
0.00374298  0.0015889
0.00115808 0.00249383
0.00249383 0.00891896
  0.00408101 -0.000399901
-0.000399901  0.000460687
 0.0129275 0.00270392
0.00270392 0.00100523
 0.00427962 0.000604594
0.000604594 0.000512941
  0.00549913 -0.000401285
-0.000401285  0.000448244
 0.000501435 -0.000294724
-0.000294724   0.00155088
 0.00290298 0.000505507
0.000505507 0.000521594
  0.0129866 2.38907e-05
2.38907e-05 0.000426967
 0.000466657 -9.99362e-05
-9.99362e-05  0.000635205
0.000650575  0.00141455
 0.00141455  0.00924903
 0.000515756 -5.20461e-05
-5.20461e-05  0.000448401
0.00363463 0.00624961
0.00624961  0.0125877
0.0112337 0.0116125
0.0116125 0.0129195
 0.00045751 2.39624e-05
2.39624e-05 0.000449272
  0.00047291 -0.000513628
-0.000513628   0.00576754
0.0117299 0.0108295
0.0108295 0.0107952
 0.0096094 0.00268166
0.00268166 0.00119974
  0.0123852 0.000173312
0.000173312  0.00042494
 0.0028999 0.00542765
0.00542765  0.0123158
 0.00742655 0.000505761
0.000505761 0.000452973
0.000490407 0.000650166
0.000650166  0.00677383
 0.00153914 0.000218477
0.000218477 0.000459329
 0.000499358 -0.000427804
-0.000427804   0.00287365
0.000427672 2.51595e-05
2.51595e-05   0.0120691
 0.00905561 0.000987179
0.000987179 0.000529793
 0.00151686 0.000287607
0.000287607 0.000493048
 0.0100196 0.00420396
0.00420396 0.00225708
0.000454688 0.000556963
0.000556963   0.0129892
 0.000475558 -0.000376007
-0.000376007   0.00317202
 0.000467101 -6.71051e-05
-6.71051e-05  0.000511616
 0.00972172  0.00170706
 0.00170706 0.000729559
   0.0109286 -0.000513113
-0.000513113  0.000442234
 0.00345455 0.000305034
0.000305034 0.000447142
 0.00356318 0.000266791
0.000266791  0.00043881
0.00255456 0.00433175
0.00433175 0.00923019
  0.00048313 -0.000777126
-0.000777126    0.0106873
 0.00620041 -0.00072754
-0.00072754 0.000509742
0.00768298  0.0078537
 0.0078537 0.00892023
0.00958243 0.00604196
0.00604196  0.0044038
0.00918988 0.00465914
0.00465914 0.00289576
0.0119319 0.0107044
0.0107044 0.0103762
0.000616653  0.00131558
 0.00131558   0.0093687
0.00118202 0.00266014
0.00266014 0.00973611
  0.00115218 -0.000200201
-0.000200201  0.000471854
  0.0120428  0.00108053
 0.00108053 0.000517624
0.00145527 0.00344442
0.00344442  0.0119036
  0.00897521 -0.000475721
-0.000475721  0.000441843
0.00727019 0.00767694
0.00767694 0.00903134
0.00256199 0.00508804
0.00508804  0.0125309
 0.0117911 0.00433328
0.00433328 0.00206751
0.00280279  0.0053635
 0.0053635  0.0125147
0.000679713   0.0014962
  0.0014962  0.00918672
 0.0120323  0.0104895
 0.0104895 0.00989559
0.00943384  0.0106184
 0.0106184  0.0129394
 0.0120192 0.00994739
0.00994739 0.00894889
 0.00559742  0.00060302
 0.00060302 0.000487806
0.00738404 0.00813323
0.00813323 0.00991917
 0.000959219 -0.000100625
-0.000100625  0.000434054
0.000429251 5.51042e-06
5.51042e-06 0.000473573
 0.0125969 0.00919822
0.00919822 0.00736882
 0.000545675 -6.30169e-05
-6.30169e-05  0.000445707
