8.95637e-06 8.15118e-08
8.15118e-08 6.20407e-06
 1.01928e-05 -4.07072e-07
-4.07072e-07  7.30846e-06
 8.64007e-06 -3.85933e-07
-3.85933e-07  6.35335e-06
8.43141e-06 -2.3124e-07
-2.3124e-07 7.63917e-06
9.11887e-06 6.26918e-08
6.26918e-08 8.30938e-06
 7.8273e-06 3.52689e-07
3.52689e-07 8.17077e-06
 7.67033e-06 -2.16569e-08
-2.16569e-08   7.9916e-06
 1.44622e-05 -1.18413e-07
-1.18413e-07  9.05963e-06
7.24627e-06 3.74865e-07
3.74865e-07 9.55067e-06
9.09393e-06 3.20007e-07
3.20007e-07 5.80371e-06
7.06385e-06 4.41897e-07
4.41897e-07 6.08804e-06
 7.21792e-06 -4.42164e-07
-4.42164e-07   8.4051e-06
7.11313e-06 2.45511e-08
2.45511e-08 7.56569e-06
7.90194e-06 2.49739e-08
2.49739e-08 8.46315e-06
6.94375e-06 3.94685e-07
3.94685e-07 7.59783e-06
 6.62987e-06 -4.60062e-07
-4.60062e-07   6.8215e-06
1.04692e-05 1.73481e-07
1.73481e-07 7.01274e-06
 7.44047e-06 -7.79406e-08
-7.79406e-08  7.35189e-06
7.48423e-06 2.63742e-08
2.63742e-08 5.67043e-06
1.11207e-05  7.3354e-07
 7.3354e-07 6.55116e-06
2.48544e-05 1.16781e-05
1.16781e-05  2.4065e-05
 8.71478e-06 -1.03412e-07
-1.03412e-07   8.0078e-06
 7.61668e-06 -2.68585e-08
-2.68585e-08  7.70481e-06
1.53928e-05 3.22199e-06
3.22199e-06 9.06935e-06
 5.31509e-06 -2.42978e-07
-2.42978e-07  7.44028e-06
1.07615e-05 4.07267e-08
4.07267e-08 6.99287e-06
7.03024e-06  4.8442e-07
 4.8442e-07 6.86129e-06
6.29493e-06 1.44798e-08
1.44798e-08 6.45312e-06
 8.19184e-06 -6.68215e-08
-6.68215e-08  7.66771e-06
 6.08485e-06 -4.80735e-08
-4.80735e-08  5.28988e-06
 6.89491e-06 -1.00179e-07
-1.00179e-07  7.29014e-06
 1.90708e-05 -4.77475e-06
-4.77475e-06  1.11175e-05
 6.17871e-06 -3.95189e-07
-3.95189e-07  6.92467e-06
6.59055e-06 -4.7125e-07
-4.7125e-07 5.82827e-06
 9.02693e-06 -6.02869e-08
-6.02869e-08  8.39155e-06
7.83009e-06 -7.4877e-08
-7.4877e-08  7.8146e-06
  1.1368e-05 -3.05525e-07
-3.05525e-07  7.62704e-06
8.55199e-06 1.06659e-07
1.06659e-07 9.29258e-06
8.21907e-06  5.5257e-08
 5.5257e-08 5.83019e-06
 8.57223e-06 -9.98549e-08
-9.98549e-08  7.74355e-06
 8.0235e-06 4.28039e-07
4.28039e-07 7.33948e-06
 8.25129e-06 -8.67673e-07
-8.67673e-07  1.40218e-05
  1.6532e-05 -4.03688e-06
-4.03688e-06  9.97167e-06
 1.03484e-05 -1.84504e-08
-1.84504e-08  8.80978e-06
8.62835e-06 5.35565e-08
5.35565e-08 9.25975e-06
 6.11716e-06 -5.19061e-08
-5.19061e-08  7.93875e-06
 9.4688e-06 1.66747e-08
1.66747e-08 8.55929e-06
 7.97192e-06 -4.87864e-08
-4.87864e-08  7.27379e-06
 1.1306e-05 5.33626e-06
5.33626e-06 1.41344e-05
 4.95872e-06 -9.06017e-07
-9.06017e-07  5.11941e-06
 6.82274e-06 -6.67031e-08
-6.67031e-08  7.19069e-06
 8.08785e-06 -3.58688e-07
-3.58688e-07  7.67449e-06
6.58664e-06 -3.9024e-07
-3.9024e-07 8.94445e-06
 8.73369e-06 -8.62291e-08
-8.62291e-08  9.44455e-06
9.32169e-06 -3.0726e-09
-3.0726e-09 1.02308e-05
  1.4441e-05 -7.08536e-08
-7.08536e-08  9.07892e-06
 9.06477e-06 -6.37748e-08
-6.37748e-08  8.37495e-06
 8.40344e-06 -1.39365e-08
-1.39365e-08  7.90138e-06
6.82878e-06 3.96845e-08
3.96845e-08  5.6728e-06
  9.0145e-06 -6.06289e-08
-6.06289e-08  8.04454e-06
5.91919e-06 8.82978e-07
8.82978e-07 5.33551e-06
7.68935e-06 4.60068e-08
4.60068e-08  8.5441e-06
7.38699e-06  5.6598e-07
 5.6598e-07 6.58959e-06
8.96765e-06 2.38873e-07
2.38873e-07 8.14518e-06
 6.04716e-06 -9.79406e-07
-9.79406e-07  6.25482e-06
 6.69028e-06 -4.22571e-07
-4.22571e-07  8.39406e-06
 7.39663e-06 -4.13774e-08
-4.13774e-08   6.2744e-06
 5.63305e-06 -2.84716e-08
-2.84716e-08  7.26122e-06
2.17787e-05 8.77412e-06
8.77412e-06 1.71488e-05
 1.17073e-05 -4.73093e-06
-4.73093e-06  1.97431e-05
 6.54592e-06 -1.00451e-06
-1.00451e-06  6.38802e-06
7.60744e-06 3.79627e-07
3.79627e-07 7.05951e-06
 8.23385e-06 -2.31543e-08
-2.31543e-08  6.58642e-06
 8.12545e-06 -4.50829e-09
-4.50829e-09  8.12597e-06
 6.84916e-06 -4.07425e-07
-4.07425e-07    8.462e-06
 8.72979e-06 -3.56562e-07
-3.56562e-07  7.61527e-06
8.09134e-06 8.78466e-08
8.78466e-08 8.13713e-06
8.01956e-06 6.62427e-07
6.62427e-07 7.41854e-06
 7.46301e-06 -1.07957e-07
-1.07957e-07   7.0953e-06
8.07551e-06 8.77032e-08
8.77032e-08 8.06801e-06
 7.3535e-06 7.79752e-08
7.79752e-08 6.39469e-06
 7.79609e-06 -1.18147e-07
-1.18147e-07  7.89445e-06
  1.0419e-05 -3.33873e-07
-3.33873e-07  8.68889e-06
 9.64028e-06 -3.44899e-08
-3.44899e-08  9.54207e-06
5.73999e-06 3.33155e-08
3.33155e-08  6.2237e-06
6.79649e-06 1.12595e-07
1.12595e-07 5.95077e-06
 7.38679e-06 -1.44484e-07
-1.44484e-07  8.14325e-06
  5.9461e-06 -1.30867e-07
-1.30867e-07  5.38782e-06
 7.21792e-06 -6.21262e-09
-6.21262e-09  5.89782e-06
 8.3762e-06 2.88849e-07
2.88849e-07 7.68734e-06
7.99325e-06 5.07898e-08
5.07898e-08 9.32782e-06
8.14326e-06  6.1877e-08
 6.1877e-08 6.95624e-06
 6.71383e-06 -1.23356e-07
-1.23356e-07  6.82669e-06
1.96853e-05 5.27645e-06
5.27645e-06 1.17342e-05
 5.68231e-06 -4.30731e-07
-4.30731e-07  6.99942e-06
9.87175e-06 1.85518e-07
1.85518e-07 8.86313e-06
8.71452e-06 1.10744e-07
1.10744e-07 8.43834e-06
 6.71694e-06 -4.48261e-07
-4.48261e-07  7.14853e-06
 5.02329e-06 -4.39263e-07
-4.39263e-07  5.22864e-06
7.89535e-06 -2.1791e-07
-2.1791e-07 9.45883e-06
5.69997e-06 1.31572e-08
1.31572e-08  6.8912e-06
5.35345e-06 9.35001e-08
9.35001e-08 6.59721e-06
 9.75345e-06 -2.09557e-07
-2.09557e-07  8.59304e-06
 6.99106e-06 -3.95509e-07
-3.95509e-07  9.51545e-06
 6.68484e-06 -4.89981e-07
-4.89981e-07  6.36795e-06
9.17355e-06 4.30204e-08
4.30204e-08 1.06205e-05
 9.70678e-06 -4.68025e-07
-4.68025e-07  7.49931e-06
7.29354e-06 3.03685e-09
3.03685e-09  5.8249e-06
  7.3224e-06 -1.54303e-08
-1.54303e-08  6.95369e-06
6.19611e-06 -1.8456e-07
-1.8456e-07  6.3264e-06
 6.8917e-06 6.50234e-08
6.50234e-08 1.12751e-05
1.00905e-05 4.68632e-07
4.68632e-07  7.9156e-06
6.76236e-06 5.95843e-08
5.95843e-08 7.57903e-06
7.38567e-06 1.68863e-08
1.68863e-08 5.81764e-06
6.41082e-06 1.63471e-08
1.63471e-08 7.14626e-06
7.37475e-06 5.64066e-07
5.64066e-07 9.10806e-06
 2.04089e-05 -5.25227e-06
-5.25227e-06  1.18005e-05
8.22091e-06 3.81686e-07
3.81686e-07 9.25781e-06
6.59035e-06 5.84896e-08
5.84896e-08 5.85391e-06
8.35979e-06 2.43762e-07
2.43762e-07 8.80402e-06
5.26289e-06 3.29548e-09
3.29548e-09 6.04004e-06
8.18243e-06  2.9914e-07
 2.9914e-07 5.91386e-06
 9.40241e-06 -4.06381e-07
-4.06381e-07  6.78571e-06
9.91837e-06 -3.2803e-07
-3.2803e-07 6.88252e-06
7.56426e-06 8.11023e-09
8.11023e-09 7.31679e-06
 7.12561e-06 -5.52469e-08
-5.52469e-08    7.219e-06
1.01187e-05 -5.9858e-08
-5.9858e-08 8.77747e-06
 6.76518e-06 -2.57136e-08
-2.57136e-08  6.79116e-06
  7.8231e-06 -2.59348e-07
-2.59348e-07  9.48386e-06
9.46503e-06 5.67876e-08
5.67876e-08  8.0387e-06
 5.99612e-06 -4.25054e-08
-4.25054e-08  6.52284e-06
 9.6713e-06 1.30618e-07
1.30618e-07  9.4382e-06
9.75629e-06 5.98667e-08
5.98667e-08 8.61919e-06
9.91563e-06 4.03433e-06
4.03433e-06 1.82579e-05
7.71221e-06 5.95056e-07
5.95056e-07 8.24153e-06
 7.90394e-06 -1.99445e-07
-1.99445e-07  7.71256e-06
 8.83806e-06 -9.05098e-07
-9.05098e-07  1.48731e-05
 8.73217e-06 -3.91474e-08
-3.91474e-08  8.62585e-06
 2.08393e-05 -5.74381e-06
-5.74381e-06  1.35749e-05
 1.56768e-05 -7.01198e-06
-7.01198e-06   1.5831e-05
    8.19e-06 -3.41083e-08
-3.41083e-08  7.86369e-06
7.88799e-06 -1.5341e-06
-1.5341e-06  1.0838e-05
6.51017e-06  -2.933e-09
 -2.933e-09 6.47632e-06
7.21331e-06  1.8067e-06
 1.8067e-06 1.28013e-05
 7.6307e-06 2.34029e-08
2.34029e-08 7.75751e-06
 6.16105e-06 -2.73714e-07
-2.73714e-07  6.54832e-06
8.33072e-06 -1.1706e-08
-1.1706e-08 8.81961e-06
 7.02722e-06 -1.22723e-07
-1.22723e-07  7.38709e-06
  9.2758e-06 -4.82256e-08
-4.82256e-08   9.4581e-06
1.23159e-05 2.01077e-06
2.01077e-06 7.52585e-06
 6.47271e-06 -9.61832e-07
-9.61832e-07  6.50247e-06
 8.87211e-06 -1.20036e-07
-1.20036e-07  8.19176e-06
6.42766e-06 9.42751e-08
9.42751e-08 4.97496e-06
1.50097e-05 9.05976e-07
9.05976e-07 8.32535e-06
 8.70182e-06 -8.36665e-09
-8.36665e-09   8.1219e-06
7.40442e-06 4.41762e-07
4.41762e-07   9.128e-06
 5.89246e-06 -1.86661e-07
-1.86661e-07  5.82108e-06
1.11611e-05 2.38944e-06
2.38944e-06 7.31868e-06
5.99173e-06 7.35578e-08
7.35578e-08 6.56463e-06
5.40144e-06 5.14703e-08
5.14703e-08 6.24055e-06
8.68962e-06 2.86999e-08
2.86999e-08  8.0739e-06
 9.1726e-06 2.53952e-06
2.53952e-06 1.48568e-05
 9.40575e-06 -1.88818e-07
-1.88818e-07  8.09464e-06
1.05635e-05 7.36856e-08
7.36856e-08 9.07108e-06
 7.74737e-06 -3.83094e-08
-3.83094e-08  7.04174e-06
8.14151e-06 5.30031e-08
5.30031e-08 8.39285e-06
7.01659e-06 -5.2344e-07
-5.2344e-07 1.03945e-05
 7.20684e-06 -3.68624e-07
-3.68624e-07  7.32278e-06
 6.44875e-06 -1.04418e-07
-1.04418e-07  7.17578e-06
7.71765e-06 2.17467e-07
2.17467e-07 7.52276e-06
 5.53397e-06 -4.35015e-07
-4.35015e-07   6.7579e-06
5.99615e-06 2.73063e-09
2.73063e-09  7.0084e-06
6.38756e-06 -5.8406e-07
-5.8406e-07 5.76591e-06
1.01237e-05 9.95371e-09
9.95371e-09 9.03196e-06
8.33942e-06  4.5525e-08
 4.5525e-08 8.04158e-06
6.31481e-06 3.05322e-08
3.05322e-08 5.15486e-06
8.36858e-06 3.77395e-08
3.77395e-08 8.07213e-06
 8.30944e-06 -1.29192e-07
-1.29192e-07   7.9098e-06
6.77012e-06 1.58559e-07
1.58559e-07 9.54112e-06
1.43426e-05 -2.8331e-07
-2.8331e-07 8.90625e-06
6.74184e-06 5.85182e-07
5.85182e-07 7.91722e-06
 8.34687e-06 -8.86001e-08
-8.86001e-08  7.48365e-06
6.12297e-06 2.87421e-07
2.87421e-07 7.54582e-06
5.33566e-06 1.78584e-07
1.78584e-07 6.48011e-06
 1.65976e-05 -4.17514e-06
-4.17514e-06   1.0118e-05
7.90963e-06 4.87953e-07
4.87953e-07  9.2581e-06
7.22218e-06 5.70899e-07
5.70899e-07 6.47788e-06
