 0.0117741 0.00660221
0.00660221 0.00480477
0.000827496  0.00142856
 0.00142856   0.0146108
    0.011003 -0.000889334
-0.000889334  0.000821076
0.00133685 0.00299312
0.00299312  0.0144746
 0.00364904 0.000486331
0.000486331 0.000666965
 0.000525718 -0.000181941
-0.000181941   0.00107118
 0.000667353 -0.000575123
-0.000575123   0.00447029
 0.000522154 -6.41934e-05
-6.41934e-05  0.000553764
  0.00143224 -0.000184447
-0.000184447   0.00056718
0.000674606 0.000246783
0.000246783   0.0136921
 0.0116703 0.00961572
0.00961572 0.00937447
  0.0144011  0.00142001
 0.00142001 0.000902479
0.000655988 0.000582553
0.000582553  0.00624805
0.000504817 0.000151471
0.000151471 0.000810002
0.000696447 9.48342e-05
9.48342e-05 0.000481618
 0.0139762 0.00126774
0.00126774 0.00086571
0.0113236 0.0119277
0.0119277 0.0143941
0.00364578 0.00625979
0.00625979  0.0142051
 0.0117762 0.00419901
0.00419901 0.00236314
0.000685038 0.000298066
0.000298066   0.0140856
  0.0153727 -0.00146412
-0.00146412   0.0011586
0.00699929  0.0078103
 0.0078103  0.0106504
0.000651098 -0.00052398
-0.00052398  0.00413943
  0.0127524 -0.00112938
-0.00112938 0.000883226
 0.000695617 -0.000660034
-0.000660034    0.0112267
0.0115235 0.0120301
0.0120301 0.0143736
0.000470141 9.02513e-05
9.02513e-05  0.00062688
0.00250148 0.00431524
0.00431524  0.0110668
0.00351441 0.00616953
0.00616953  0.0144457
 0.000637261 -0.000428182
-0.000428182   0.00605837
0.00399601 0.00657769
0.00657769  0.0140422
 0.013191 0.0131208
0.0131208 0.0148931
 0.000700419 -0.000710316
-0.000710316   0.00862462
  0.0137411   0.0016924
  0.0016924 0.000959026
 0.0111575 0.00759182
0.00759182 0.00644332
0.000510884 0.000186269
0.000186269  0.00112086
  0.0104468 -0.00117011
-0.00117011 0.000892169
 0.000639007 -0.000462701
-0.000462701   0.00266153
 0.0118657 0.00812448
0.00812448 0.00681494
0.00171734 0.00376032
0.00376032  0.0145493
0.00894146  0.0104822
 0.0104822  0.0143238
 0.000495727 -1.93815e-05
-1.93815e-05  0.000476633
0.0131524 0.0129235
0.0129235 0.0144767
  0.0051196 0.000674764
0.000674764 0.000725594
 0.0107797 0.00357478
0.00357478 0.00204737
  0.00252396 -0.000254406
-0.000254406  0.000634658
  0.00511623 -0.000766693
-0.000766693  0.000803613
0.00199156 0.00358165
0.00358165  0.0106138
 0.000735558 -0.000779113
-0.000779113    0.0131722
0.000663185 0.000518997
0.000518997   0.0105242
 0.00547221 0.000378157
0.000378157 0.000664441
  0.00814658 -0.000851558
-0.000851558  0.000812924
 0.000742438 -0.000912453
-0.000912453   0.00954438
 0.00057172 0.000318253
0.000318253   0.0016292
 0.0107137 0.00813175
0.00813175 0.00756849
 0.000526807 -6.71096e-05
-6.71096e-05  0.000556205
 0.0145996  0.0068708
 0.0068708 0.00426107
 0.00479521 0.000493506
0.000493506 0.000676774
0.000468807 0.000100315
0.000100315 0.000966288
0.00343682 0.00613251
0.00613251   0.014692
0.0119017 0.0104254
0.0104254 0.0106383
 0.00066967 0.000643369
0.000643369  0.00569119
 0.010228 0.0111362
0.0111362 0.0139917
0.00697475 0.00925407
0.00925407  0.0146779
0.000714039 0.000871397
0.000871397   0.0100636
 0.000734196 -0.000865638
-0.000865638    0.0088407
 0.0114972 0.00223471
0.00223471 0.00119747
  0.00294131 -0.000263267
-0.000263267  0.000638626
   0.014152 -0.00138264
-0.00138264 0.000990116
0.0154049 0.0131066
0.0131066 0.0127926
  0.0105398 0.000706311
0.000706311 0.000755171
 0.0113259 0.00943617
0.00943617 0.00933629
 0.0140347 0.00588584
0.00588584 0.00341123
 0.0110137 0.00272475
0.00272475 0.00147104
 0.000736257 -0.000869468
-0.000869468   0.00857767
0.00114457 0.00252658
0.00252658  0.0145208
 0.000583475 -0.000335255
-0.000335255   0.00212316
 0.0108071 0.00961797
0.00961797  0.0101149
0.00164659 0.00310882
0.00310882  0.0107239
 0.000578318 -0.000322898
-0.000322898   0.00205275
 0.000568918 -0.000291855
-0.000291855   0.00264152
0.00553165 0.00689105
0.00689105  0.0108071
 0.00788271 -0.00107335
-0.00107335 0.000883107
 0.00115842 0.000225412
0.000225412  0.00055154
0.00272088 0.00460238
0.00460238  0.0112323
  0.0004623 9.04179e-05
9.04179e-05 0.000799807
 0.000710991 -0.000740555
-0.000740555   0.00647226
 0.000654206 -0.000484222
-0.000484222   0.00707181
0.000563148 0.000276595
0.000276595  0.00317493
0.00799563 0.00991338
0.00991338  0.0144777
  0.00193864 -0.000281723
-0.000281723  0.000637411
 0.0114344 0.00464049
0.00464049 0.00280273
0.000679634 -0.00061965
-0.00061965  0.00663863
  0.0131057 -0.00138518
-0.00138518 0.000957258
 0.000701347 -0.000714007
-0.000714007   0.00991008
0.000624825 0.000131831
0.000131831 0.000537234
 0.0110363 0.00474247
0.00474247 0.00299217
  0.0140147  0.00108344
 0.00108344 0.000834174
 0.000670579 -0.000518744
-0.000518744   0.00975064
 0.000754334 -0.000895659
-0.000895659   0.00698791
 0.00325417 0.000206719
0.000206719 0.000601891
 0.0071738 0.00904082
0.00904082  0.0135726
  0.00720748 -0.000971023
-0.000971023  0.000854193
 0.000759028 -0.000972491
-0.000972491   0.00917104
   0.013902  0.00165614
 0.00165614 0.000950607
 0.0104405 0.00319018
0.00319018 0.00182509
0.000926061  0.00184657
 0.00184657   0.0146425
  0.011696 0.00363012
0.00363012 0.00195454
0.00223287  0.0039282
 0.0039282    0.01078
0.000661578 0.000565461
0.000565461  0.00852915
0.000771076 -0.00105018
-0.00105018   0.0105939
0.00936359  0.0109273
 0.0109273   0.014807
0.00540647 0.00783722
0.00783722  0.0140118
 0.0137456 0.00405748
0.00405748 0.00202346
  0.00549957 -0.000519968
-0.000519968  0.000719906
 0.000494007 -7.70319e-05
-7.70319e-05  0.000595454
  0.01325 0.0132313
0.0132313 0.0150853
 0.000544257 -0.000197812
-0.000197812   0.00101032
0.000601798 0.000352319
0.000352319   0.0047678
 0.000561298 -0.000259955
-0.000259955   0.00139857
0.00246904 0.00477026
0.00477026  0.0135306
 0.0138717 0.00942835
0.00942835 0.00766994
   0.0106953 -0.000980706
-0.000980706  0.000841503
0.000764722  0.00109507
 0.00109507   0.0144127
0.00833767 0.00875805
0.00875805  0.0109833
0.000671559 -0.00059212
-0.00059212  0.00556279
 0.00696771 0.000758205
0.000758205 0.000750184
 0.0027057 0.00515843
0.00515843  0.0140269
 0.000757482 -0.000914413
-0.000914413   0.00726888
 0.0025756 0.00420191
0.00420191  0.0102635
0.00177055 0.00377027
0.00377027  0.0137618
 0.0149522 0.00856867
0.00856867 0.00607771
0.00394054 0.00547539
0.00547539  0.0102204
0.000826121 -0.00127015
-0.00127015   0.0123551
 0.0145125  0.0107864
 0.0107864 0.00938346
 0.00928785 0.000675065
0.000675065 0.000742772
0.0153303 0.0123148
0.0123148 0.0114012
  0.00272457 -0.000433515
-0.000433515  0.000706959
0.000490947 1.85511e-06
1.85511e-06 0.000534164
0.0143197 0.0132075
0.0132075 0.0139237
  0.014417 0.00347618
0.00347618 0.00164348
0.000429028 5.03666e-06
5.03666e-06 0.000446055
    0.00064 0.000486625
0.000486625  0.00659705
 0.000747502 -0.000940773
-0.000940773    0.0119928
  0.00349785 -0.000452824
-0.000452824  0.000700485
0.00102901 0.00197753
0.00197753  0.0109798
 0.0108051 0.00227797
0.00227797 0.00126171
0.00625829  0.0074848
 0.0074848   0.011035
 0.0148759 0.00655082
0.00655082  0.0038892
   0.0126114 -0.000922186
-0.000922186  0.000835347
0.000720968 0.000905658
0.000905658  0.00995318
0.00633875 0.00735331
0.00735331  0.0105763
0.000579968 0.000251205
0.000251205  0.00429073
  0.0115093 -0.00135017
-0.00135017 0.000939504
 0.0144977 0.00609739
0.00609739 0.00352652
0.0145629 0.0114338
0.0114338 0.0104055
0.000652012 0.000493951
0.000493951  0.00849174
 0.000678548 -0.000144576
-0.000144576    0.0136038
0.00327765  0.0051671
 0.0051671  0.0111848
0.00316448 0.00509939
0.00509939   0.011353
  0.0039837  0.00047469
 0.00047469 0.000665359
   0.0146173 -0.000135359
-0.000135359  0.000784231
0.00147399 0.00330686
0.00330686  0.0147654
0.000722015 0.000161659
0.000161659 0.000546194
0.000541575 0.000261419
0.000261419  0.00205144
0.000620157 0.000473772
0.000473772  0.00343906
0.000442163 3.14264e-07
3.14264e-07 0.000448035
 0.00952137  0.00061376
 0.00061376 0.000735845
 0.00684284 0.000373818
0.000373818 0.000684128
0.00731585 0.00938504
0.00938504  0.0143102
 0.000696407 -0.000684017
-0.000684017    0.0100629
  0.00603501 -0.000510842
-0.000510842  0.000721197
0.00075622 0.00110689
0.00110689  0.0136299
0.000815398 0.000175196
0.000175196 0.000540849
  0.00394693 -0.000556185
-0.000556185  0.000736019
 0.000605046 -0.000335776
-0.000335776   0.00459938
  0.00362307 -0.000518441
-0.000518441  0.000725392
 0.00910014 0.000704728
0.000704728 0.000746414
 0.000453048 -1.14175e-05
-1.14175e-05  0.000460607
 0.000503693 -5.16051e-05
-5.16051e-05   0.00054012
 0.000463696 -3.97323e-05
-3.97323e-05  0.000525752
0.00173686 0.00320445
0.00320445   0.010514
0.000776895  8.3148e-05
 8.3148e-05 0.000473648
0.00797746 0.00958184
0.00958184  0.0135644
0.0131917 0.0129385
0.0129385 0.0144675
 0.000525143 -0.000144706
-0.000144706  0.000794867
0.0103515 0.0111819
0.0111819 0.0139284
