      0.0004 -9.91247e-15
-9.91247e-15       0.0004
0.000501111 4.36895e-05
4.36895e-05 0.000479294
0.000492063 3.68426e-05
3.68426e-05 0.000476964
0.000486556 3.24497e-05
3.24497e-05 0.000480059
0.000481736 2.88691e-05
2.88691e-05 0.000485073
0.000479236 2.53485e-05
2.53485e-05 0.000492606
0.000477814 2.21019e-05
2.21019e-05 0.000502127
 0.00047733 1.89921e-05
1.89921e-05 0.000516894
0.000477468 1.65918e-05
1.65918e-05 0.000529257
0.000478062 1.46729e-05
1.46729e-05 0.000544181
0.000479325 1.22792e-05
1.22792e-05 0.000561237
0.000481087 1.10755e-05
1.10755e-05 0.000585612
0.000483141 9.99485e-06
9.99485e-06 0.000612845
0.000484954 9.11789e-06
9.11789e-06 0.000633296
0.000487073 7.76935e-06
7.76935e-06 0.000657084
0.000489399 5.24906e-06
5.24906e-06 0.000684942
0.000491192 3.82263e-06
3.82263e-06 0.000715912
0.000492908 1.49911e-06
1.49911e-06 0.000750395
  0.00049465 -1.24619e-06
-1.24619e-06  0.000787246
 0.000496847 -4.36036e-06
-4.36036e-06  0.000826862
 0.000499115 -6.45845e-06
-6.45845e-06  0.000868045
 0.000501721 -8.46014e-06
-8.46014e-06  0.000912418
 0.000504494 -1.06218e-05
-1.06218e-05  0.000959986
 0.000507032 -1.27316e-05
-1.27316e-05   0.00100985
 0.000509504 -1.58421e-05
-1.58421e-05   0.00106329
 0.000511407 -1.86652e-05
-1.86652e-05   0.00111957
 0.000513577 -2.29874e-05
-2.29874e-05   0.00117862
 0.000516179 -2.68764e-05
-2.68764e-05   0.00123992
 0.000519388 -3.04107e-05
-3.04107e-05   0.00130303
  0.00052261 -3.29415e-05
-3.29415e-05   0.00136807
 0.000525888 -3.47703e-05
-3.47703e-05   0.00143596
 0.000529403 -3.64852e-05
-3.64852e-05   0.00150651
 0.000532795 -3.86137e-05
-3.86137e-05   0.00158044
 0.000536235 -4.10059e-05
-4.10059e-05   0.00165731
 0.000539286 -4.46395e-05
-4.46395e-05   0.00173573
 0.000542581 -4.77937e-05
-4.77937e-05   0.00181803
 0.000546377 -5.13418e-05
-5.13418e-05   0.00190241
 0.000550232 -5.47258e-05
-5.47258e-05   0.00198744
 0.000553433 -5.74229e-05
-5.74229e-05   0.00207679
 0.000555776 -6.01255e-05
-6.01255e-05   0.00216934
 0.000557752 -6.40648e-05
-6.40648e-05   0.00226561
0.000560481  -6.851e-05
 -6.851e-05  0.00236496
 0.000564351 -7.40683e-05
-7.40683e-05    0.0024655
 0.000568515 -7.75707e-05
-7.75707e-05    0.0025679
 0.000571895 -7.95006e-05
-7.95006e-05   0.00267364
 0.000574381 -8.18788e-05
-8.18788e-05   0.00277972
 0.000576649 -8.38717e-05
-8.38717e-05   0.00289045
 0.000578321 -8.57601e-05
-8.57601e-05   0.00300385
 0.000580354 -8.89358e-05
-8.89358e-05   0.00312149
 0.000582297 -8.89496e-05
-8.89496e-05      0.00324
 0.000585238 -9.09893e-05
-9.09893e-05   0.00336399
 0.000588973 -9.25887e-05
-9.25887e-05   0.00348751
  0.00059315 -9.37853e-05
-9.37853e-05   0.00361523
 0.000596749 -9.51244e-05
-9.51244e-05   0.00374323
 0.000599927 -9.78213e-05
-9.78213e-05   0.00387306
 0.000603237 -0.000103331
-0.000103331   0.00400838
 0.000606898 -0.000107306
-0.000107306   0.00414615
 0.000611318 -0.000112801
-0.000112801   0.00428439
 0.000616381 -0.000117327
-0.000117327   0.00442836
 0.000620975 -0.000120935
-0.000120935   0.00457505
 0.000624796 -0.000124195
-0.000124195   0.00472507
 0.000627578 -0.000125195
-0.000125195   0.00487701
 0.000630304 -0.000129021
-0.000129021   0.00502944
 0.000633175 -0.000131927
-0.000131927   0.00518837
 0.000636528 -0.000135852
-0.000135852   0.00535036
 0.000640642 -0.000140565
-0.000140565   0.00551444
 0.000644931 -0.000144622
-0.000144622   0.00567722
 0.000649298 -0.000149195
-0.000149195   0.00584686
 0.000652878 -0.000150513
-0.000150513    0.0060132
 0.000656867 -0.000154147
-0.000154147   0.00619018
0.000660811 -0.00015441
-0.00015441  0.00636668
 0.000664984 -0.000158115
-0.000158115   0.00654863
 0.000668706 -0.000157939
-0.000157939   0.00672929
 0.000673345 -0.000160537
-0.000160537   0.00691945
0.000677355 -0.00016377
-0.00016377  0.00710752
 0.000682663 -0.000166574
-0.000166574   0.00730068
 0.000689169 -0.000168912
-0.000168912   0.00749701
0.000696242 -0.00017087
-0.00017087  0.00769144
 0.000704319 -0.000172848
-0.000172848   0.00787998
 0.000713084 -0.000174372
-0.000174372   0.00808271
  0.00072179 -0.000173235
-0.000173235   0.00829458
 0.000729837 -0.000174562
-0.000174562   0.00850012
 0.000735536 -0.000175683
-0.000175683   0.00870738
 0.000740332 -0.000178556
-0.000178556     0.008919
 0.000743331 -0.000180205
-0.000180205   0.00913424
  0.00074493 -0.000180522
-0.000180522   0.00935922
 0.000745077 -0.000185611
-0.000185611   0.00958451
 0.000746778 -0.000193635
-0.000193635   0.00980889
 0.000755396 -0.000201275
-0.000201275    0.0100399
 0.000766218 -0.000207724
-0.000207724    0.0102706
  0.00077734 -0.000224792
-0.000224792    0.0104971
 0.000784986 -0.000228709
-0.000228709     0.010726
 0.000788546 -0.000220035
-0.000220035    0.0109675
 0.000790585 -0.000222396
-0.000222396    0.0112077
 0.000794706 -0.000222353
-0.000222353    0.0114631
 0.000796588 -0.000230149
-0.000230149    0.0117041
0.000799698 -0.00022751
-0.00022751   0.0119524
 0.000804703 -0.000236689
-0.000236689    0.0122004
 0.000809813 -0.000217529
-0.000217529    0.0124756
 0.000815715 -0.000228957
-0.000228957    0.0127295
  0.0129937  0.00023053
 0.00023053 0.000821617
   0.012991 0.000107224
0.000107224 0.000821538
   0.0129998 -2.18473e-05
-2.18473e-05  0.000826177
   0.0130063 -0.000145739
-0.000145739  0.000824988
   0.0130176 -0.000285492
-0.000285492  0.000839605
    0.012992 -0.000381073
-0.000381073   0.00084983
  0.0129766 -0.00047852
-0.00047852 0.000866444
   0.0129898 -0.000601588
-0.000601588  0.000879627
   0.0130119 -0.000730864
-0.000730864  0.000887478
   0.0130249 -0.000832995
-0.000832995  0.000890026
   0.0130488 -0.000954316
-0.000954316    0.0008993
  0.0130744 -0.00108595
-0.00108595 0.000900945
   0.013096 -0.00120871
-0.00120871 0.000921865
  0.0131291 -0.00135401
-0.00135401 0.000954774
  0.0131761 -0.00143908
-0.00143908  0.00098111
  0.0132455 -0.00152581
-0.00152581  0.00103976
   0.013206 -0.00169858
-0.00169858  0.00107287
 0.0130889 -0.0018769
-0.0018769 0.00112208
  0.0130684 -0.00198547
-0.00198547  0.00115647
  0.0130514 -0.00213321
-0.00213321  0.00120801
  0.0130745 -0.00223387
-0.00223387  0.00124651
  0.0130631 -0.00237562
-0.00237562  0.00130168
 0.0130793 -0.0024931
-0.0024931  0.0013479
  0.0131034 -0.00260119
-0.00260119   0.0013895
  0.0131021 -0.00273387
-0.00273387  0.00144344
  0.0130835 -0.00288885
-0.00288885  0.00151223
 0.0130982 -0.0029984
-0.0029984 0.00156225
  0.0130894 -0.00312777
-0.00312777  0.00162736
  0.0131088 -0.00322733
-0.00322733  0.00170332
  0.0130952 -0.00336146
-0.00336146  0.00177753
   0.013105 -0.00347818
-0.00347818  0.00184366
  0.0130884 -0.00361518
-0.00361518  0.00192385
  0.0131023 -0.00372905
-0.00372905   0.0019896
  0.0131005 -0.00385668
-0.00385668  0.00206819
  0.0131041 -0.00398222
-0.00398222   0.0021497
  0.0131094 -0.00410298
-0.00410298  0.00222953
  0.0131051 -0.00423046
-0.00423046  0.00232032
  0.0131031 -0.00435437
-0.00435437  0.00241112
  0.0131104 -0.00447902
-0.00447902  0.00250345
  0.0131078 -0.00460313
-0.00460313  0.00260079
  0.0131203 -0.00472524
-0.00472524  0.00269568
  0.0131243 -0.00484871
-0.00484871  0.00279742
  0.0131287 -0.00496711
-0.00496711  0.00289599
  0.0131305 -0.00509766
-0.00509766  0.00300788
  0.0131338 -0.00522343
-0.00522343  0.00311867
   0.013136 -0.00534012
-0.00534012  0.00321744
  0.0131402 -0.00546574
-0.00546574  0.00333068
  0.0131431 -0.00559313
-0.00559313  0.00344989
 0.0131482 -0.0057136
-0.0057136 0.00356515
  0.0131555 -0.00583819
-0.00583819  0.00368713
  0.0131631 -0.00596142
-0.00596142   0.0038107
  0.0131656 -0.00609067
-0.00609067  0.00394024
  0.0131678 -0.00621676
-0.00621676  0.00407158
  0.0131706 -0.00633756
-0.00633756  0.00420062
  0.0131695 -0.00646306
-0.00646306  0.00434093
  0.0131861 -0.00658466
-0.00658466  0.00447754
  0.0131807 -0.00670566
-0.00670566   0.0046214
 0.0131982 -0.0068303
-0.0068303 0.00476352
   0.013197 -0.00695373
-0.00695373  0.00490462
 0.0132004 -0.0070847
-0.0070847 0.00504819
  0.0132054 -0.00721661
-0.00721661  0.00519825
  0.0132059 -0.00734457
-0.00734457  0.00535177
   0.013212 -0.00747559
-0.00747559  0.00551112
  0.0132103 -0.00760001
-0.00760001  0.00567433
   0.013214 -0.00772754
-0.00772754  0.00583438
  0.0132171 -0.00785198
-0.00785198   0.0060035
  0.0132292 -0.00798706
-0.00798706  0.00617971
  0.0132313 -0.00811126
-0.00811126  0.00635113
   0.013231 -0.00824466
-0.00824466  0.00653258
  0.0132328 -0.00836877
-0.00836877  0.00670208
 0.0132343 -0.0084967
-0.0084967 0.00687216
   0.013233 -0.00862724
-0.00862724  0.00705094
  0.0132412 -0.00875639
-0.00875639   0.0072332
  0.0132297 -0.00889063
-0.00889063  0.00743689
  0.0132393 -0.00901433
-0.00901433  0.00761637
  0.0132282 -0.00914881
-0.00914881  0.00782326
  0.0132342 -0.00927445
-0.00927445  0.00801006
   0.013233 -0.00940173
-0.00940173  0.00820084
  0.0132411 -0.00953023
-0.00953023  0.00839672
  0.0132413 -0.00965341
-0.00965341  0.00859332
  0.0132489 -0.00977883
-0.00977883   0.0087971
  0.0132584 -0.00990776
-0.00990776  0.00899288
 0.0132636 -0.0100357
-0.0100357 0.00919494
  0.013279 -0.0101643
-0.0101643 0.00939963
 0.0132776 -0.0102925
-0.0102925   0.009614
0.0132755 -0.010422
-0.010422 0.0098352
0.0132814  -0.01055
 -0.01055 0.0100478
 0.0132719 -0.0106762
-0.0106762  0.0102708
 0.0132812 -0.0108074
-0.0108074  0.0104951
 0.0132801 -0.0109338
-0.0109338  0.0107212
 0.0132884 -0.0110624
-0.0110624  0.0109438
 0.0132727 -0.0111906
-0.0111906  0.0111884
  0.013269 -0.0113192
-0.0113192  0.0114265
 0.0132669 -0.0114438
-0.0114438  0.0116596
 0.0132727 -0.0115727
-0.0115727   0.011897
 0.0132806 -0.0116986
-0.0116986    0.01213
 0.0132715 -0.0118277
-0.0118277  0.0123891
 0.0132495 -0.0119499
-0.0119499  0.0126531
 0.0132425 -0.0120748
-0.0120748  0.0129046
 0.0132526 -0.0122064
-0.0122064  0.0131578
0.0134174 0.0123326
0.0123326 0.0132436
0.0134187 0.0122061
0.0122061 0.0129864
0.0134274 0.0120782
0.0120782 0.0127201
0.0134234 0.0119528
0.0119528 0.0124728
0.0134191 0.0118262
0.0118262 0.0122271
 0.013423 0.0116988
0.0116988 0.0119776
0.0134225 0.0115719
0.0115719 0.0117345
0.0134237 0.0114453
0.0114453 0.0114943
0.0134285 0.0113186
0.0113186 0.0112544
0.0134307  0.011193
 0.011193 0.0110181
0.0134296 0.0110628
0.0110628 0.0107834
0.0134337 0.0109394
0.0109394 0.0105609
0.0134336 0.0108094
0.0108094 0.0103376
0.0134348 0.0106795
0.0106795 0.0101069
 0.0134437  0.0105443
 0.0105443 0.00987323
 0.0134438  0.0104169
 0.0104169 0.00965746
 0.0134415  0.0102903
 0.0102903 0.00944389
 0.0134396  0.0101624
 0.0101624 0.00923033
0.0134367 0.0100353
0.0100353  0.009021
  0.013436 0.00990594
0.00990594 0.00880926
 0.0134285 0.00978538
0.00978538 0.00861799
 0.0134288 0.00965582
0.00965582 0.00841059
  0.013429 0.00952544
0.00952544 0.00820359
 0.0134259 0.00939949
0.00939949 0.00800796
 0.0134247 0.00927065
0.00927065 0.00781303
 0.0134234 0.00914304
0.00914304 0.00762017
 0.0134225 0.00901713
0.00901713 0.00743586
 0.0134213 0.00889091
0.00889091 0.00724992
 0.0134185 0.00876471
0.00876471 0.00706719
 0.0134163 0.00863579
0.00863579 0.00688459
 0.0134134 0.00851086
0.00851086 0.00670985
 0.0134115 0.00838414
0.00838414 0.00653532
 0.0134061 0.00825562
0.00825562 0.00636266
  0.013399 0.00812972
0.00812972 0.00619488
 0.0133997 0.00800469
0.00800469 0.00602893
 0.0133959 0.00787892
0.00787892   0.005866
 0.0133975 0.00775296
0.00775296 0.00570375
 0.0133984 0.00762677
0.00762677 0.00554435
 0.0133942 0.00750071
0.00750071 0.00538948
 0.0133956 0.00737449
0.00737449 0.00523517
 0.0133881 0.00724913
0.00724913 0.00508768
 0.0133824 0.00712394
0.00712394  0.0049432
  0.013375 0.00699905
0.00699905 0.00480239
 0.0133679 0.00687446
0.00687446 0.00466412
 0.0133671 0.00674805
0.00674805 0.00452438
  0.013373 0.00662048
0.00662048 0.00438405
 0.0133726 0.00649472
0.00649472 0.00424995
 0.0133578  0.0063752
 0.0063752 0.00411825
  0.013373 0.00624399
0.00624399 0.00397284
  0.013378 0.00611549
0.00611549 0.00384148
 0.0133832 0.00598686
0.00598686 0.00371321
 0.0133866 0.00585938
0.00585938 0.00359057
 0.0133845 0.00573343
0.00573343 0.00347254
 0.0133814 0.00560929
0.00560929 0.00335798
 0.0133744 0.00548593
0.00548593 0.00323623
 0.0133799 0.00535835
0.00535835 0.00312171
 0.0133863 0.00523206
0.00523206 0.00301123
 0.0133913 0.00510635
0.00510635  0.0029039
 0.0133991 0.00497661
0.00497661 0.00278322
 0.0133862 0.00485358
0.00485358   0.002684
 0.0133904 0.00472883
0.00472883 0.00258436
 0.0133799 0.00460351
0.00460351 0.00248839
 0.0133651 0.00448058
0.00448058 0.00240082
 0.0133518 0.00435245
0.00435245 0.00230892
 0.0133427 0.00422497
0.00422497 0.00222148
 0.0133348 0.00409322
0.00409322 0.00213459
 0.0133345 0.00396563
0.00396563 0.00205875
 0.0133392 0.00384064
0.00384064 0.00197672
 0.0133361 0.00371221
0.00371221 0.00189347
 0.0133346 0.00358909
0.00358909 0.00181529
 0.0133335 0.00346249
0.00346249 0.00173422
 0.0133321 0.00334128
0.00334128 0.00167146
  0.013327 0.00321297
0.00321297 0.00159967
 0.0133197 0.00308876
0.00308876 0.00153422
  0.013312 0.00295941
0.00295941 0.00146952
 0.0133081 0.00283262
0.00283262 0.00141064
    0.0133 0.00270095
0.00270095 0.00135113
 0.0132976 0.00257508
0.00257508  0.0012937
 0.0132934  0.0024474
 0.0024474 0.00123647
 0.0132931 0.00232059
0.00232059 0.00118288
 0.0132905 0.00219077
0.00219077 0.00113307
 0.0132879 0.00206079
0.00206079 0.00108795
 0.0132835 0.00193036
0.00193036 0.00104604
  0.013278 0.00180263
0.00180263 0.00101013
  0.0132715  0.00167453
 0.00167453 0.000974827
   0.013263  0.00154669
 0.00154669 0.000942298
  0.0132588  0.00141973
 0.00141973 0.000914379
  0.0132643  0.00129201
 0.00129201 0.000885442
   0.013253  0.00115978
 0.00115978 0.000859219
  0.0132482  0.00102663
 0.00102663 0.000837873
  0.0132505 0.000890588
0.000890588 0.000818074
  0.0132461 0.000761594
0.000761594 0.000802869
  0.0132444 0.000632861
0.000632861 0.000790721
  0.0132402 0.000501268
0.000501268 0.000781279
   0.013246 0.000371883
0.000371883 0.000774995
  0.0132401  0.00024101
 0.00024101 0.000771676
  0.0132347  0.00011514
 0.00011514 0.000772385
   0.0132317 -1.55115e-05
-1.55115e-05  0.000777232
   0.0132325 -0.000140246
-0.000140246  0.000785546
    0.013234 -0.000277535
-0.000277535  0.000799806
0.000819431 0.000408938
0.000408938   0.0132344
0.000823039 0.000410942
0.000410942   0.0129794
0.000817027 0.000385836
0.000385836   0.0127051
0.000810826 0.000394549
0.000394549   0.0124585
0.000798317 0.000378799
0.000378799   0.0121979
0.000786665 0.000376505
0.000376505   0.0119481
0.000776307 0.000364167
0.000364167   0.0116965
0.000770752 0.000358491
0.000358491   0.0114518
0.000770026 0.000358851
0.000358851   0.0112063
0.000770827 0.000351284
0.000351284   0.0109651
0.000769557 0.000347824
0.000347824   0.0107315
0.000761576 0.000336097
0.000336097   0.0104928
0.000747954 0.000320413
0.000320413   0.0102628
 0.00073391 0.000304358
0.000304358   0.0100238
0.000724248 0.000290898
0.000290898  0.00979419
0.000718964 0.000277278
0.000277278  0.00957244
0.000715893 0.000269822
0.000269822  0.00934231
0.000714586 0.000257778
0.000257778  0.00912192
 0.00071181 0.000254729
0.000254729  0.00890651
0.000708175  0.00024576
 0.00024576  0.00868329
0.000704764 0.000243617
0.000243617  0.00847319
0.000700083 0.000235967
0.000235967  0.00825656
0.000696687 0.000233974
0.000233974  0.00805069
0.000693317 0.000224782
0.000224782  0.00784194
0.000689559 0.000218743
0.000218743   0.0076401
0.000685288 0.000217702
0.000217702  0.00744557
0.000679395  0.00020846
 0.00020846  0.00724638
 0.00067306 0.000211683
0.000211683  0.00706501
0.000667205 0.000205233
0.000205233  0.00687344
0.000661192  0.00020412
 0.00020412  0.00668903
0.000654336  0.00019763
 0.00019763  0.00650434
0.000647936 0.000196699
0.000196699  0.00632641
0.000642937 0.000190426
0.000190426  0.00614746
0.000638959 0.000180949
0.000180949  0.00596855
0.000636719 0.000178784
0.000178784  0.00580029
0.000634382 0.000173657
0.000173657  0.00563041
0.000630575 0.000171422
0.000171422  0.00546319
0.000627226 0.000167929
0.000167929  0.00529889
0.000623186 0.000164458
0.000164458  0.00513656
0.000619681 0.000161862
0.000161862  0.00497845
0.000616674 0.000157598
0.000157598  0.00482356
0.000614118 0.000156215
0.000156215  0.00467413
0.000612009 0.000152874
0.000152874  0.00452644
0.000609326 0.000147566
0.000147566  0.00437387
0.000605161 0.000142887
0.000142887  0.00422891
0.000600377 0.000137255
0.000137255  0.00408748
0.000595887 0.000130699
0.000130699  0.00394802
 0.00059218 0.000125164
0.000125164  0.00381235
0.000588795 0.000120746
0.000120746  0.00367939
0.000585469 0.000114354
0.000114354  0.00354671
0.000582431 0.000110512
0.000110512  0.00342053
0.000579194 0.000105677
0.000105677   0.0032973
0.000576159  0.00010266
 0.00010266  0.00317652
0.000573169 9.90066e-05
9.90066e-05  0.00305757
0.000570235 9.63809e-05
9.63809e-05  0.00294087
0.000567417 9.35238e-05
9.35238e-05  0.00282768
0.000564296 8.99141e-05
8.99141e-05  0.00271609
0.000561053 8.51094e-05
8.51094e-05  0.00260787
0.000557715 8.15099e-05
8.15099e-05  0.00250307
0.000554344 7.90328e-05
7.90328e-05  0.00240164
0.000550712 7.60769e-05
7.60769e-05   0.0023011
0.000547736  7.4105e-05
 7.4105e-05  0.00220572
0.000544873 7.06323e-05
7.06323e-05  0.00211294
0.000542828 6.91323e-05
6.91323e-05  0.00202122
0.000540709 6.33726e-05
6.33726e-05  0.00193145
 0.00053939 6.05638e-05
6.05638e-05  0.00184244
0.000538497 5.59508e-05
5.59508e-05  0.00175704
0.000537837 5.14897e-05
5.14897e-05  0.00167448
0.000537634 4.72476e-05
4.72476e-05  0.00159692
0.000536645 4.44119e-05
4.44119e-05   0.0015225
0.000534915 3.95619e-05
3.95619e-05  0.00144904
0.000532739 3.63847e-05
3.63847e-05  0.00138147
0.000529369 3.27718e-05
3.27718e-05  0.00131424
0.000525627 3.05458e-05
3.05458e-05  0.00125118
0.000521224 2.81083e-05
2.81083e-05  0.00119014
0.000516771 2.51998e-05
2.51998e-05  0.00113233
0.000512376  2.2612e-05
 2.2612e-05  0.00107745
0.000507006 2.02826e-05
2.02826e-05   0.0010247
0.000502985 1.69487e-05
1.69487e-05 0.000975656
0.000499713  1.4387e-05
 1.4387e-05 0.000928938
 0.00049715 1.17183e-05
1.17183e-05   0.0008832
0.000495201 8.98621e-06
8.98621e-06 0.000839043
0.000493257 6.03027e-06
6.03027e-06 0.000797404
0.000490733 2.34441e-06
2.34441e-06 0.000760477
  0.00048797 -2.61763e-07
-2.61763e-07  0.000726938
0.000484911 -2.4245e-06
-2.4245e-06 0.000696361
  0.00048204 -4.13043e-06
-4.13043e-06   0.00066924
 0.000479654 -5.06346e-06
-5.06346e-06  0.000644411
 0.000477396 -6.30956e-06
-6.30956e-06  0.000623195
0.000475887 -6.3548e-06
-6.3548e-06 0.000602595
 0.000474645 -6.03331e-06
-6.03331e-06  0.000586662
0.000473753 -6.7991e-06
-6.7991e-06 0.000555883
 0.000472125 -8.03847e-06
-8.03847e-06  0.000541227
 0.000469588 -1.13882e-05
-1.13882e-05  0.000524521
 0.000467194 -1.42836e-05
-1.42836e-05  0.000514461
 0.000465194 -1.81793e-05
-1.81793e-05  0.000506494
 0.000464264 -2.24954e-05
-2.24954e-05  0.000500748
 0.000465232 -2.80533e-05
-2.80533e-05  0.000495593
 0.000468268 -3.36608e-05
-3.36608e-05   0.00049605
 0.000473664 -4.10306e-05
-4.10306e-05  0.000501235
