      0.0004 -2.85903e-14
-2.85903e-14       0.0004
  0.00043514 -7.23407e-07
-7.23407e-07  0.000422002
 0.000436581 -1.26586e-06
-1.26586e-06   0.00042622
 0.000436805 -2.05558e-06
-2.05558e-06  0.000432515
 0.000436854 -3.01926e-06
-3.01926e-06  0.000440644
 0.000435894 -3.95966e-06
-3.95966e-06  0.000451576
0.000434712 -4.6589e-06
-4.6589e-06 0.000465181
 0.000433669 -4.82533e-06
-4.82533e-06  0.000481158
 0.000433251 -4.21167e-06
-4.21167e-06  0.000499704
 0.000433921 -3.13578e-06
-3.13578e-06  0.000518662
0.000435646 -2.5925e-06
-2.5925e-06 0.000539236
 0.000438106 -2.76434e-06
-2.76434e-06  0.000562963
 0.000440596 -3.87617e-06
-3.87617e-06   0.00059007
0.000442915 -4.0383e-06
-4.0383e-06 0.000619883
0.000445455 -3.4551e-06
-3.4551e-06 0.000651606
 0.000448423 -2.62022e-06
-2.62022e-06  0.000682122
 0.000452269 -1.75609e-06
-1.75609e-06  0.000714152
 0.000457665 -7.19453e-07
-7.19453e-07  0.000748303
 0.000463092 -4.39424e-07
-4.39424e-07  0.000784802
 0.000468154 -3.75894e-07
-3.75894e-07  0.000824471
 0.000471684 -6.69336e-07
-6.69336e-07  0.000867333
 0.000473256 -1.69843e-06
-1.69843e-06  0.000913376
 0.000473962 -4.05924e-06
-4.05924e-06  0.000961584
 0.000476056 -7.32203e-06
-7.32203e-06   0.00101394
0.000480224 -1.2151e-05
-1.2151e-05  0.00106918
 0.000486665 -1.75114e-05
-1.75114e-05   0.00112772
 0.000492635 -2.14198e-05
-2.14198e-05   0.00118884
0.000494643 -1.9566e-05
-1.9566e-05  0.00124648
  0.00049608 -1.66198e-05
-1.66198e-05   0.00130934
 0.000499999 -1.23869e-05
-1.23869e-05   0.00137489
  0.00050572 -9.08859e-06
-9.08859e-06   0.00144236
 0.000512856 -7.16775e-06
-7.16775e-06   0.00150972
 0.000520148 -6.88936e-06
-6.88936e-06   0.00158158
  0.00052745 -8.11363e-06
-8.11363e-06   0.00165166
 0.000536695 -8.72893e-06
-8.72893e-06   0.00172929
  0.00054366 -1.17162e-05
-1.17162e-05   0.00180674
 0.000549924 -1.50014e-05
-1.50014e-05    0.0018871
 0.000554488 -1.82375e-05
-1.82375e-05   0.00197065
 0.000556769 -2.10342e-05
-2.10342e-05   0.00205668
  0.00055742 -2.23625e-05
-2.23625e-05   0.00214611
 0.000558218 -2.18715e-05
-2.18715e-05   0.00223965
 0.000561239 -1.94665e-05
-1.94665e-05   0.00233652
 0.000567971 -1.54958e-05
-1.54958e-05   0.00243781
 0.000577525 -1.13727e-05
-1.13727e-05   0.00253944
 0.000584933 -1.20463e-05
-1.20463e-05   0.00263825
 0.000589599 -1.55928e-05
-1.55928e-05   0.00273872
 0.000592873 -1.99008e-05
-1.99008e-05    0.0028425
 0.000595305 -2.48283e-05
-2.48283e-05   0.00294852
 0.000597947 -2.96606e-05
-2.96606e-05   0.00305971
 0.000600312 -3.36321e-05
-3.36321e-05   0.00317299
 0.000604044 -3.82735e-05
-3.82735e-05   0.00329343
 0.000608088 -4.26288e-05
-4.26288e-05   0.00341409
 0.000614702 -5.01072e-05
-5.01072e-05   0.00354383
 0.000622765 -5.69226e-05
-5.69226e-05   0.00366919
0.000630492  -6.159e-05
 -6.159e-05  0.00379588
 0.000635003 -6.25911e-05
-6.25911e-05    0.0039221
 0.000636676 -6.10571e-05
-6.10571e-05    0.0040487
 0.000637974 -5.96417e-05
-5.96417e-05    0.0041791
 0.000640227 -5.92968e-05
-5.92968e-05   0.00431318
 0.000643302 -6.00795e-05
-6.00795e-05   0.00445087
 0.000646231 -6.12104e-05
-6.12104e-05   0.00459061
 0.000648782 -6.21736e-05
-6.21736e-05   0.00473621
  0.00065109 -6.33916e-05
-6.33916e-05   0.00488303
 0.000653944 -6.47784e-05
-6.47784e-05   0.00503261
 0.000656673 -6.70437e-05
-6.70437e-05   0.00518504
 0.000659063 -6.99176e-05
-6.99176e-05   0.00534182
 0.000661458 -7.39987e-05
-7.39987e-05   0.00549811
 0.000664988 -7.78441e-05
-7.78441e-05   0.00565966
 0.000669439 -8.11759e-05
-8.11759e-05   0.00582138
 0.000674632 -8.38708e-05
-8.38708e-05   0.00598429
0.000680006 -8.6662e-05
-8.6662e-05  0.00615026
0.000685439 -8.9406e-05
-8.9406e-05  0.00632017
 0.000690638 -9.25959e-05
-9.25959e-05   0.00649403
 0.000695329 -9.63804e-05
-9.63804e-05   0.00666943
 0.000699749 -0.000100053
-0.000100053   0.00684749
 0.000703864 -0.000103228
-0.000103228   0.00702764
 0.000707154 -0.000106394
-0.000106394   0.00721083
 0.000709927 -0.000109229
-0.000109229   0.00739669
 0.000713166 -0.000111091
-0.000111091   0.00758638
 0.000717292 -0.000112583
-0.000112583   0.00777786
 0.000723391 -0.000113009
-0.000113009   0.00797248
 0.000731074 -0.000112861
-0.000112861   0.00816861
 0.000738476 -0.000111675
-0.000111675     0.008371
 0.000737421 -0.000118217
-0.000118217   0.00856795
 0.000735251 -0.000124095
-0.000124095   0.00877103
 0.000734576 -0.000130301
-0.000130301   0.00897713
 0.000735726 -0.000137616
-0.000137616   0.00918207
 0.000738922 -0.000143014
-0.000143014   0.00939532
 0.000742576 -0.000147981
-0.000147981   0.00960468
 0.000746869 -0.000152544
-0.000152544   0.00981897
 0.000752005 -0.000156957
-0.000156957    0.0100354
  0.00075768 -0.000161423
-0.000161423    0.0102572
 0.000762988 -0.000165078
-0.000165078    0.0104793
 0.000767521 -0.000168559
-0.000168559     0.010706
 0.000771472 -0.000171451
-0.000171451    0.0109336
 0.000774936 -0.000174499
-0.000174499     0.011164
 0.000777985 -0.000177821
-0.000177821    0.0113971
 0.000780617 -0.000181629
-0.000181629     0.011634
 0.000783171 -0.000185451
-0.000185451    0.0118726
 0.000785616 -0.000189401
-0.000189401     0.012115
  0.0123585 0.000193195
0.000193195 0.000787908
  0.0123572 7.07954e-05
7.07954e-05 0.000780249
   0.0123565 -5.04481e-05
-5.04481e-05  0.000774289
   0.0123562 -0.000171993
-0.000171993  0.000772283
   0.0123561 -0.000293105
-0.000293105  0.000773779
   0.0123558 -0.000413118
-0.000413118  0.000777737
   0.0123557 -0.000533837
-0.000533837  0.000785961
   0.0123557 -0.000654614
-0.000654614  0.000797387
   0.0123556 -0.000772646
-0.000772646  0.000808523
   0.0123578 -0.000894964
-0.000894964  0.000826234
  0.0123609 -0.00101587
-0.00101587 0.000844478
  0.0123631 -0.00113594
-0.00113594 0.000864373
  0.0123674 -0.00125686
-0.00125686 0.000887926
  0.0123723 -0.00137696
-0.00137696 0.000913102
  0.0123765 -0.00149514
-0.00149514 0.000940243
  0.0123815 -0.00161309
-0.00161309 0.000970659
  0.0123872 -0.00172912
-0.00172912  0.00100047
  0.0123926 -0.00184752
-0.00184752  0.00103702
  0.0123973 -0.00196625
-0.00196625  0.00107536
  0.0124002 -0.00208607
-0.00208607  0.00111691
 0.0124017 -0.0022063
-0.0022063 0.00115958
  0.0124034 -0.00232674
-0.00232674  0.00120401
  0.0124048 -0.00244684
-0.00244684  0.00125114
  0.0124057 -0.00256698
-0.00256698  0.00130266
  0.0124071 -0.00268632
-0.00268632  0.00135619
  0.0124088 -0.00280504
-0.00280504  0.00141245
  0.0124111 -0.00292322
-0.00292322  0.00147138
  0.0124138 -0.00304062
-0.00304062  0.00153136
 0.0124165   -0.00316
  -0.00316 0.00159953
  0.0124191 -0.00327793
-0.00327793   0.0016656
  0.0124208 -0.00339592
-0.00339592  0.00173113
  0.0124216 -0.00351508
-0.00351508  0.00180185
 0.0124227  -0.003634
 -0.003634 0.00187386
  0.0124243 -0.00375353
-0.00375353  0.00195148
  0.0124267 -0.00387309
-0.00387309    0.002033
   0.012429 -0.00399113
-0.00399113  0.00211301
  0.0124318 -0.00410912
-0.00410912  0.00219539
  0.0124351 -0.00422706
-0.00422706  0.00228025
  0.0124384 -0.00434389
-0.00434389  0.00236522
   0.012442 -0.00446171
-0.00446171  0.00245643
  0.0124455 -0.00457913
-0.00457913  0.00255004
  0.0124489 -0.00469651
-0.00469651  0.00264517
  0.0124518 -0.00481393
-0.00481393  0.00274281
  0.0124543 -0.00493133
-0.00493133  0.00284395
  0.0124564 -0.00504902
-0.00504902  0.00294643
  0.0124585 -0.00516682
-0.00516682  0.00305111
  0.0124604 -0.00528476
-0.00528476  0.00315832
  0.0124626 -0.00540319
-0.00540319  0.00326967
  0.0124648 -0.00552107
-0.00552107  0.00338208
  0.0124672 -0.00563855
-0.00563855  0.00349756
  0.0124701 -0.00575523
-0.00575523  0.00361655
  0.0124742 -0.00587085
-0.00587085  0.00374097
  0.0124799 -0.00598584
-0.00598584  0.00385966
  0.0124854 -0.00610168
-0.00610168   0.0039846
    0.01249 -0.00621924
-0.00621924  0.00410994
  0.0124963 -0.00633766
-0.00633766   0.0042379
  0.0125019 -0.00645496
-0.00645496  0.00436873
  0.0125076 -0.00657423
-0.00657423  0.00449139
  0.0125142 -0.00669256
-0.00669256  0.00462633
  0.0125204 -0.00680982
-0.00680982  0.00476314
 0.0125274 -0.0069262
-0.0069262 0.00490227
  0.0125341 -0.00704158
-0.00704158  0.00504391
  0.0125395 -0.00715639
-0.00715639  0.00518822
 0.0125418 -0.0072751
-0.0072751 0.00532498
  0.0125458 -0.00739528
-0.00739528  0.00547047
  0.0125465 -0.00751237
-0.00751237  0.00561666
  0.0125497 -0.00762985
-0.00762985  0.00577099
  0.0125485 -0.00774666
-0.00774666   0.0059256
  0.0125482 -0.00786261
-0.00786261  0.00608558
   0.012548 -0.00797976
-0.00797976  0.00624324
  0.0125511 -0.00809781
-0.00809781  0.00640602
  0.0125595 -0.00822161
-0.00822161  0.00658012
  0.0125693 -0.00834385
-0.00834385  0.00675044
  0.0125809 -0.00846924
-0.00846924  0.00693245
  0.0125895 -0.00858946
-0.00858946  0.00711121
  0.0125857 -0.00869197
-0.00869197  0.00726355
  0.0125861 -0.00880423
-0.00880423  0.00743278
  0.0125874 -0.00891922
-0.00891922  0.00761736
  0.0125866 -0.00903515
-0.00903515  0.00779591
   0.012584 -0.00915128
-0.00915128  0.00797805
  0.0125801 -0.00926642
-0.00926642  0.00816142
  0.0125763 -0.00938089
-0.00938089  0.00834899
  0.0125743 -0.00949445
-0.00949445  0.00853883
  0.0125774 -0.00960194
-0.00960194  0.00874385
  0.0125802 -0.00971475
-0.00971475  0.00893829
  0.0125834 -0.00983004
-0.00983004  0.00912652
  0.0125855 -0.00994793
-0.00994793   0.0093191
 0.0125858 -0.0100679
-0.0100679 0.00951358
 0.0125844 -0.0101902
-0.0101902 0.00970904
 0.0125828 -0.0103119
-0.0103119 0.00990936
 0.0125837 -0.0104289
-0.0104289   0.010122
 0.0125837 -0.0105494
-0.0105494  0.0103295
 0.0125842 -0.0106701
-0.0106701  0.0105391
 0.0125862 -0.0107889
-0.0107889  0.0107544
 0.0125888 -0.0109085
-0.0109085  0.0109701
  0.012592 -0.0110278
-0.0110278  0.0111884
0.0125954 -0.011147
-0.011147 0.0114093
0.0125989 -0.011266
-0.011266 0.0116327
0.0126022 -0.011385
-0.011385 0.0118586
 0.0126058 -0.0115044
-0.0115044  0.0120878
0.0123189 0.0116232
0.0116232  0.012608
0.0123127 0.0115033
0.0115033 0.0123663
 0.012309 0.0113852
0.0113852 0.0121288
0.0123064 0.0112684
0.0112684  0.011894
0.0123048  0.011152
 0.011152 0.0116632
0.0123035  0.011036
 0.011036 0.0114354
0.0123023 0.0109207
0.0109207 0.0112082
0.0123012 0.0108053
0.0108053 0.0109852
0.0122997 0.0106898
0.0106898 0.0107656
0.0122988 0.0105729
0.0105729 0.0105503
0.0122976 0.0104562
0.0104562 0.0103369
0.0122966 0.0103384
0.0103384 0.0101275
 0.0122949  0.0102221
 0.0102221 0.00991735
 0.0122936  0.0101052
 0.0101052 0.00971172
 0.0122911 0.00999001
0.00999001 0.00950596
 0.0122885 0.00987463
0.00987463 0.00930283
 0.0122858 0.00975911
0.00975911 0.00910161
 0.0122829 0.00964272
0.00964272 0.00890571
 0.0122799 0.00952738
0.00952738 0.00871049
 0.0122774 0.00941202
0.00941202 0.00851779
 0.0122752 0.00929684
0.00929684 0.00832462
 0.0122732  0.0091811
 0.0091811 0.00813468
 0.0122711 0.00906537
0.00906537 0.00795016
 0.0122695 0.00894998
0.00894998  0.0077677
 0.0122683 0.00883445
0.00883445  0.0075875
 0.0122674 0.00871836
0.00871836 0.00740785
 0.0122665 0.00860158
0.00860158 0.00722738
 0.0122657 0.00848513
0.00848513  0.0070507
  0.012265 0.00836888
0.00836888 0.00687851
  0.012264 0.00825274
0.00825274 0.00670965
 0.0122624 0.00813571
0.00813571  0.0065392
 0.0122607  0.0080195
 0.0080195 0.00637403
 0.0122584 0.00790353
0.00790353 0.00621217
 0.0122555 0.00778719
0.00778719 0.00605322
 0.0122516 0.00767039
0.00767039 0.00589268
 0.0122477 0.00755447
0.00755447 0.00573684
 0.0122436 0.00743859
0.00743859 0.00558341
 0.0122397 0.00732295
0.00732295 0.00543375
 0.0122363 0.00720724
0.00720724 0.00528696
 0.0122327 0.00708948
0.00708948 0.00513503
 0.0122305 0.00697362
0.00697362 0.00499009
 0.0122282  0.0068567
 0.0068567 0.00484468
 0.0122261 0.00674015
0.00674015 0.00470427
 0.0122234 0.00662206
0.00662206 0.00456679
 0.0122218 0.00650458
0.00650458 0.00443332
 0.0122206 0.00638579
0.00638579 0.00430343
 0.0122193 0.00626802
0.00626802 0.00417192
 0.0122161 0.00615134
0.00615134 0.00404266
 0.0122105  0.0060364
 0.0060364 0.00391375
 0.0122044 0.00592211
0.00592211 0.00379111
 0.0121993 0.00580701
0.00580701 0.00366704
 0.0121955  0.0056916
 0.0056916 0.00354773
0.0121927 0.0055754
0.0055754 0.0034294
 0.0121891 0.00545805
0.00545805 0.00331285
 0.0121849 0.00534046
0.00534046 0.00319864
 0.0121803 0.00522307
0.00522307 0.00308764
 0.0121753 0.00510572
0.00510572 0.00297961
 0.0121705  0.0049888
 0.0049888 0.00287548
 0.0121661 0.00487326
0.00487326 0.00277838
 0.0121627 0.00475652
0.00475652  0.0026768
 0.0121601 0.00463953
0.00463953 0.00257711
 0.0121581 0.00452242
0.00452242 0.00247958
 0.0121565 0.00440551
0.00440551 0.00238462
 0.0121551 0.00428906
0.00428906 0.00229327
 0.0121527 0.00417163
0.00417163 0.00220341
 0.0121503 0.00405411
0.00405411 0.00211569
 0.0121473 0.00393669
0.00393669 0.00203128
  0.012144 0.00381887
0.00381887 0.00194921
 0.0121407 0.00370097
0.00370097 0.00187002
 0.0121375   0.003583
  0.003583 0.00179415
 0.0121345 0.00346461
0.00346461 0.00171982
  0.012132 0.00334641
0.00334641  0.0016467
 0.0121296 0.00322858
0.00322858 0.00157611
  0.012127 0.00311041
0.00311041 0.00150771
 0.0121255 0.00299279
0.00299279 0.00144275
 0.0121245 0.00287485
0.00287485 0.00138021
 0.0121238 0.00275686
0.00275686 0.00132076
 0.0121233 0.00263883
0.00263883 0.00126339
 0.0121217  0.0025211
 0.0025211 0.00120979
 0.0121196 0.00240323
0.00240323 0.00115751
 0.0121163  0.0022855
 0.0022855 0.00110848
 0.0121125 0.00216793
0.00216793 0.00106222
  0.012109 0.00205024
0.00205024  0.0010179
  0.0121059  0.00193247
 0.00193247 0.000975921
 0.0121032 0.00181465
0.00181465  0.0009363
  0.0121009  0.00169662
 0.00169662 0.000899139
  0.0120976   0.0015782
  0.0015782 0.000864923
  0.0120956  0.00145946
 0.00145946 0.000833285
  0.0120938  0.00134021
 0.00134021 0.000804507
  0.0120927  0.00122102
 0.00122102 0.000778684
  0.0120914  0.00110245
 0.00110245 0.000755715
  0.0120901 0.000983828
0.000983828 0.000734103
  0.0120884 0.000866133
0.000866133 0.000715265
  0.0120869 0.000747989
0.000747989 0.000698492
  0.0120859 0.000629702
0.000629702 0.000684764
  0.0120852 0.000511338
0.000511338 0.000674132
  0.0120846 0.000392053
0.000392053 0.000665601
  0.0120847 0.000272878
0.000272878 0.000659946
  0.0120849 0.000153703
0.000153703 0.000656957
  0.0120851 3.46059e-05
3.46059e-05 0.000656646
0.000658981 8.43657e-05
8.43657e-05   0.0120851
0.000656224 8.16291e-05
8.16291e-05   0.0118467
 0.00065361 7.90001e-05
7.90001e-05   0.0116099
0.000651433 7.62788e-05
7.62788e-05   0.0113767
0.000649533 7.39228e-05
7.39228e-05    0.011146
0.000647987  7.1705e-05
 7.1705e-05   0.0109184
0.000646294 7.01567e-05
7.01567e-05    0.010692
0.000644477 6.87492e-05
6.87492e-05   0.0104699
0.000642492 6.70828e-05
6.70828e-05   0.0102488
0.000640465 6.51439e-05
6.51439e-05   0.0100316
0.000638757 6.26266e-05
6.26266e-05  0.00981383
0.000637345 6.03707e-05
6.03707e-05  0.00959842
0.000636479 5.78926e-05
5.78926e-05  0.00938509
0.000635732 5.55087e-05
5.55087e-05  0.00917799
0.000634393 5.39353e-05
5.39353e-05  0.00897212
0.000632696 5.17648e-05
5.17648e-05  0.00876908
 0.00063128 4.92238e-05
4.92238e-05  0.00856948
0.000628678 4.80372e-05
4.80372e-05  0.00836993
0.000626423 4.70648e-05
4.70648e-05  0.00817408
0.000624385 4.59011e-05
4.59011e-05  0.00797931
0.000622376  4.4146e-05
 4.4146e-05  0.00778829
 0.00062026 4.24064e-05
4.24064e-05   0.0075998
0.000617219 3.99388e-05
3.99388e-05  0.00741372
0.00061426 3.7967e-05
3.7967e-05 0.00723006
0.000611064 3.55973e-05
3.55973e-05  0.00705056
0.000607416 3.40038e-05
3.40038e-05  0.00687195
0.000603571 3.21688e-05
3.21688e-05  0.00669697
0.000599661 3.06291e-05
3.06291e-05  0.00652477
0.000595975 2.94506e-05
2.94506e-05  0.00635516
0.000592705 2.79608e-05
2.79608e-05  0.00618857
0.000589751 2.66053e-05
2.66053e-05  0.00602213
0.000587265   2.535e-05
  2.535e-05  0.00585634
0.000585035 2.42194e-05
2.42194e-05  0.00569364
0.000582543    2.35e-05
   2.35e-05  0.00553445
0.000579846 2.28864e-05
2.28864e-05  0.00537703
0.000576773 2.22259e-05
2.22259e-05  0.00522284
0.000573345 2.14154e-05
2.14154e-05  0.00507163
0.000569767 2.03217e-05
2.03217e-05  0.00492331
0.000566302 1.90012e-05
1.90012e-05  0.00477949
0.000563267 1.73906e-05
1.73906e-05  0.00463574
0.000560628 1.59822e-05
1.59822e-05  0.00449409
0.000558214 1.48617e-05
1.48617e-05  0.00435493
0.000555761 1.39476e-05
1.39476e-05  0.00421897
0.000553041 1.34122e-05
1.34122e-05  0.00408469
0.000550129 1.33165e-05
1.33165e-05  0.00395353
0.000547501 1.36161e-05
1.36161e-05  0.00382649
0.000545453 1.45103e-05
1.45103e-05  0.00370255
0.000543917 1.54984e-05
1.54984e-05  0.00358143
0.000542283 1.58428e-05
1.58428e-05  0.00346245
0.000540132 1.42814e-05
1.42814e-05  0.00334065
0.000537669 1.21145e-05
1.21145e-05    0.003222
 0.00053565 1.02299e-05
1.02299e-05  0.00310812
 0.00053422 8.11154e-06
8.11154e-06  0.00299699
0.000533495 6.08701e-06
6.08701e-06  0.00288824
0.000532763  4.8782e-06
 4.8782e-06   0.0027776
 0.00053251 3.86215e-06
3.86215e-06  0.00267295
  0.0005317 3.27933e-06
3.27933e-06   0.0025714
0.000529713 2.74681e-06
2.74681e-06  0.00247286
 0.00052552 2.53575e-06
2.53575e-06  0.00237758
0.000519829 2.82214e-06
2.82214e-06  0.00228379
0.000514127 2.67612e-06
2.67612e-06  0.00219381
0.000508612  2.0614e-06
 2.0614e-06  0.00210643
0.000503858 1.73133e-06
1.73133e-06  0.00202003
0.000499624 1.68934e-06
1.68934e-06  0.00193531
0.000495407 2.33576e-06
2.33576e-06  0.00185218
0.000491529 3.25741e-06
3.25741e-06  0.00177272
0.000487816 4.78572e-06
4.78572e-06  0.00169695
0.000484366 6.68726e-06
6.68726e-06  0.00162316
 0.00048157 8.73769e-06
8.73769e-06  0.00155318
0.000478833 1.03409e-05
1.03409e-05  0.00148551
0.000475295 1.03904e-05
1.03904e-05  0.00141802
0.000471202 9.63499e-06
9.63499e-06  0.00135502
0.000466663 6.70353e-06
6.70353e-06  0.00128941
0.000462861 3.75599e-06
3.75599e-06  0.00122548
0.000460033 1.82038e-06
1.82038e-06  0.00116475
0.000457552 7.26032e-07
7.26032e-07   0.0011076
 0.000455044 -1.06783e-07
-1.06783e-07   0.00105407
 0.000452736 -1.05007e-06
-1.05007e-06   0.00100354
0.000450656 -2.3591e-06
-2.3591e-06 0.000953702
 0.000449515 -2.54424e-06
-2.54424e-06   0.00090623
 0.000447956 -2.82719e-06
-2.82719e-06  0.000860301
  0.00044729 -2.22094e-06
-2.22094e-06  0.000818118
 0.000445923 -2.21436e-06
-2.21436e-06  0.000778156
 0.000443738 -2.12296e-06
-2.12296e-06  0.000739964
 0.000442035 -1.68336e-06
-1.68336e-06  0.000704535
  0.00043997 -1.39369e-06
-1.39369e-06  0.000671948
 0.000437597 -1.47192e-06
-1.47192e-06  0.000642208
 0.000434943 -1.93667e-06
-1.93667e-06  0.000614528
 0.000432351 -2.56027e-06
-2.56027e-06  0.000589003
 0.000430251 -3.33413e-06
-3.33413e-06  0.000565154
0.000428561 -4.6323e-06
-4.6323e-06 0.000542325
 0.000427116 -4.72044e-06
-4.72044e-06  0.000520708
  0.00042582 -4.20934e-06
-4.20934e-06  0.000501879
  0.00042435 -3.90481e-06
-3.90481e-06  0.000486203
  0.00042321 -3.08757e-06
-3.08757e-06  0.000471817
 0.000422262 -2.22283e-06
-2.22283e-06  0.000459642
 0.000421506 -1.34126e-06
-1.34126e-06  0.000450103
  0.0004209 -5.1709e-07
-5.1709e-07 0.000442945
 0.000420478 -1.73483e-08
-1.73483e-08  0.000438074
0.000420049 4.21307e-07
4.21307e-07 0.000434881
