 0.0134069 0.00754971
0.00754971 0.00540095
0.000863856  0.00166518
 0.00166518   0.0166759
  0.0125093 -0.00102933
-0.00102933 0.000846437
0.00145453 0.00345518
0.00345518  0.0165093
 0.00411196 0.000553096
0.000553096 0.000687106
 0.000538959 -0.000209547
-0.000209547   0.00117061
 0.000685622 -0.000654388
-0.000654388   0.00507003
 0.000537175 -7.46808e-05
-7.46808e-05  0.000574129
 0.00157341 -0.00021391
-0.00021391 0.000582177
0.000684231 0.000309076
0.000309076    0.015631
0.0132942 0.0110026
0.0110026 0.0106234
  0.0164118  0.00161082
 0.00161082 0.000933913
0.000674865 0.000679753
0.000679753  0.00710612
0.000517737 0.000174831
0.000174831 0.000869427
0.000738289 0.000109296
0.000109296 0.000491129
  0.0159238   0.0014363
  0.0014363 0.000892772
0.0129091 0.0136573
0.0136573  0.016355
0.00411042 0.00718878
0.00718878  0.0161794
 0.0134066 0.00479607
0.00479607 0.00260893
0.000695829 0.000368703
0.000368703   0.0160815
  0.0174558 -0.00169403
-0.00169403   0.0012063
0.00794854 0.00894507
0.00894507  0.0120932
 0.000668109 -0.000596329
-0.000596329   0.00469052
  0.0145068 -0.00130726
-0.00130726 0.000914525
 0.000706544 -0.000736461
-0.000736461    0.0128121
0.0131378  0.013774
 0.013774 0.0163309
0.000478857 0.000103973
0.000103973 0.000659656
0.00279311 0.00495595
0.00495595  0.0125954
0.00395957 0.00708628
0.00708628  0.0164555
 0.000648242 -0.000481847
-0.000481847   0.00689106
0.00451252 0.00755154
0.00755154  0.0159898
0.0150451 0.0150188
0.0150188 0.0169152
  0.00071507 -0.000800279
-0.000800279   0.00983218
 0.0156558 0.00192476
0.00192476 0.00100027
 0.0127012 0.00868325
0.00868325 0.00727329
0.000523165 0.000215586
0.000215586  0.00122643
  0.0118715 -0.00134947
-0.00134947 0.000928129
 0.000659726 -0.000529834
-0.000529834   0.00299518
 0.0135128 0.00929279
0.00929279 0.00769813
0.00189338 0.00433265
0.00433265  0.0165895
0.0101813 0.0120085
0.0120085 0.0162855
 0.000510138 -2.33207e-05
-2.33207e-05  0.000486579
0.0150014 0.0147927
0.0147927 0.0164414
 0.00579492 0.000768276
0.000768276     0.00075
 0.0122647 0.00408091
0.00408091 0.00224725
  0.00282226 -0.000296512
-0.000296512  0.000651459
  0.00578615 -0.000884531
-0.000884531  0.000837075
0.00220631 0.00411576
0.00411576  0.0120821
 0.000748807 -0.000868679
-0.000868679    0.0150396
0.000676558 0.000613842
0.000613842   0.0120029
 0.00619816 0.000428005
0.000428005 0.000678521
   0.0092482 -0.000982583
-0.000982583  0.000841059
0.000760996 -0.00103034
-0.00103034   0.0108863
0.000590865 0.000368235
0.000368235  0.00180887
 0.0121953  0.0093032
 0.0093032 0.00856033
 0.000542472 -7.80561e-05
-7.80561e-05  0.000576831
 0.0166431 0.00785643
0.00785643 0.00477612
 0.00542375 0.000560829
0.000560829 0.000694823
0.000475336 0.000116197
0.000116197  0.00104945
0.00387042 0.00704463
0.00704463  0.0167377
0.0135624 0.0119304
0.0119304  0.012066
0.000692058 0.000748799
0.000748799  0.00646731
0.0116544 0.0127532
0.0127532 0.0158995
0.00792683  0.0106072
 0.0106072  0.0166994
0.000736949  0.00101614
 0.00101614   0.0114744
 0.000752697 -0.000978163
-0.000978163    0.0100801
 0.0130866 0.00254652
0.00254652 0.00127518
  0.00330059 -0.000306892
-0.000306892  0.000654777
  0.0160948 -0.00159706
-0.00159706  0.00103104
0.0175698  0.014992
 0.014992 0.0145088
  0.0119904 0.000797499
0.000797499 0.000772476
0.0129001 0.0107978
0.0107978 0.0105806
 0.0159954 0.00672679
0.00672679 0.00380474
 0.0125331 0.00310751
0.00310751 0.00158783
  0.00075538 -0.000983145
-0.000983145   0.00977872
0.00123226 0.00292165
0.00292165  0.0165653
 0.000599147 -0.000384151
-0.000384151    0.0023774
0.0123094 0.0110083
0.0110083 0.0114709
0.00181004 0.00357565
0.00357565  0.0122129
 0.000593611 -0.000370039
-0.000370039    0.0022966
 0.000580156 -0.000332946
-0.000332946   0.00297222
0.00626661 0.00789686
0.00789686  0.0122795
 0.00894496 -0.00123601
-0.00123601 0.000921452
 0.00126708 0.000259023
0.000259023 0.000567865
0.00304553 0.00528489
0.00528489  0.0127831
0.000468797 0.000104461
0.000104461 0.000858186
 0.000730429 -0.000839932
-0.000839932   0.00736585
 0.000665511 -0.000544054
-0.000544054   0.00805285
0.000574474 0.000322921
0.000322921  0.00358188
0.00909722  0.0113599
 0.0113599  0.0164665
  0.00215127 -0.000327463
-0.000327463  0.000658156
 0.0130157 0.00530205
0.00530205 0.00311207
 0.000694787 -0.000700669
-0.000700669   0.00755649
  0.0149061 -0.00159992
-0.00159992 0.000997694
 0.000714503 -0.000801661
-0.000801661    0.0113047
0.000656287 0.000151912
0.000151912 0.000555671
 0.0125603 0.00541904
0.00541904 0.00332878
  0.0159665  0.00122454
 0.00122454 0.000856608
 0.000680469 -0.000577812
-0.000577812    0.0111214
0.000778347 -0.00101682
-0.00101682  0.00795704
 0.00366005 0.000232671
0.000232671 0.000613189
0.00815406  0.0103601
 0.0103601  0.0154347
 0.00817475 -0.00111879
-0.00111879 0.000889872
0.000780149 -0.00110006
-0.00110006   0.0104588
  0.0158403  0.00188289
 0.00188289 0.000990259
 0.0118767  0.0036405
 0.0036405 0.00199255
0.000978709  0.00214385
 0.00214385   0.0167094
 0.0133144 0.00414413
0.00414413 0.00214113
0.00248392 0.00451247
0.00451247  0.0122696
0.000677297 0.000662914
0.000662914  0.00971984
 0.00079167 -0.00118592
-0.00118592   0.0120887
0.0106652 0.0125182
0.0125182 0.0168359
0.00612941 0.00898779
0.00898779   0.015944
 0.0156625 0.00463319
0.00463319 0.00221876
  0.00622599 -0.000601886
-0.000601886  0.000740632
 0.000506106 -8.96805e-05
-8.96805e-05   0.00062435
0.0151116 0.0151445
0.0151445 0.0171322
 0.000560537 -0.000228052
-0.000228052   0.00110068
0.000614675 0.000413094
0.000413094  0.00540934
 0.000577577 -0.000298796
-0.000298796   0.00154616
0.00275825 0.00548398
0.00548398  0.0154171
 0.0158104  0.0107835
 0.0107835 0.00867174
   0.012157  -0.0011333
 -0.0011333 0.000870107
0.000790654  0.00128278
 0.00128278   0.0164513
0.0094838 0.0100281
0.0100281 0.0124686
 0.000687782 -0.000671426
-0.000671426   0.00632297
 0.00790869 0.000861463
0.000861463 0.000773148
 0.0030305 0.00592923
0.00592923  0.0159829
0.000781374 -0.00103768
-0.00103768  0.00827911
0.00287666 0.00482373
0.00482373  0.0116754
0.00195488  0.0043417
 0.0043417  0.0156883
 0.0170435 0.00979867
0.00979867 0.00685148
0.00444262 0.00627961
0.00627961  0.0116192
0.000850592 -0.00143317
-0.00143317   0.0141048
0.0165464 0.0123369
0.0123369 0.0106257
  0.0105603 0.000763028
0.000763028 0.000760324
0.0174842 0.0140855
0.0140855  0.012924
 0.00305071  -0.0005027
 -0.0005027 0.000733891
0.000500554  2.9853e-06
 2.9853e-06 0.000552743
0.0163343 0.0151135
0.0151135 0.0158043
   0.01643 0.00396739
0.00396739 0.00178324
0.000433645 5.65427e-06
5.65427e-06 0.000452169
0.000655312 0.000570151
0.000570151  0.00750655
0.000763355 -0.00105694
-0.00105694   0.0136902
  0.00393673 -0.000524848
-0.000524848  0.000724083
0.00110048 0.00228337
0.00228337   0.012516
 0.0122948 0.00259628
0.00259628 0.00134858
0.00710023 0.00857495
0.00857495  0.0125359
 0.0169602 0.00748917
0.00748917 0.00434968
  0.0143478 -0.00106977
-0.00106977 0.000860263
0.000745144  0.00105508
 0.00105508   0.0113481
0.00719092 0.00842324
0.00842324  0.0120112
0.000590219 0.000295922
0.000295922  0.00486225
  0.0130835 -0.00155733
-0.00155733 0.000980634
 0.0165264 0.00696919
0.00696919 0.00393567
0.0166063 0.0130785
0.0130785 0.0117916
0.000666026 0.000580965
0.000580965  0.00967725
  0.00068675 -0.000139925
-0.000139925    0.0155319
0.00368495 0.00593048
0.00593048  0.0127248
0.00355533 0.00585365
0.00585365   0.012918
 0.00449502  0.00053963
 0.00053963 0.000684202
    0.016645 -0.000172309
-0.000172309  0.000798538
0.00161252 0.00381472
0.00381472  0.0168396
0.000767529  0.00018634
 0.00018634 0.000565278
0.000553982   0.0003034
  0.0003034  0.00229353
0.000640267 0.000550301
0.000550301  0.00388398
 0.000448643 -1.22353e-07
-1.22353e-07  0.000454437
  0.0108269 0.000692777
0.000692777 0.000752032
 0.00776532 0.000421536
0.000421536 0.000697432
0.00831768  0.0107558
 0.0107558  0.0162779
  0.00070881 -0.000766887
-0.000766887    0.0114795
 0.00683824 -0.00059165
-0.00059165 0.000740796
0.000782157  0.00129449
 0.00129449   0.0155548
0.000874567 0.000201934
0.000201934 0.000558469
  0.00445014 -0.000643461
-0.000643461  0.000763348
 0.000615017 -0.000378767
-0.000378767   0.00521774
  0.00407961 -0.000600219
-0.000600219   0.00075219
   0.010346 0.000797116
0.000797116  0.00076478
 0.000460817 -1.39002e-05
-1.39002e-05  0.000469039
 0.000516248 -6.00995e-05
-6.00995e-05  0.000558895
 0.000472005 -4.65989e-05
-4.65989e-05  0.000544312
0.00191345 0.00368432
0.00368432  0.0119714
0.000830397 9.58414e-05
9.58414e-05 0.000481308
0.00907576   0.010978
  0.010978  0.0154214
0.0150463 0.0148097
0.0148097 0.0164306
 0.000540162 -0.000167301
-0.000167301  0.000853395
0.0117957  0.012805
 0.012805 0.0158266
