1.58068e-05 1.55366e-07
1.55366e-07 1.48695e-05
 1.72924e-05 -5.76318e-08
-5.76318e-08  1.11841e-05
 1.27171e-05 -4.01886e-08
-4.01886e-08  9.33982e-06
1.58398e-05 1.03306e-07
1.03306e-07 1.09765e-05
 1.93777e-05 -6.81799e-08
-6.81799e-08  1.27082e-05
  1.1107e-05 -1.02757e-07
-1.02757e-07  1.46001e-05
 1.07116e-05 -8.31654e-08
-8.31654e-08  1.61892e-05
 2.79949e-05 -4.32613e-07
-4.32613e-07  1.66872e-05
1.85843e-05 1.16316e-06
1.16316e-06 1.90942e-05
1.33069e-05 7.01951e-07
7.01951e-07  9.1172e-06
  1.0757e-05 -2.07035e-07
-2.07035e-07  9.34003e-06
 1.15764e-05 -2.70954e-07
-2.70954e-07  1.54901e-05
9.73741e-06 1.16926e-07
1.16926e-07 1.37681e-05
 1.07072e-05 -7.39331e-07
-7.39331e-07  1.28924e-05
 1.04623e-05 -1.41142e-07
-1.41142e-07  1.15097e-05
 1.07203e-05 -2.53302e-07
-2.53302e-07  1.18589e-05
 1.55953e-05 -1.76309e-07
-1.76309e-07  1.04749e-05
1.43587e-05 4.63284e-08
4.63284e-08 1.08748e-05
 1.14611e-05 -3.34737e-07
-3.34737e-07  9.93958e-06
1.72867e-05 1.47187e-06
1.47187e-06  1.0314e-05
5.38904e-05 2.62938e-05
2.62938e-05 5.15681e-05
 1.73446e-05 -1.82253e-07
-1.82253e-07  1.19863e-05
 1.08697e-05 -2.15445e-07
-2.15445e-07  1.55016e-05
2.54287e-05 5.70485e-06
5.70485e-06 1.40884e-05
 7.33446e-06 -2.26577e-07
-2.26577e-07  9.83191e-06
 1.59426e-05 -3.21596e-07
-3.21596e-07  1.04941e-05
9.23738e-06 1.40812e-07
1.40812e-07 9.59501e-06
 1.0602e-05 4.63901e-08
4.63901e-08 9.16123e-06
1.62271e-05 1.31604e-07
1.31604e-07 1.12124e-05
 8.10251e-06 -2.35643e-08
-2.35643e-08  8.29929e-06
1.32541e-05 -1.2807e-07
-1.2807e-07 1.10907e-05
 3.48527e-05 -9.00492e-06
-9.00492e-06  1.80999e-05
 8.00733e-06 -1.73124e-07
-1.73124e-07  9.84795e-06
  1.0685e-05 -5.97687e-07
-5.97687e-07  1.00818e-05
1.51553e-05 9.31429e-08
9.31429e-08 1.93124e-05
 1.14841e-05 -3.55009e-07
-3.55009e-07  1.37156e-05
1.87941e-05 2.55113e-08
2.55113e-08  1.1362e-05
1.28854e-05 1.60695e-07
1.60695e-07 2.06707e-05
1.35652e-05 5.11595e-07
5.11595e-07 1.20964e-05
1.65394e-05 -6.5966e-08
-6.5966e-08 1.09091e-05
1.32196e-05 1.50059e-07
1.50059e-07 1.06573e-05
 1.34898e-05 -1.79648e-06
-1.79648e-06  2.39615e-05
  2.7612e-05 -6.95382e-06
-6.95382e-06  1.56083e-05
 2.1635e-05 1.14166e-07
1.14166e-07  1.2979e-05
1.26833e-05  9.4737e-08
 9.4737e-08 1.76234e-05
1.18555e-05 2.37542e-07
2.37542e-07  1.4181e-05
 1.87586e-05 -2.00893e-07
-2.00893e-07  1.20756e-05
1.44102e-05 1.25979e-07
1.25979e-07 1.02662e-05
1.79535e-05 9.21034e-06
9.21034e-06 2.32939e-05
 6.64212e-06 -8.43521e-07
-8.43521e-07  6.70023e-06
1.16633e-05 1.23459e-08
1.23459e-08 1.04249e-05
1.43766e-05 1.71991e-07
1.71991e-07 1.09057e-05
 8.75641e-06 -1.55106e-07
-1.55106e-07  1.32061e-05
1.34559e-05 7.76719e-08
7.76719e-08 2.03436e-05
1.46753e-05 3.09014e-07
3.09014e-07 2.23701e-05
 2.81504e-05 -2.84882e-07
-2.84882e-07  1.67405e-05
 1.53863e-05 -3.91128e-07
-3.91128e-07   1.8521e-05
 1.57245e-05 -4.28455e-09
-4.28455e-09  1.15797e-05
 9.87395e-06 -2.56786e-07
-2.56786e-07  8.88625e-06
1.85562e-05  2.2153e-07
 2.2153e-07  1.1719e-05
8.85591e-06 5.70816e-07
5.70816e-07 7.86652e-06
1.08815e-05 2.30063e-07
2.30063e-07 1.67758e-05
1.09631e-05 3.98392e-07
3.98392e-07 9.66524e-06
 1.80613e-05 -3.35929e-08
-3.35929e-08  1.19415e-05
 8.32134e-06 -5.55331e-07
-5.55331e-07  8.50855e-06
 8.80052e-06 -1.90376e-07
-1.90376e-07  1.26507e-05
1.04905e-05 4.26332e-07
4.26332e-07 1.09679e-05
1.03711e-05 4.31905e-09
4.31905e-09  1.2004e-05
4.31682e-05 1.87084e-05
1.87084e-05 3.18707e-05
  2.0208e-05 -9.40673e-06
-9.40673e-06  3.80322e-05
 9.40036e-06 -6.03963e-07
-6.03963e-07  9.21641e-06
 1.13483e-05 -4.27198e-07
-4.27198e-07  1.07759e-05
1.36628e-05    1.62e-07
   1.62e-07 1.33564e-05
1.14483e-05 5.41831e-07
5.41831e-07 1.47227e-05
 8.97188e-06 -8.94491e-08
-8.94491e-08  1.29327e-05
1.59519e-05 4.74721e-08
4.74721e-08 1.12016e-05
 1.22553e-05 -2.24738e-07
-2.24738e-07  1.68019e-05
 1.11991e-05 -3.09183e-07
-3.09183e-07  1.10807e-05
1.3477e-05  2.808e-07
 2.808e-07 1.0043e-05
 1.22192e-05 -2.22834e-07
-2.22834e-07  1.64215e-05
1.14186e-05  2.2998e-07
 2.2998e-07 1.27338e-05
  1.5957e-05 -2.59516e-07
-2.59516e-07  1.20894e-05
2.09869e-05 2.19689e-07
2.19689e-07  1.2402e-05
  2.162e-05  2.8373e-07
 2.8373e-07 1.53293e-05
 9.54838e-06 -2.36937e-08
-2.36937e-08  8.91388e-06
 9.33439e-06 -3.49277e-07
-3.49277e-07  8.75221e-06
 9.52042e-06 -1.10412e-09
-1.10412e-09   1.4219e-05
7.66639e-06 8.36312e-08
8.36312e-08 8.01504e-06
  1.183e-05 1.02074e-07
1.02074e-07 1.21959e-05
 1.51643e-05 -1.31007e-07
-1.31007e-07  1.09923e-05
1.82659e-05 9.50805e-07
9.50805e-07 1.78336e-05
 1.27205e-05 -2.11329e-07
-2.11329e-07  1.34963e-05
8.61676e-06 2.88163e-08
2.88163e-08  1.1159e-05
3.65522e-05 1.04316e-05
1.04316e-05 1.95166e-05
 7.50015e-06 -2.66078e-07
-2.66078e-07  9.50514e-06
 1.47166e-05 -1.02554e-06
-1.02554e-06  1.23687e-05
 1.3841e-05  4.4578e-08
 4.4578e-08 1.78506e-05
 1.08208e-05 -7.71088e-08
-7.71088e-08  1.21892e-05
 6.61142e-06 -3.04644e-07
-3.04644e-07   6.8193e-06
1.02226e-05 2.29875e-08
2.29875e-08 1.73775e-05
 1.13036e-05 -3.36346e-07
-3.36346e-07  1.08508e-05
9.28386e-06 -2.4286e-07
-2.4286e-07 9.73592e-06
 1.97431e-05 -1.13848e-07
-1.13848e-07   1.2174e-05
 9.31122e-06 -1.88377e-07
-1.88377e-07  1.47694e-05
 1.08345e-05 -5.67858e-07
-5.67858e-07  1.12032e-05
1.34147e-05 3.60584e-07
3.60584e-07 2.16058e-05
 1.69218e-05 -1.27234e-07
-1.27234e-07  1.13942e-05
 1.07507e-05 -1.16435e-08
-1.16435e-08  9.71135e-06
1.27799e-05 1.06707e-07
1.06707e-07 9.80438e-06
7.99451e-06 1.58209e-07
1.58209e-07 8.49609e-06
9.55654e-06 4.16585e-07
4.16585e-07 1.71065e-05
1.74878e-05 3.39329e-07
3.39329e-07 1.16416e-05
 1.33516e-05 -2.60949e-07
-2.60949e-07  1.16451e-05
1.12534e-05 -3.2993e-07
-3.2993e-07 1.15793e-05
 1.10186e-05 -1.69608e-07
-1.69608e-07  1.01366e-05
1.10234e-05 2.74396e-07
2.74396e-07 1.41761e-05
 3.78005e-05 -9.96107e-06
-9.96107e-06  1.93374e-05
 1.17617e-05 -2.31699e-07
-2.31699e-07  1.73808e-05
 1.00953e-05 -3.82951e-08
-3.82951e-08  1.06526e-05
 1.21408e-05 -3.01177e-08
-3.01177e-08  1.68754e-05
8.72255e-06 7.81932e-08
7.81932e-08 8.70329e-06
1.35913e-05 3.08584e-08
3.08584e-08 1.21844e-05
 1.43556e-05 -8.51203e-08
-8.51203e-08  9.97224e-06
1.61607e-05 9.70888e-08
9.70888e-08 1.06215e-05
 1.41976e-05 -5.14177e-07
-5.14177e-07   1.0209e-05
 9.5327e-06 3.73187e-08
3.73187e-08 1.26029e-05
 2.05839e-05 -1.83265e-07
-1.83265e-07  1.24344e-05
1.18859e-05 1.20673e-07
1.20673e-07  9.6967e-06
1.01054e-05 5.13571e-08
5.13571e-08  1.6807e-05
1.88043e-05 8.70785e-08
8.70785e-08 1.14812e-05
 1.01726e-05 -8.29203e-08
-8.29203e-08  9.27545e-06
1.60407e-05 5.27435e-07
5.27435e-07  2.3396e-05
2.16072e-05 5.71059e-08
5.71059e-08 1.29108e-05
1.54558e-05 7.44911e-06
7.44911e-06 3.34331e-05
1.24802e-05 2.57738e-07
2.57738e-07 1.52236e-05
1.16347e-05 5.61563e-07
5.61563e-07 1.06421e-05
 1.47115e-05 -2.38194e-06
-2.38194e-06  2.76972e-05
 1.81082e-05 -1.01593e-07
-1.01593e-07  1.44094e-05
 4.05674e-05 -1.06133e-05
-1.06133e-05  2.55279e-05
 2.77136e-05 -1.36811e-05
-1.36811e-05  2.81367e-05
1.22005e-05 6.97431e-07
6.97431e-07  1.6253e-05
  1.3363e-05 -2.43251e-06
-2.43251e-06  1.66227e-05
 8.79632e-06 -5.37445e-08
-5.37445e-08   1.0963e-05
1.05025e-05 2.84895e-06
2.84895e-06 1.94783e-05
  1.3811e-05 -8.57737e-08
-8.57737e-08  1.14866e-05
9.20135e-06    1.81e-07
   1.81e-07 8.88744e-06
1.14884e-05 5.51815e-07
5.51815e-07 1.68701e-05
 1.37778e-05 -4.43383e-08
-4.43383e-08  1.13739e-05
 1.53381e-05 -1.51646e-07
-1.51646e-07  2.16271e-05
1.86273e-05 3.20447e-06
3.20447e-06 1.12359e-05
  8.5324e-06 -5.12499e-07
-5.12499e-07  8.73638e-06
 1.87424e-05 -1.39795e-08
-1.39795e-08  1.24629e-05
 1.02732e-05 -1.32604e-07
-1.32604e-07  9.17649e-06
2.61004e-05 1.87896e-06
1.87896e-06 1.26631e-05
1.42545e-05 1.58954e-07
1.58954e-07  1.7326e-05
  1.1859e-05 -1.85217e-07
-1.85217e-07   1.5775e-05
7.67829e-06 1.13344e-07
1.13344e-07 7.81589e-06
1.66433e-05 3.71684e-06
3.71684e-06 1.14468e-05
 1.06284e-05 -1.12173e-07
-1.12173e-07  9.64788e-06
 9.33347e-06 -1.37508e-07
-1.37508e-07  9.16357e-06
 1.71916e-05 -1.04756e-07
-1.04756e-07  1.20992e-05
1.53343e-05  4.9241e-06
 4.9241e-06 2.49673e-05
1.85678e-05 2.15762e-08
2.15762e-08 1.15275e-05
 1.66063e-05 -1.39843e-06
-1.39843e-06  1.32496e-05
1.24572e-05 -4.8833e-09
-4.8833e-09 1.42987e-05
1.29054e-05 8.88787e-08
8.88787e-08  1.9259e-05
 1.15572e-05 -9.91118e-07
-9.91118e-07  1.59584e-05
1.04792e-05 2.38503e-07
2.38503e-07 1.01273e-05
 1.08878e-05 -1.12477e-07
-1.12477e-07  1.01749e-05
 1.42761e-05 -9.85319e-08
-9.85319e-08  1.08577e-05
 7.35064e-06 -2.54957e-07
-2.54957e-07   9.0321e-06
 1.02245e-05 -7.07621e-08
-7.07621e-08   1.0114e-05
 9.51017e-06 -3.63663e-07
-3.63663e-07   8.8512e-06
 1.69733e-05 -1.04991e-06
-1.04991e-06  1.37434e-05
 1.54531e-05 -7.45059e-08
-7.45059e-08  1.16127e-05
9.02496e-06 1.34186e-07
1.34186e-07 9.21608e-06
 1.56025e-05 -2.27598e-08
-2.27598e-08  1.18387e-05
1.24353e-05 7.65961e-07
7.65961e-07 1.09508e-05
 1.0823e-05 4.08264e-08
4.08264e-08 1.45595e-05
 2.70658e-05 -7.33777e-07
-7.33777e-07  1.62488e-05
1.02094e-05 5.17503e-07
5.17503e-07 1.17211e-05
 1.5636e-05 2.33286e-07
2.33286e-07 1.05662e-05
 9.74991e-06 -1.87514e-07
-1.87514e-07  1.20151e-05
 8.70444e-06 -1.66611e-07
-1.66611e-07  9.35061e-06
 2.77189e-05 -7.21939e-06
-7.21939e-06  1.58885e-05
 1.15689e-05 -2.42231e-07
-2.42231e-07  1.62244e-05
1.05221e-05 3.77442e-07
3.77442e-07 9.51037e-06
