1.78955e-05 4.77562e-07
4.77562e-07 1.16083e-05
1.95656e-05 4.68522e-07
4.68522e-07 1.23898e-05
1.97006e-05  2.9921e-07
 2.9921e-07 1.26922e-05
 1.92319e-05 -5.13528e-08
-5.13528e-08  1.29249e-05
 1.82702e-05 -5.79024e-07
-5.79024e-07  1.32301e-05
 1.67953e-05 -1.10302e-06
-1.10302e-06  1.36902e-05
 1.50024e-05 -1.43115e-06
-1.43115e-06  1.44342e-05
  1.3188e-05 -1.29059e-06
-1.29059e-06   1.5402e-05
 1.18701e-05 -6.74115e-07
-6.74115e-07  1.63408e-05
1.13116e-05 1.86136e-07
1.86136e-07 1.64907e-05
1.14383e-05  6.0957e-07
 6.0957e-07 1.60347e-05
1.18534e-05 5.02933e-07
5.02933e-07 1.56966e-05
1.20798e-05 1.55708e-07
1.55708e-07 1.58661e-05
1.21872e-05 7.33978e-09
7.33978e-09 1.63982e-05
1.22824e-05 2.55401e-07
2.55401e-07 1.70508e-05
1.27827e-05 8.64885e-07
8.64885e-07 1.71333e-05
1.39336e-05 1.58971e-06
1.58971e-06 1.65484e-05
1.56562e-05 2.24231e-06
2.24231e-06 1.54962e-05
1.76311e-05 2.73707e-06
2.73707e-06 1.44889e-05
1.93119e-05 3.08967e-06
3.08967e-06 1.41138e-05
1.96913e-05 3.21448e-06
3.21448e-06 1.40659e-05
1.85996e-05 2.83248e-06
2.83248e-06 1.42885e-05
1.67192e-05 1.73994e-06
1.73994e-06 1.48831e-05
1.53781e-05 -3.5749e-08
-3.5749e-08 1.55019e-05
 1.56017e-05 -2.28965e-06
-2.28965e-06  1.64039e-05
 1.68043e-05 -4.19753e-06
-4.19753e-06   1.7054e-05
  1.7435e-05 -4.91239e-06
-4.91239e-06  1.75954e-05
 1.66019e-05 -3.94104e-06
-3.94104e-06  1.78285e-05
1.55565e-05 -1.8279e-06
-1.8279e-06 1.79349e-05
1.57445e-05 5.94604e-07
5.94604e-07 1.78327e-05
1.74063e-05 2.61626e-06
2.61626e-06 1.76633e-05
1.98878e-05 3.89831e-06
3.89831e-06 1.75357e-05
2.24902e-05 4.39879e-06
4.39879e-06 1.73113e-05
2.48204e-05 4.21231e-06
4.21231e-06 1.68893e-05
2.68413e-05 3.52875e-06
3.52875e-06 1.63872e-05
2.84181e-05 2.51431e-06
2.51431e-06 1.59029e-05
2.89972e-05 1.38191e-06
1.38191e-06 1.53341e-05
2.84173e-05 2.89815e-07
2.89815e-07 1.52254e-05
   2.626e-05 -3.93726e-07
-3.93726e-07   1.5339e-05
 2.32581e-05 -4.02772e-07
-4.02772e-07  1.58825e-05
2.04808e-05  4.9172e-07
 4.9172e-07 1.67685e-05
1.91107e-05 2.31071e-06
2.31071e-06 1.80339e-05
1.95457e-05 4.55472e-06
4.55472e-06 1.90423e-05
2.13423e-05 6.59697e-06
6.59697e-06 2.02007e-05
2.26745e-05 7.07541e-06
7.07541e-06 1.97449e-05
2.27993e-05 6.22812e-06
6.22812e-06 1.88032e-05
2.19474e-05 4.70141e-06
4.70141e-06 1.77597e-05
2.07335e-05 3.18103e-06
3.18103e-06 1.70924e-05
1.93814e-05 1.83648e-06
1.83648e-06  1.6796e-05
1.80124e-05 5.87662e-07
5.87662e-07 1.70185e-05
 1.67393e-05 -7.61435e-07
-7.61435e-07  1.73914e-05
  1.6007e-05 -2.40231e-06
-2.40231e-06  1.81987e-05
 1.62022e-05 -4.48939e-06
-4.48939e-06  1.93605e-05
 1.74834e-05 -6.85695e-06
-6.85695e-06  2.05787e-05
 1.92715e-05 -8.77474e-06
-8.77474e-06  2.11852e-05
 2.03768e-05 -9.36046e-06
-9.36046e-06  2.07652e-05
 1.99636e-05 -8.20422e-06
-8.20422e-06  1.89691e-05
 1.88065e-05 -6.35275e-06
-6.35275e-06  1.69693e-05
 1.76555e-05 -4.58304e-06
-4.58304e-06  1.52607e-05
 1.68084e-05 -3.32259e-06
-3.32259e-06  1.42622e-05
 1.57005e-05 -2.24492e-06
-2.24492e-06  1.36295e-05
1.43695e-05 -1.1976e-06
-1.1976e-06 1.34625e-05
1.32765e-05  6.4864e-09
 6.4864e-09 1.34656e-05
1.27261e-05 1.15363e-06
1.15363e-06  1.3552e-05
 1.2298e-05 1.71994e-06
1.71994e-06 1.37064e-05
 1.1603e-05 1.64076e-06
1.64076e-06 1.45305e-05
1.08604e-05 9.79753e-07
9.79753e-07 1.52299e-05
1.07135e-05 4.45616e-07
4.45616e-07 1.54102e-05
1.12833e-05  3.6971e-07
 3.6971e-07  1.4577e-05
1.24111e-05 5.53474e-07
5.53474e-07 1.35737e-05
1.37377e-05 6.46602e-07
6.46602e-07 1.30048e-05
1.48826e-05 4.96892e-07
4.96892e-07 1.28377e-05
1.57202e-05 1.70771e-07
1.70771e-07 1.28859e-05
 1.63147e-05 -1.47578e-07
-1.47578e-07  1.29922e-05
 1.67132e-05 -2.58907e-07
-2.58907e-07  1.30691e-05
 1.68236e-05 -1.18121e-07
-1.18121e-07  1.30963e-05
1.66122e-05 3.38879e-07
3.38879e-07 1.31502e-05
1.62003e-05 1.15963e-06
1.15963e-06 1.33305e-05
1.59468e-05 2.39801e-06
2.39801e-06 1.36887e-05
1.64794e-05 4.23594e-06
4.23594e-06 1.45359e-05
1.79186e-05 6.51556e-06
6.51556e-06 1.57179e-05
1.96875e-05 8.92759e-06
8.92759e-06 1.73885e-05
1.98121e-05 1.01224e-05
1.01224e-05 1.86791e-05
 1.6364e-05 8.28212e-06
8.28212e-06 1.81719e-05
1.27328e-05 5.59456e-06
5.59456e-06 1.71884e-05
1.04573e-05 3.05148e-06
3.05148e-06  1.6178e-05
9.34866e-06 8.75504e-07
8.75504e-07  1.5141e-05
 9.14364e-06 -5.70357e-07
-5.70357e-07  1.46649e-05
 9.44014e-06 -1.62624e-06
-1.62624e-06  1.47746e-05
 1.00753e-05 -2.68609e-06
-2.68609e-06  1.52108e-05
 1.09839e-05 -3.75521e-06
-3.75521e-06  1.55082e-05
 1.25193e-05 -4.66205e-06
-4.66205e-06  1.55313e-05
 1.42645e-05 -5.08916e-06
-5.08916e-06  1.51187e-05
 1.59025e-05 -4.94592e-06
-4.94592e-06  1.44242e-05
 1.72533e-05 -4.40667e-06
-4.40667e-06  1.37315e-05
 1.82937e-05 -3.71862e-06
-3.71862e-06  1.32367e-05
 1.90413e-05 -3.07822e-06
-3.07822e-06  1.28964e-05
 1.94332e-05 -2.64472e-06
-2.64472e-06  1.26335e-05
 1.96913e-05 -2.42459e-06
-2.42459e-06  1.23482e-05
 1.97345e-05 -2.40024e-06
-2.40024e-06  1.18996e-05
1.12524e-05 2.40747e-06
2.40747e-06  1.9651e-05
 1.0965e-05 1.38802e-06
1.38802e-06 1.88022e-05
1.09617e-05 6.34418e-07
6.34418e-07 1.77799e-05
1.10574e-05 1.98178e-07
1.98178e-07 1.69795e-05
 1.10348e-05 -4.33384e-08
-4.33384e-08    1.655e-05
 1.08643e-05 -3.01772e-07
-3.01772e-07  1.65654e-05
  1.0667e-05 -7.55837e-07
-7.55837e-07  1.69625e-05
 1.05461e-05 -1.35787e-06
-1.35787e-06  1.73602e-05
 1.06481e-05 -2.02976e-06
-2.02976e-06  1.76085e-05
  1.0963e-05 -2.59857e-06
-2.59857e-06  1.76079e-05
1.13809e-05 -2.9083e-06
-2.9083e-06 1.73471e-05
 1.18969e-05 -2.92047e-06
-2.92047e-06  1.69389e-05
   1.247e-05 -2.67538e-06
-2.67538e-06  1.65207e-05
 1.27142e-05 -1.98032e-06
-1.98032e-06  1.60343e-05
 1.28337e-05 -1.00471e-06
-1.00471e-06  1.55735e-05
 1.32626e-05 -7.76329e-08
-7.76329e-08  1.52976e-05
1.37755e-05 8.27003e-07
8.27003e-07 1.51855e-05
1.43316e-05   1.534e-06
  1.534e-06 1.50947e-05
1.48343e-05 1.87375e-06
1.87375e-06 1.49813e-05
1.51767e-05 1.78645e-06
1.78645e-06 1.47839e-05
1.54403e-05 1.29511e-06
1.29511e-06  1.4572e-05
1.55442e-05 6.22891e-07
6.22891e-07 1.42433e-05
 1.56115e-05 -7.98111e-08
-7.98111e-08  1.40546e-05
 1.55398e-05 -6.46422e-07
-6.46422e-07  1.39685e-05
 1.52258e-05 -9.22751e-07
-9.22751e-07  1.39642e-05
 1.46749e-05 -7.94697e-07
-7.94697e-07  1.39839e-05
 1.40516e-05 -2.59771e-07
-2.59771e-07  1.39077e-05
1.36283e-05 5.40677e-07
5.40677e-07 1.38592e-05
1.34289e-05 1.32664e-06
1.32664e-06 1.38272e-05
1.32044e-05 1.78025e-06
1.78025e-06 1.38536e-05
1.27053e-05 1.68714e-06
1.68714e-06 1.39431e-05
1.20433e-05 1.09365e-06
1.09365e-06 1.41064e-05
1.15128e-05 2.66364e-07
2.66364e-07 1.42882e-05
 1.12465e-05 -4.63409e-07
-4.63409e-07  1.45624e-05
 1.11954e-05 -9.49051e-07
-9.49051e-07  1.49385e-05
1.13199e-05 -1.1832e-06
-1.1832e-06  1.4877e-05
 1.17021e-05 -1.18755e-06
-1.18755e-06  1.46565e-05
1.22989e-05 -9.9658e-07
-9.9658e-07 1.41956e-05
 1.29935e-05 -6.59269e-07
-6.59269e-07  1.36336e-05
 1.37033e-05 -2.28283e-07
-2.28283e-07  1.33562e-05
1.42784e-05  2.7596e-07
 2.7596e-07 1.32375e-05
1.46131e-05 7.65034e-07
7.65034e-07 1.32389e-05
1.46808e-05  1.1709e-06
 1.1709e-06 1.33889e-05
1.44338e-05  1.4349e-06
 1.4349e-06 1.34811e-05
1.39862e-05 1.52979e-06
1.52979e-06 1.37483e-05
1.33625e-05 1.45528e-06
1.45528e-06 1.39286e-05
1.27003e-05 1.23101e-06
1.23101e-06 1.40473e-05
1.20525e-05 9.30005e-07
9.30005e-07 1.41447e-05
1.14474e-05 7.10497e-07
7.10497e-07   1.439e-05
1.08973e-05  8.2049e-07
 8.2049e-07 1.48662e-05
1.05831e-05 1.50648e-06
1.50648e-06 1.57767e-05
1.07576e-05 2.73557e-06
2.73557e-06 1.70491e-05
 1.1334e-05 3.85456e-06
3.85456e-06 1.81181e-05
1.17633e-05 3.81342e-06
3.81342e-06  1.7739e-05
1.21501e-05 2.93554e-06
2.93554e-06   1.672e-05
1.27963e-05 1.88924e-06
1.88924e-06 1.56413e-05
1.35935e-05 9.21385e-07
9.21385e-07 1.50031e-05
1.46039e-05  -8.259e-08
 -8.259e-08 1.50219e-05
 1.61695e-05 -1.19875e-06
-1.19875e-06  1.52811e-05
 1.84627e-05 -2.33753e-06
-2.33753e-06  1.51007e-05
 2.11845e-05 -2.96006e-06
-2.96006e-06  1.51338e-05
 2.36726e-05 -3.16169e-06
-3.16169e-06  1.52352e-05
 2.54851e-05 -3.16675e-06
-3.16675e-06  1.54963e-05
  2.6655e-05 -3.22989e-06
-3.22989e-06  1.58858e-05
 2.75699e-05 -3.48747e-06
-3.48747e-06  1.63458e-05
 2.82054e-05 -3.79212e-06
-3.79212e-06  1.67669e-05
 2.83564e-05 -4.01863e-06
-4.01863e-06  1.71701e-05
  2.7692e-05 -4.13531e-06
-4.13531e-06   1.7607e-05
 2.65673e-05 -4.46691e-06
-4.46691e-06  1.82997e-05
 2.55393e-05 -5.34869e-06
-5.34869e-06  1.91795e-05
 2.55727e-05 -6.89505e-06
-6.89505e-06  2.05941e-05
 2.68548e-05 -8.95175e-06
-8.95175e-06  2.20658e-05
 2.89913e-05 -1.09281e-05
-1.09281e-05  2.30354e-05
 3.11075e-05 -1.22065e-05
-1.22065e-05  2.32922e-05
 3.23057e-05 -1.25096e-05
-1.25096e-05  2.28967e-05
3.23785e-05 -1.2136e-05
-1.2136e-05 2.23385e-05
 3.12848e-05 -1.14713e-05
-1.14713e-05   2.1898e-05
 2.90457e-05 -1.06099e-05
-1.06099e-05  2.16061e-05
 2.58547e-05 -9.57623e-06
-9.57623e-06  2.15529e-05
 2.21633e-05 -8.27856e-06
-8.27856e-06  2.19777e-05
  1.8462e-05 -6.50602e-06
-6.50602e-06   2.2293e-05
 1.55855e-05 -4.11945e-06
-4.11945e-06  2.27611e-05
  1.4122e-05 -1.38843e-06
-1.38843e-06  2.33338e-05
1.40461e-05 1.22178e-06
1.22178e-06 2.35104e-05
1.48677e-05 3.21309e-06
3.21309e-06 2.29691e-05
1.65543e-05 5.20318e-06
5.20318e-06 2.33812e-05
1.78827e-05 6.04476e-06
6.04476e-06 2.27938e-05
1.93305e-05 6.76745e-06
6.76745e-06 2.28054e-05
1.91719e-05 5.93019e-06
5.93019e-06 2.18057e-05
1.91605e-05 5.17852e-06
5.17852e-06 2.13362e-05
 1.8715e-05 3.96122e-06
3.96122e-06 2.07236e-05
1.83557e-05 2.64124e-06
2.64124e-06  2.0215e-05
1.82094e-05 1.28383e-06
1.28383e-06  1.9734e-05
 1.83847e-05 -3.86125e-08
-3.86125e-08  1.92443e-05
1.89008e-05 -1.2775e-06
-1.2775e-06 1.87107e-05
 1.98631e-05 -2.30506e-06
-2.30506e-06    1.824e-05
 2.08483e-05 -3.33215e-06
-3.33215e-06   1.7526e-05
 2.18742e-05 -4.25359e-06
-4.25359e-06  1.67408e-05
 2.30257e-05 -5.03647e-06
-5.03647e-06  1.59564e-05
 2.39135e-05 -5.82088e-06
-5.82088e-06  1.50542e-05
1.40882e-05 6.57783e-06
6.57783e-06 2.42517e-05
1.18328e-05 3.47191e-06
3.47191e-06 2.22183e-05
1.10827e-05 1.37376e-06
1.37376e-06 2.03028e-05
1.10542e-05 8.93549e-08
8.93549e-08 1.88854e-05
1.13403e-05 -7.3072e-07
-7.3072e-07 1.78563e-05
 1.17575e-05 -1.24626e-06
-1.24626e-06  1.70226e-05
 1.21692e-05 -1.49766e-06
-1.49766e-06  1.63229e-05
 1.24272e-05 -1.55839e-06
-1.55839e-06  1.58364e-05
 1.24589e-05 -1.59609e-06
-1.59609e-06  1.56221e-05
 1.23904e-05 -1.79002e-06
-1.79002e-06   1.5642e-05
 1.23654e-05 -2.12294e-06
-2.12294e-06  1.57081e-05
  1.3283e-05 -2.93869e-06
-2.93869e-06  1.60003e-05
 1.40705e-05 -3.58345e-06
-3.58345e-06  1.61637e-05
1.38784e-05 -3.3931e-06
-3.3931e-06 1.57515e-05
 1.36231e-05 -3.06596e-06
-3.06596e-06  1.52909e-05
 1.33118e-05 -2.77536e-06
-2.77536e-06  1.49786e-05
  1.2692e-05 -2.38518e-06
-2.38518e-06  1.47119e-05
 1.23505e-05 -2.52288e-06
-2.52288e-06  1.55172e-05
 1.14031e-05 -1.83442e-06
-1.83442e-06  1.57055e-05
 1.07119e-05 -9.59051e-07
-9.59051e-07  1.56424e-05
  1.0368e-05 -2.35144e-07
-2.35144e-07  1.54937e-05
1.02044e-05 3.10706e-07
3.10706e-07 1.56725e-05
1.01893e-05 9.64538e-07
9.64538e-07 1.61329e-05
1.05628e-05 1.78699e-06
1.78699e-06  1.6375e-05
1.13736e-05 2.36614e-06
2.36614e-06 1.58819e-05
1.24531e-05 2.50306e-06
2.50306e-06 1.52111e-05
1.35929e-05 2.29558e-06
2.29558e-06 1.44724e-05
1.48092e-05  1.9878e-06
 1.9878e-06 1.40926e-05
1.59952e-05 1.64076e-06
1.64076e-06 1.38157e-05
1.71024e-05 1.30046e-06
1.30046e-06 1.37301e-05
1.80108e-05 9.92096e-07
9.92096e-07  1.3734e-05
1.86343e-05 7.68251e-07
7.68251e-07 1.38029e-05
1.89007e-05 6.71633e-07
6.71633e-07  1.3926e-05
1.87624e-05 7.03221e-07
7.03221e-07 1.41147e-05
1.80911e-05  7.5298e-07
 7.5298e-07 1.41625e-05
1.72772e-05  9.0385e-07
 9.0385e-07 1.45473e-05
 1.6346e-05 1.05797e-06
1.05797e-06 1.49719e-05
1.55525e-05 1.21805e-06
1.21805e-06 1.53829e-05
1.50847e-05 1.37121e-06
1.37121e-06 1.56496e-05
 1.4923e-05  1.4098e-06
 1.4098e-06 1.54513e-05
1.50943e-05 1.26282e-06
1.26282e-06 1.52226e-05
1.52687e-05 8.50999e-07
8.50999e-07 1.48213e-05
1.54074e-05 2.79105e-07
2.79105e-07 1.44084e-05
 1.54253e-05 -5.80539e-07
-5.80539e-07  1.41716e-05
 1.55445e-05 -1.65415e-06
-1.65415e-06  1.41523e-05
 1.59107e-05 -2.79036e-06
-2.79036e-06  1.43133e-05
  1.6292e-05 -3.65634e-06
-3.65634e-06  1.44423e-05
 1.62868e-05 -3.85131e-06
-3.85131e-06  1.43702e-05
 1.57495e-05 -3.20869e-06
-3.20869e-06  1.39443e-05
 1.51646e-05 -2.01931e-06
-2.01931e-06  1.32489e-05
 1.51222e-05 -7.73328e-07
-7.73328e-07  1.25396e-05
1.56266e-05 2.05146e-07
2.05146e-07 1.19846e-05
1.62181e-05 7.65765e-07
7.65765e-07 1.14605e-05
1.63221e-05 8.91458e-07
8.91458e-07 1.11396e-05
1.55577e-05 6.80643e-07
6.80643e-07 1.09639e-05
1.40648e-05 3.50363e-07
3.50363e-07 1.10343e-05
  1.226e-05 1.82688e-07
1.82688e-07  1.1331e-05
1.07091e-05 3.82167e-07
3.82167e-07 1.19509e-05
9.73512e-06 8.69751e-07
8.69751e-07 1.26298e-05
9.30157e-06 1.19939e-06
1.19939e-06 1.28237e-05
9.22717e-06 1.06398e-06
1.06398e-06 1.24347e-05
9.44948e-06  6.9412e-07
 6.9412e-07 1.15131e-05
1.00565e-05 5.28173e-07
5.28173e-07 1.07056e-05
1.08609e-05 6.22679e-07
6.22679e-07 1.00426e-05
1.15798e-05 8.36763e-07
8.36763e-07 9.75359e-06
1.18718e-05 1.05251e-06
1.05251e-06 9.67348e-06
1.16293e-05 1.18683e-06
1.18683e-06  9.7983e-06
1.09786e-05  1.2079e-06
 1.2079e-06 1.00729e-05
1.01736e-05 1.08883e-06
1.08883e-06 1.05095e-05
9.46659e-06 8.06927e-07
8.06927e-07 1.10072e-05
8.98717e-06 5.20688e-07
5.20688e-07 1.11567e-05
8.76579e-06 3.68449e-07
3.68449e-07  1.1069e-05
8.68066e-06 3.71177e-07
3.71177e-07 1.08411e-05
8.72667e-06 4.09747e-07
4.09747e-07 1.07486e-05
8.82763e-06 3.23524e-07
3.23524e-07 1.05428e-05
9.04622e-06 5.55603e-09
5.55603e-09 1.02399e-05
 9.43295e-06 -4.16519e-07
-4.16519e-07  9.80876e-06
 9.88539e-06 -7.92977e-07
-7.92977e-07  9.39232e-06
 1.01766e-05 -9.68618e-07
-9.68618e-07  9.10411e-06
 1.01006e-05 -9.13324e-07
-9.13324e-07  9.00352e-06
 9.61733e-06 -7.04991e-07
-7.04991e-07  9.13302e-06
 8.89792e-06 -3.86908e-07
-3.86908e-07  9.36825e-06
 8.30944e-06 -4.61003e-11
-4.61003e-11   9.6784e-06
7.91009e-06 3.44531e-07
3.44531e-07 9.91799e-06
7.73572e-06 6.29099e-07
6.29099e-07 9.94674e-06
 7.4559e-06 6.65967e-07
6.65967e-07  9.7817e-06
7.26164e-06  6.4875e-07
 6.4875e-07 9.79212e-06
6.93916e-06 4.46128e-07
4.46128e-07 1.00345e-05
 6.60823e-06 -1.25249e-08
-1.25249e-08  1.05532e-05
6.31852e-06 -7.2458e-07
-7.2458e-07 1.09938e-05
 6.40216e-06 -1.35274e-06
-1.35274e-06  1.12219e-05
 6.71601e-06 -1.65136e-06
-1.65136e-06  1.11358e-05
 7.05409e-06 -1.58321e-06
-1.58321e-06  1.08319e-05
7.40454e-06 -1.3534e-06
-1.3534e-06 1.05266e-05
 7.81325e-06 -1.21598e-06
-1.21598e-06  1.03858e-05
 8.32355e-06 -1.32171e-06
-1.32171e-06  1.03818e-05
 8.98771e-06 -1.66645e-06
-1.66645e-06  1.03699e-05
 9.8138e-06 -2.1089e-06
-2.1089e-06 1.03046e-05
  1.0655e-05 -2.53478e-06
-2.53478e-06  1.01671e-05
 1.13515e-05 -2.88006e-06
-2.88006e-06  1.00015e-05
9.75667e-06 3.14862e-06
3.14862e-06 1.17578e-05
9.31814e-06 2.55961e-06
2.55961e-06  1.1828e-05
9.04313e-06 1.97622e-06
1.97622e-06 1.18405e-05
8.94869e-06 1.50942e-06
1.50942e-06 1.17623e-05
9.06322e-06 1.22885e-06
1.22885e-06 1.16768e-05
9.27289e-06 1.22074e-06
1.22074e-06 1.16287e-05
9.44322e-06 1.42504e-06
1.42504e-06  1.1751e-05
9.48559e-06 1.65506e-06
1.65506e-06  1.2089e-05
 9.4097e-06 1.68865e-06
1.68865e-06 1.25139e-05
9.35729e-06  1.4141e-06
 1.4141e-06 1.27695e-05
9.52761e-06 9.40918e-07
9.40918e-07 1.26941e-05
1.00526e-05 5.00687e-07
5.00687e-07 1.24089e-05
1.08491e-05  1.9386e-07
 1.9386e-07 1.20988e-05
1.16243e-05 2.45226e-08
2.45226e-08 1.17985e-05
 1.21781e-05 -4.64054e-08
-4.64054e-08  1.16323e-05
 1.25453e-05 -3.73847e-08
-3.73847e-08  1.16786e-05
 1.29215e-05 -9.91413e-09
-9.91413e-09  1.18994e-05
1.30939e-05 1.71906e-07
1.71906e-07  1.2133e-05
1.32222e-05 4.94894e-07
4.94894e-07 1.22285e-05
1.34012e-05 7.98286e-07
7.98286e-07 1.21515e-05
1.37421e-05 8.86318e-07
8.86318e-07 1.20569e-05
 1.4097e-05 6.92533e-07
6.92533e-07 1.19579e-05
1.41749e-05 3.62123e-07
3.62123e-07 1.18106e-05
 1.40349e-05 -9.10822e-08
-9.10822e-08  1.16629e-05
 1.36704e-05 -4.78018e-07
-4.78018e-07   1.1655e-05
 1.31792e-05 -8.03127e-07
-8.03127e-07  1.18279e-05
 1.25024e-05 -9.49996e-07
-9.49996e-07  1.20016e-05
 1.17858e-05 -9.97571e-07
-9.97571e-07  1.22203e-05
   1.113e-05 -1.01829e-06
-1.01829e-06  1.23529e-05
1.07008e-05 -1.1327e-06
-1.1327e-06 1.24698e-05
 1.05318e-05 -1.31705e-06
-1.31705e-06  1.23134e-05
 1.06131e-05 -1.46703e-06
-1.46703e-06  1.19247e-05
 1.07879e-05 -1.44506e-06
-1.44506e-06   1.1364e-05
 1.08425e-05 -1.19196e-06
-1.19196e-06  1.07728e-05
1.06657e-05  -8.042e-07
 -8.042e-07 1.03926e-05
 1.02103e-05 -3.86653e-07
-3.86653e-07  1.02812e-05
9.56447e-06 -8.1154e-08
-8.1154e-08 1.04713e-05
 8.91303e-06 -1.54076e-08
-1.54076e-08  1.10554e-05
 8.41962e-06 -1.57998e-07
-1.57998e-07  1.15621e-05
 8.21181e-06 -3.68579e-07
-3.68579e-07   1.1739e-05
 8.27015e-06 -4.50094e-07
-4.50094e-07  1.15799e-05
 8.48864e-06 -3.57814e-07
-3.57814e-07  1.13191e-05
 8.72259e-06 -1.74884e-07
-1.74884e-07  1.10827e-05
8.87914e-06 8.20696e-08
8.20696e-08 1.12198e-05
8.92966e-06 5.31122e-07
5.31122e-07   1.166e-05
9.10277e-06 1.26095e-06
1.26095e-06 1.24311e-05
9.57727e-06  2.1342e-06
 2.1342e-06 1.32259e-05
1.02992e-05 2.79108e-06
2.79108e-06 1.35906e-05
1.10618e-05 2.99459e-06
2.99459e-06 1.36356e-05
1.17244e-05 2.69313e-06
2.69313e-06  1.3407e-05
 1.2379e-05  2.0628e-06
 2.0628e-06 1.31454e-05
1.31727e-05 1.27468e-06
1.27468e-06 1.29289e-05
1.42187e-05 4.40046e-07
4.40046e-07 1.24277e-05
1.57162e-05 -2.8109e-07
-2.8109e-07 1.22319e-05
 1.75094e-05 -8.37052e-07
-8.37052e-07  1.21002e-05
 1.93847e-05 -1.19216e-06
-1.19216e-06  1.20116e-05
 2.07742e-05 -1.29185e-06
-1.29185e-06  1.18746e-05
2.13659e-05 -1.2105e-06
-1.2105e-06 1.18977e-05
 2.09781e-05 -1.08407e-06
-1.08407e-06  1.20141e-05
 1.98098e-05 -9.62861e-07
-9.62861e-07  1.22705e-05
 1.83334e-05 -9.24616e-07
-9.24616e-07  1.25879e-05
 1.70462e-05 -9.67535e-07
-9.67535e-07  1.30287e-05
 1.60664e-05 -1.01356e-06
-1.01356e-06  1.32906e-05
 1.54054e-05 -9.20129e-07
-9.20129e-07  1.33411e-05
 1.49381e-05 -5.65673e-07
-5.65673e-07  1.32859e-05
1.45094e-05 8.15076e-08
8.15076e-08 1.31222e-05
1.41521e-05 9.79747e-07
9.79747e-07 1.30739e-05
1.39509e-05 2.04868e-06
2.04868e-06 1.32363e-05
1.39334e-05  3.1889e-06
 3.1889e-06 1.37168e-05
1.38936e-05 4.21158e-06
4.21158e-06 1.43504e-05
1.35641e-05 4.87473e-06
4.87473e-06  1.5156e-05
1.27099e-05 4.79689e-06
4.79689e-06 1.56397e-05
1.16133e-05 3.95481e-06
3.95481e-06 1.55095e-05
1.08387e-05 2.81715e-06
2.81715e-06 1.48455e-05
1.05661e-05 1.94332e-06
1.94332e-06 1.40492e-05
1.05204e-05 1.44679e-06
1.44679e-06 1.37354e-05
 1.0424e-05 1.03089e-06
1.03089e-06 1.38764e-05
1.04311e-05 4.53514e-07
4.53514e-07 1.41075e-05
 1.08683e-05 -1.06134e-07
-1.06134e-07  1.39955e-05
 1.17655e-05 -2.73273e-07
-2.73273e-07  1.35681e-05
 1.22433e-05 -5.57774e-07
-5.57774e-07  1.25071e-05
  1.3137e-05 -1.19327e-07
-1.19327e-07  1.22798e-05
1.37775e-05 2.63485e-07
2.63485e-07 1.21926e-05
1.38795e-05  3.5661e-07
 3.5661e-07 1.21354e-05
1.39637e-05 6.35369e-07
6.35369e-07 1.23443e-05
1.36604e-05 8.27928e-07
8.27928e-07 1.27104e-05
1.30482e-05 8.39347e-07
8.39347e-07 1.32953e-05
1.20034e-05 4.71185e-07
4.71185e-07 1.38992e-05
 1.13907e-05 -3.92379e-08
-3.92379e-08  1.46317e-05
 1.09588e-05 -8.11335e-07
-8.11335e-07  1.52726e-05
 1.08487e-05 -1.39798e-06
-1.39798e-06   1.5555e-05
 1.10737e-05 -1.72962e-06
-1.72962e-06  1.57626e-05
 1.12515e-05 -1.76941e-06
-1.76941e-06  1.58713e-05
 1.13664e-05 -1.64689e-06
-1.64689e-06  1.60816e-05
  1.1456e-05 -1.43671e-06
-1.43671e-06  1.63589e-05
1.15721e-05 -1.1623e-06
-1.1623e-06  1.6661e-05
 1.17037e-05 -8.22028e-07
-8.22028e-07  1.69587e-05
 1.17762e-05 -5.20643e-07
-5.20643e-07  1.72383e-05
 1.18558e-05 -2.83887e-07
-2.83887e-07  1.77062e-05
 1.18952e-05 -2.62305e-07
-2.62305e-07  1.82497e-05
