     0.0004 1.65159e-14
1.65159e-14      0.0004
0.000418509  2.9565e-06
 2.9565e-06 0.000436535
0.000419221 2.30428e-06
2.30428e-06 0.000438714
0.000420203 2.06537e-06
2.06537e-06 0.000443728
0.000421093 1.99898e-06
1.99898e-06 0.000451381
0.000421802 1.82005e-06
1.82005e-06 0.000461302
 0.00042251 1.22315e-06
1.22315e-06 0.000474552
0.000423517  8.1074e-08
 8.1074e-08 0.000490654
 0.000425008 -1.21493e-06
-1.21493e-06  0.000507763
0.000427617   -3.66e-06
  -3.66e-06 0.000529219
  0.00043005 -5.22931e-06
-5.22931e-06  0.000550826
 0.000431678 -5.25636e-06
-5.25636e-06  0.000573352
 0.000433347 -4.93012e-06
-4.93012e-06  0.000598285
   0.0004347 -3.36684e-06
-3.36684e-06  0.000624919
 0.000435878 -9.70984e-07
-9.70984e-07  0.000652271
0.000437591  1.3779e-06
 1.3779e-06  0.00068272
0.000439862 3.47221e-06
3.47221e-06  0.00071425
0.000442699 5.35152e-06
5.35152e-06 0.000750294
0.000445389 6.35595e-06
6.35595e-06 0.000788348
0.000448096 6.69485e-06
6.69485e-06 0.000828734
0.000450569 6.11861e-06
6.11861e-06 0.000870433
0.000452701 4.60791e-06
4.60791e-06 0.000914056
 0.00045496 3.08648e-06
3.08648e-06  0.00096036
0.000457384 2.02182e-06
2.02182e-06  0.00101014
0.000459373 1.25718e-06
1.25718e-06  0.00106223
0.000461057 1.19315e-06
1.19315e-06  0.00111686
0.000462662 1.89067e-06
1.89067e-06  0.00117386
 0.00046475 3.16729e-06
3.16729e-06  0.00123235
0.000467674 4.94293e-06
4.94293e-06  0.00129511
0.000470108 5.47357e-06
5.47357e-06  0.00135866
0.000472122 4.69317e-06
4.69317e-06  0.00142349
0.000473871 3.24976e-06
3.24976e-06  0.00149206
0.000475864 1.40675e-06
1.40675e-06  0.00156285
 0.000478305 -2.49163e-07
-2.49163e-07    0.0016375
 0.000481138 -1.84179e-06
-1.84179e-06   0.00171559
 0.000483937 -2.49417e-06
-2.49417e-06    0.0017937
 0.000487039 -2.80035e-06
-2.80035e-06   0.00187368
 0.000490442 -2.87758e-06
-2.87758e-06   0.00195589
 0.000494043 -2.63108e-06
-2.63108e-06   0.00203955
 0.000497769 -2.38154e-06
-2.38154e-06   0.00212761
 0.000501458 -2.03951e-06
-2.03951e-06   0.00221854
 0.000504719 -1.93405e-06
-1.93405e-06   0.00231172
 0.000507636 -1.98867e-06
-1.98867e-06   0.00240762
  0.00051041 -2.03844e-06
-2.03844e-06    0.0025068
 0.000512686 -2.63332e-06
-2.63332e-06   0.00260788
 0.000515023 -3.53056e-06
-3.53056e-06   0.00271148
 0.000517305 -4.57959e-06
-4.57959e-06   0.00281737
 0.000519821 -5.71713e-06
-5.71713e-06   0.00292629
 0.000522429 -6.79277e-06
-6.79277e-06    0.0030374
 0.000525209 -7.42949e-06
-7.42949e-06   0.00315168
 0.000528372 -7.17658e-06
-7.17658e-06   0.00326963
 0.000532541 -5.59236e-06
-5.59236e-06   0.00339237
 0.000537702 -4.24563e-06
-4.24563e-06   0.00351387
 0.000543278 -3.51027e-06
-3.51027e-06   0.00363921
 0.000548489 -4.73655e-06
-4.73655e-06   0.00376423
  0.00055481 -6.24269e-06
-6.24269e-06    0.0038918
 0.000560967 -7.46816e-06
-7.46816e-06   0.00402346
  0.00056652 -1.12127e-05
-1.12127e-05    0.0041515
 0.000573889 -1.36321e-05
-1.36321e-05   0.00428811
 0.000581544 -1.57136e-05
-1.57136e-05    0.0044267
 0.000590056 -1.69312e-05
-1.69312e-05   0.00456777
 0.000598321 -1.72315e-05
-1.72315e-05   0.00471185
 0.000605382 -1.72062e-05
-1.72062e-05   0.00485917
 0.000609518 -2.10899e-05
-2.10899e-05   0.00500215
 0.000615723 -2.61491e-05
-2.61491e-05   0.00515182
 0.000619353 -2.92998e-05
-2.92998e-05     0.005303
 0.000625785 -3.29807e-05
-3.29807e-05    0.0054612
 0.000627837 -3.59299e-05
-3.59299e-05   0.00561992
 0.000630589 -3.82474e-05
-3.82474e-05   0.00578366
 0.000633772 -4.22913e-05
-4.22913e-05   0.00594734
  0.00064006 -4.76602e-05
-4.76602e-05   0.00611639
 0.000652428 -5.96422e-05
-5.96422e-05   0.00629737
  0.00066595 -6.96866e-05
-6.96866e-05   0.00647433
 0.000681495 -8.21072e-05
-8.21072e-05   0.00666038
 0.000693916 -8.88591e-05
-8.88591e-05   0.00684246
 0.000694377 -7.87256e-05
-7.87256e-05   0.00700097
 0.000697374 -7.66046e-05
-7.66046e-05   0.00717505
 0.000701259 -7.72431e-05
-7.72431e-05   0.00736303
 0.000702705 -7.86666e-05
-7.86666e-05   0.00754742
 0.000702184 -8.02098e-05
-8.02098e-05   0.00773575
 0.000700373 -8.06094e-05
-8.06094e-05   0.00792562
 0.000699032 -8.03882e-05
-8.03882e-05   0.00811966
 0.000699638 -7.93875e-05
-7.93875e-05   0.00831613
  0.00070524 -7.31306e-05
-7.31306e-05   0.00852725
 0.000710611 -7.16929e-05
-7.16929e-05    0.0087291
  0.00071612 -7.18637e-05
-7.18637e-05   0.00892346
 0.000720496 -7.51327e-05
-7.51327e-05   0.00912322
 0.000722645 -8.05693e-05
-8.05693e-05   0.00932538
 0.000722259 -8.80924e-05
-8.80924e-05   0.00952962
 0.000721423 -9.49503e-05
-9.49503e-05    0.0097385
 0.000721363 -9.75607e-05
-9.75607e-05   0.00996157
 0.000721769 -0.000103234
-0.000103234    0.0101777
 0.000722903 -0.000108989
-0.000108989    0.0103955
 0.000725463 -0.000113174
-0.000113174    0.0106201
0.000728589 -0.00011774
-0.00011774   0.0108447
 0.000732351 -0.000122078
-0.000122078     0.011072
 0.000736472 -0.000126273
-0.000126273     0.011302
 0.000740662 -0.000130396
-0.000130396    0.0115348
 0.000744668 -0.000134486
-0.000134486    0.0117703
 0.000749107 -0.000139042
-0.000139042    0.0120093
  0.0122502 0.000142789
0.000142789 0.000752038
  0.0122452 1.92833e-05
1.92833e-05 0.000743277
   0.0122423 -0.000103064
-0.000103064   0.00073836
   0.0122406 -0.000223835
-0.000223835   0.00073652
   0.0122398 -0.000344323
-0.000344323  0.000738557
   0.0122395 -0.000464417
-0.000464417  0.000743691
   0.0122391 -0.000583094
-0.000583094  0.000750423
   0.0122396 -0.000702167
-0.000702167  0.000761029
   0.0122399 -0.000821375
-0.000821375  0.000774989
   0.0122412 -0.000941815
-0.000941815   0.00079327
  0.0122422 -0.00106191
-0.00106191 0.000813796
  0.0122448 -0.00118322
-0.00118322 0.000838524
  0.0122466 -0.00130272
-0.00130272 0.000863278
  0.0122503 -0.00142324
-0.00142324 0.000891401
  0.0122519  -0.0015416
 -0.0015416 0.000920227
  0.0122538 -0.00166007
-0.00166007 0.000951977
  0.0122558 -0.00177813
-0.00177813  0.00098629
  0.0122589 -0.00189762
-0.00189762  0.00102547
   0.012261 -0.00201541
-0.00201541  0.00106618
  0.0122639 -0.00213316
-0.00213316  0.00110954
  0.0122668 -0.00224983
-0.00224983  0.00115327
  0.0122699 -0.00236711
-0.00236711   0.0012003
  0.0122734 -0.00248492
-0.00248492   0.0012524
  0.0122775 -0.00260218
-0.00260218  0.00130684
  0.0122819 -0.00272012
-0.00272012   0.0013633
  0.0122863 -0.00283847
-0.00283847  0.00142069
 0.0122905 -0.0029565
-0.0029565 0.00147795
  0.0122945 -0.00307461
-0.00307461  0.00153894
  0.0122985 -0.00319299
-0.00319299  0.00160428
  0.0123021 -0.00331148
-0.00331148  0.00167291
  0.0123062 -0.00342934
-0.00342934  0.00174083
  0.0123095 -0.00354729
-0.00354729  0.00181372
  0.0123125 -0.00366517
-0.00366517  0.00188986
   0.012316 -0.00378344
-0.00378344  0.00196901
   0.012319 -0.00390065
-0.00390065  0.00204731
   0.012321 -0.00401756
-0.00401756  0.00213013
  0.0123229 -0.00413417
-0.00413417  0.00221552
  0.0123249 -0.00425064
-0.00425064  0.00230464
  0.0123278 -0.00436749
-0.00436749  0.00239671
  0.0123314 -0.00448487
-0.00448487  0.00248389
  0.0123345 -0.00460218
-0.00460218  0.00257778
  0.0123374 -0.00471983
-0.00471983   0.0026713
  0.0123397 -0.00483778
-0.00483778  0.00276974
 0.0123425 -0.0049571
-0.0049571 0.00287116
  0.0123448 -0.00507599
-0.00507599  0.00297662
  0.0123487 -0.00519625
-0.00519625  0.00308579
  0.0123518 -0.00531429
-0.00531429  0.00319349
  0.0123544 -0.00543151
-0.00543151  0.00330348
   0.012356 -0.00554705
-0.00554705  0.00341381
  0.0123582 -0.00566316
-0.00566316  0.00353044
  0.0123615 -0.00577876
-0.00577876  0.00364569
   0.012366 -0.00589525
-0.00589525   0.0037657
  0.0123704 -0.00601186
-0.00601186  0.00388666
  0.0123739 -0.00612918
-0.00612918  0.00400933
  0.0123757 -0.00624653
-0.00624653  0.00413423
  0.0123763 -0.00636373
-0.00636373  0.00426231
  0.0123765 -0.00648078
-0.00648078   0.0043933
   0.012377 -0.00659747
-0.00659747  0.00452809
  0.0123783 -0.00671415
-0.00671415  0.00467026
  0.0123802 -0.00683074
-0.00683074  0.00480762
0.0123823 -0.006948
-0.006948  0.004947
   0.012385 -0.00706535
-0.00706535  0.00508852
  0.0123882 -0.00718231
-0.00718231   0.0052325
  0.0123917 -0.00729886
-0.00729886  0.00538009
  0.012395 -0.0074158
-0.0074158 0.00552882
  0.0123975 -0.00753245
-0.00753245  0.00567937
  0.0123992 -0.00764911
-0.00764911  0.00583326
  0.0124002 -0.00776595
-0.00776595  0.00598925
   0.012401 -0.00788285
-0.00788285  0.00614806
  0.0124019 -0.00800001
-0.00800001   0.0063102
   0.012403 -0.00811725
-0.00811725   0.0064736
  0.0124045 -0.00823424
-0.00823424  0.00663803
  0.0124062 -0.00835101
-0.00835101  0.00680507
   0.012408 -0.00846801
-0.00846801  0.00697405
  0.0124101 -0.00858476
-0.00858476  0.00714666
  0.0124123 -0.00870181
-0.00870181  0.00732157
 0.0124148 -0.0088192
-0.0088192 0.00749964
  0.0124174 -0.00893634
-0.00893634  0.00767956
  0.0124195 -0.00905371
-0.00905371  0.00786345
  0.0124205 -0.00917043
-0.00917043  0.00804798
  0.0124206 -0.00928721
-0.00928721  0.00823568
    0.01242 -0.00940368
-0.00940368  0.00842597
  0.0124195 -0.00951994
-0.00951994  0.00861778
  0.0124194 -0.00963629
-0.00963629  0.00881182
  0.0124196 -0.00975279
-0.00975279  0.00900818
 0.0124201 -0.0098695
-0.0098695 0.00920693
   0.01242 -0.0099868
-0.0099868 0.00940862
 0.0124202  -0.010104
 -0.010104 0.00961247
 0.0124204 -0.0102216
-0.0102216 0.00981894
 0.0124211 -0.0103391
-0.0103391  0.0100285
 0.0124219 -0.0104565
-0.0104565  0.0102411
 0.0124228 -0.0105738
-0.0105738  0.0104548
 0.0124236 -0.0106904
-0.0106904  0.0106713
 0.0124244 -0.0108071
-0.0108071  0.0108893
 0.0124255 -0.0109238
-0.0109238  0.0111102
 0.0124268 -0.0110407
-0.0110407  0.0113343
 0.0124282 -0.0111584
-0.0111584    0.01156
   0.01243 -0.0112759
-0.0112759  0.0117886
  0.012432 -0.0113933
-0.0113933  0.0120197
 0.0124338 -0.0115107
-0.0115107  0.0122534
0.0124896 0.0116279
0.0116279 0.0124352
0.0124877 0.0115094
0.0115094 0.0122017
 0.012486  0.011391
 0.011391 0.0119698
0.0124847 0.0112725
0.0112725 0.0117412
0.0124837 0.0111543
0.0111543  0.011515
0.0124832 0.0110363
0.0110363 0.0112918
0.0124826 0.0109191
0.0109191 0.0110698
0.0124819  0.010802
 0.010802  0.010852
 0.012481 0.0106849
0.0106849 0.0106355
0.0124799 0.0105673
0.0105673 0.0104226
0.0124792 0.0104494
0.0104494 0.0102095
 0.0124785  0.0103314
 0.0103314 0.00999763
 0.0124787  0.0102134
 0.0102134 0.00978802
  0.012479  0.0100951
 0.0100951 0.00958405
 0.0124785 0.00997757
0.00997757 0.00938161
  0.012478 0.00985958
0.00985958 0.00918171
 0.0124781 0.00974111
0.00974111 0.00898553
 0.0124767 0.00962411
0.00962411 0.00878916
 0.0124757 0.00950724
0.00950724 0.00859643
 0.0124749 0.00939016
0.00939016 0.00840407
  0.012474 0.00927221
0.00927221  0.0082153
 0.0124728 0.00915434
0.00915434 0.00802931
 0.0124705 0.00903546
0.00903546 0.00784461
 0.0124682  0.0089173
 0.0089173 0.00766312
 0.0124657 0.00879856
0.00879856 0.00748576
 0.0124626 0.00868066
0.00868066 0.00730908
 0.0124593 0.00856225
0.00856225 0.00713598
 0.0124559 0.00844411
0.00844411 0.00696585
 0.0124528 0.00832647
0.00832647  0.0067981
 0.0124501  0.0082085
 0.0082085 0.00663354
 0.0124477 0.00809086
0.00809086 0.00646914
 0.0124458 0.00797327
0.00797327 0.00630496
  0.012444 0.00785567
0.00785567 0.00614388
 0.0124421 0.00773848
0.00773848 0.00598601
 0.0124399 0.00762123
0.00762123  0.0058293
 0.0124373 0.00750395
0.00750395 0.00567553
 0.0124344 0.00738655
0.00738655 0.00552437
 0.0124314 0.00726894
0.00726894 0.00537581
 0.0124286 0.00715135
0.00715135 0.00523277
 0.0124262 0.00703333
0.00703333 0.00508866
 0.0124242 0.00691552
0.00691552 0.00494673
 0.0124224 0.00679796
0.00679796 0.00480719
 0.0124206 0.00668069
0.00668069 0.00467085
 0.0124188  0.0065635
 0.0065635 0.00453405
 0.0124166 0.00644665
0.00644665 0.00440052
 0.0124144 0.00632994
0.00632994 0.00427102
 0.0124128 0.00621359
0.00621359 0.00414413
 0.0124116 0.00609735
0.00609735 0.00402021
 0.0124106 0.00598085
0.00598085 0.00389896
 0.0124088 0.00586145
0.00586145 0.00377212
 0.0124072 0.00574236
0.00574236 0.00365011
 0.0124063 0.00562403
0.00562403 0.00353361
 0.0124061 0.00550544
0.00550544 0.00342002
 0.0124066 0.00538691
0.00538691 0.00330847
 0.0124074 0.00526765
0.00526765 0.00319015
 0.0124084 0.00514964
0.00514964 0.00308206
 0.0124085 0.00503193
0.00503193 0.00297739
 0.0124067 0.00491374
0.00491374 0.00287573
  0.012403 0.00479556
0.00479556 0.00277621
  0.012398 0.00467762
0.00467762  0.0026771
 0.0123926 0.00455945
0.00455945 0.00258298
 0.0123869 0.00444006
0.00444006 0.00249047
 0.0123823 0.00432145
0.00432145 0.00239962
 0.0123778 0.00420316
0.00420316 0.00231129
 0.0123731 0.00408518
0.00408518 0.00222424
 0.0123678 0.00396777
0.00396777 0.00214275
 0.0123627 0.00385145
0.00385145 0.00206574
 0.0123585 0.00373497
0.00373497 0.00198882
 0.0123553 0.00361909
0.00361909 0.00191629
 0.0123522 0.00350279
0.00350279 0.00184604
 0.0123482 0.00338292
0.00338292 0.00177248
  0.012346 0.00326586
0.00326586 0.00170839
 0.0123427 0.00314477
0.00314477 0.00163902
 0.0123403 0.00302382
0.00302382 0.00157176
 0.0123386 0.00290353
0.00290353 0.00150756
 0.0123367 0.00278291
0.00278291 0.00144577
 0.0123348 0.00266213
0.00266213 0.00138729
 0.0123336 0.00254172
0.00254172  0.0013325
 0.0123321 0.00242037
0.00242037 0.00127757
 0.0123317 0.00230102
0.00230102 0.00122678
 0.0123307 0.00218102
0.00218102 0.00117651
 0.0123301 0.00206231
0.00206231 0.00113196
 0.0123275 0.00194187
0.00194187 0.00108889
 0.0123251 0.00182084
0.00182084 0.00104735
 0.0123238   0.001701
  0.001701 0.00100975
 0.0123221 0.00158147
0.00158147 0.00097554
  0.0123196  0.00146174
 0.00146174 0.000944784
  0.0123168  0.00134146
 0.00134146 0.000916906
  0.0123153  0.00122106
 0.00122106 0.000891366
 0.0123142 0.00110063
0.00110063 0.00086825
  0.0123117 0.000980061
0.000980061 0.000847824
    0.01231 0.000860308
0.000860308 0.000828464
  0.0123082  0.00074119
 0.00074119 0.000812152
  0.0123047 0.000622784
0.000622784 0.000800089
  0.0123028 0.000503582
0.000503582 0.000789403
  0.0123011 0.000384347
0.000384347 0.000781645
  0.0122997 0.000265505
0.000265505 0.000777337
  0.0122983 0.000146742
0.000146742 0.000776014
  0.0122968 2.76022e-05
2.76022e-05 0.000777063
   0.0122964 -9.26199e-05
-9.26199e-05  0.000781084
0.000787908 0.000213203
0.000213203   0.0122963
0.000786298 0.000209226
0.000209226   0.0120535
0.000784088 0.000204196
0.000204196   0.0118133
0.000780329 0.000199303
0.000199303   0.0115757
0.000775476 0.000194218
0.000194218   0.0113392
0.000769803  0.00018918
 0.00018918   0.0111069
0.000763751 0.000184328
0.000184328   0.0108775
0.000757722 0.000180177
0.000180177   0.0106493
0.000752601 0.000176257
0.000176257    0.010425
0.000748468 0.000172895
0.000172895   0.0102005
0.000745356 0.000168557
0.000168557  0.00998079
0.000742352  0.00016364
 0.00016364  0.00976603
0.000739268 0.000158299
0.000158299  0.00955586
0.000735876 0.000154072
0.000154072  0.00934576
  0.0007328 0.000150057
0.000150057  0.00913838
0.000730379 0.000146569
0.000146569  0.00892818
0.000728903  0.00014292
 0.00014292  0.00872286
0.000728177 0.000139823
0.000139823  0.00852148
0.000727862 0.000136397
0.000136397  0.00832136
0.000726749 0.000133043
0.000133043  0.00812415
0.000723356 0.000129524
0.000129524  0.00792988
 0.00071713 0.000125423
0.000125423  0.00773857
0.000709394 0.000120405
0.000120405  0.00754753
0.000702437 0.000114629
0.000114629  0.00736261
0.000698084 0.000107832
0.000107832  0.00717983
0.000696086 0.000100775
0.000100775  0.00700039
0.000693588 9.49939e-05
9.49939e-05  0.00682398
 0.00068613 9.58737e-05
9.58737e-05  0.00664189
0.000679577 9.56387e-05
9.56387e-05   0.0064685
0.000674934 9.64337e-05
9.64337e-05  0.00630085
0.000672838 9.64586e-05
9.64586e-05  0.00613168
0.000671318    9.55e-05
   9.55e-05  0.00596081
0.000669906 9.28353e-05
9.28353e-05  0.00579629
0.000667125 8.92196e-05
8.92196e-05  0.00562923
0.000664618  8.5798e-05
 8.5798e-05  0.00547443
0.000661945 8.10548e-05
8.10548e-05  0.00531671
0.000658443 7.62765e-05
7.62765e-05  0.00516199
0.000653166 7.16685e-05
7.16685e-05  0.00501039
0.000645128 6.72696e-05
6.72696e-05  0.00486058
0.000635869 6.44498e-05
6.44498e-05  0.00471435
0.000627372 6.33684e-05
6.33684e-05  0.00457238
0.000621226 6.40991e-05
6.40991e-05  0.00443361
0.000618513 6.63171e-05
6.63171e-05  0.00429971
0.000617385 6.82067e-05
6.82067e-05   0.0041679
0.000615029 6.60486e-05
6.60486e-05  0.00403136
0.000610029 6.14519e-05
6.14519e-05  0.00389678
0.000603779 5.64703e-05
5.64703e-05  0.00376564
0.000596824 5.14834e-05
5.14834e-05  0.00363707
0.000589977 4.65313e-05
4.65313e-05  0.00351482
0.000583022 4.27114e-05
4.27114e-05  0.00339325
0.000577389 3.82181e-05
3.82181e-05  0.00327897
0.000572366 3.42258e-05
3.42258e-05  0.00316484
0.000569641  2.7434e-05
 2.7434e-05  0.00305895
0.00056766 2.2282e-05
2.2282e-05 0.00294877
0.000566263 1.89327e-05
1.89327e-05  0.00283916
0.000562613 1.92118e-05
1.92118e-05  0.00272858
0.000556578 2.20999e-05
2.20999e-05  0.00261895
 0.00055077 2.46221e-05
2.46221e-05   0.0025133
0.000545813 2.61637e-05
2.61637e-05  0.00241161
0.000541509 2.66692e-05
2.66692e-05  0.00231362
0.000536476 2.69761e-05
2.69761e-05  0.00221875
 0.00053144 2.71064e-05
2.71064e-05   0.0021283
0.000526474 2.74268e-05
2.74268e-05   0.0020397
0.000522094  2.7654e-05
 2.7654e-05  0.00195374
0.000517505 2.69077e-05
2.69077e-05  0.00187039
0.000512224 2.52613e-05
2.52613e-05  0.00179093
0.000506704 2.30615e-05
2.30615e-05  0.00171279
 0.00050261 2.08244e-05
2.08244e-05  0.00163771
0.000499731 1.91745e-05
1.91745e-05  0.00156253
0.000497433 1.82639e-05
1.82639e-05  0.00148881
0.000495346 1.72294e-05
1.72294e-05  0.00141861
0.000492941 1.59306e-05
1.59306e-05  0.00135188
0.000490572 1.43149e-05
1.43149e-05  0.00128806
0.000488176 1.26753e-05
1.26753e-05  0.00122639
0.000485725 1.13913e-05
1.13913e-05  0.00116709
0.000482909 1.05456e-05
1.05456e-05  0.00111031
0.000479862 1.02486e-05
1.02486e-05  0.00105577
0.000476582 1.05134e-05
1.05134e-05  0.00100395
0.000473694 1.16521e-05
1.16521e-05 0.000955519
0.000472064 1.37092e-05
1.37092e-05  0.00090991
0.000472398 1.70776e-05
1.70776e-05 0.000868008
0.000474164 2.15824e-05
2.15824e-05 0.000829896
0.000474862 2.55421e-05
2.55421e-05 0.000795619
0.000465909 2.01461e-05
2.01461e-05 0.000755545
 0.00045754 1.42703e-05
1.42703e-05 0.000717741
0.000450512 7.94139e-06
7.94139e-06 0.000681318
0.000445367 2.36103e-06
2.36103e-06 0.000645645
 0.000442223 -1.15901e-06
-1.15901e-06   0.00061608
 0.000440151 -3.09363e-06
-3.09363e-06  0.000587209
 0.000438517 -5.04105e-06
-5.04105e-06  0.000562394
 0.000437327 -5.99207e-06
-5.99207e-06  0.000538096
 0.000437046 -7.28066e-06
-7.28066e-06  0.000516329
 0.000437175 -7.69593e-06
-7.69593e-06  0.000496002
 0.000437267 -7.10339e-06
-7.10339e-06  0.000477982
 0.000437496 -6.17812e-06
-6.17812e-06  0.000462445
 0.000437595 -5.16314e-06
-5.16314e-06  0.000449508
 0.000437449 -4.30312e-06
-4.30312e-06  0.000439015
 0.000437177 -3.95732e-06
-3.95732e-06  0.000431074
 0.000436568 -3.71505e-06
-3.71505e-06  0.000424841
 0.000436098 -3.86234e-06
-3.86234e-06  0.000420909
