 0.000630978 -0.000289075
-0.000289075   0.00497264
0.0113349 -0.012816
-0.012816 0.0166533
0.000492288 4.07853e-05
4.07853e-05 0.000464044
0.00869436 -0.0110275
-0.0110275  0.0164845
  0.00341922 -0.000528014
-0.000528014  0.000621186
  0.0160532 -0.00342562
-0.00342562  0.00150933
  0.016343 -0.0085038
-0.0085038 0.00548516
  0.0118719  0.00135007
 0.00135007 0.000933733
 0.00700004 0.000561341
0.000561341 0.000689402
 0.0134999 -0.0136507
-0.0136507   0.015658
 0.000747252 -0.000463661
-0.000463661    0.0103121
0.000503511 8.84286e-05
8.84286e-05 0.000620346
  0.0122572 -0.00869766
-0.00869766  0.00747792
  0.0119816 -0.00227568
-0.00227568  0.00117693
   0.0099198 -0.000581798
-0.000581798  0.000725144
0.000475039 6.06356e-05
6.06356e-05 0.000586294
 0.000834925 -0.000785604
-0.000785604    0.0161749
 0.00428604 -0.00722888
-0.00722888   0.0161001
 0.000537413 -0.000170982
-0.000170982   0.00223507
 0.0134197 -0.0137924
-0.0137924  0.0160886
  0.0007432 7.50768e-05
7.50768e-05 0.000723224
 0.00186454 -0.00340963
-0.00340963   0.0119299
  0.0162325 -0.00813426
-0.00813426  0.00511103
0.000464412 4.25562e-06
4.25562e-06 0.000480888
 0.0155551 -0.0133347
-0.0133347  0.0129624
  0.00082405 -0.000654341
-0.000654341    0.0161497
  0.0123419 -0.00165138
-0.00165138 0.000940855
 0.00585882 -0.00766559
-0.00766559   0.0126298
 0.00445289 -0.00745855
-0.00745855   0.0163743
  0.0154396 -0.00969642
-0.00969642  0.00725941
 0.00390207 -0.00678192
-0.00678192   0.0159076
0.000861681 0.000354655
0.000354655   0.0167461
 0.0159608 -0.0118233
-0.0118233  0.0101005
0.000475994 6.90518e-05
6.90518e-05 0.000694881
0.000717927 -0.00059689
-0.00059689  0.00686177
   0.012198 -0.00309638
-0.00309638  0.00156898
0.000552134 8.66183e-05
8.66183e-05 0.000521081
   0.016651 -0.00644215
-0.00644215  0.00342921
 0.000686829 -0.000311162
-0.000311162   0.00730314
 0.0075473 -0.0102148
-0.0102148  0.0165538
 0.00117712 -0.00243806
-0.00243806   0.0161163
    0.016371 -0.000488187
-0.000488187     0.000788
  0.0008398 0.000343093
0.000343093   0.0162606
  0.00224583 -0.000475598
-0.000475598  0.000624747
 0.000589805 -0.000337087
-0.000337087   0.00187732
 0.00474211 0.000375222
0.000375222 0.000603529
 0.00221647 0.000427771
0.000427771 0.000612969
0.00688629 -0.0082276
-0.0082276  0.0121547
 0.0157394 -0.0144995
-0.0144995  0.0150955
 0.0127974 -0.0116296
-0.0116296  0.0121789
  0.00199481 -0.000263717
-0.000263717  0.000528819
0.000938941 0.000170178
0.000170178 0.000515237
 0.0163968 -0.0126205
-0.0126205  0.0111138
  0.0117395 -0.00396161
-0.00396161  0.00220061
 0.000787346 -0.000860768
-0.000860768   0.00818219
  0.0118061  0.00135411
 0.00135411 0.000935316
0.000693819 0.000560805
0.000560805   0.0043321
  0.00243917 -0.000391554
-0.000391554  0.000576144
  0.0128923 -0.00281558
-0.00281558  0.00136912
 0.00456302 -0.00762955
-0.00762955   0.0166532
 0.000753966 -0.000350547
-0.000350547    0.0117884
  0.0119799 -0.00817926
-0.00817926  0.00686188
0.000929694 -0.00149183
-0.00149183   0.0157132
 0.00186322 -0.00405988
-0.00405988   0.0165625
 0.0119837 -0.0109614
-0.0109614   0.011666
 0.0163727 -0.0121297
-0.0121297  0.0103391
  0.00049111 -0.000120896
-0.000120896  0.000969267
 0.00415406 0.000310904
0.000310904  0.00057707
0.000560241 4.14264e-06
4.14264e-06 0.000559831
0.00101912 0.00152235
0.00152235  0.0142802
 0.000530511 -8.63676e-05
-8.63676e-05  0.000501681
 0.000765048 -0.000640928
-0.000640928     0.010272
0.000614354 0.000351466
0.000351466  0.00338828
 0.000538226 -0.000216377
-0.000216377   0.00125759
 0.0164271 -0.0119644
-0.0119644  0.0100495
0.00944872 -0.0115653
-0.0115653  0.0165419
  0.0162141 -0.00556442
-0.00556442  0.00278818
 0.000816143 -0.000944788
-0.000944788    0.0111924
 0.00771071 -0.00883329
-0.00883329   0.0123034
   0.016181 -0.00544562
-0.00544562  0.00270357
  0.0156515 -0.00622424
-0.00622424  0.00339085
 0.00266908 -0.00456811
-0.00456811   0.0121823
 0.00102552 0.000247168
0.000247168 0.000576827
 0.00786991 -0.00080673
-0.00080673 0.000736159
0.00548865 -0.0074379
-0.0074379   0.012804
  0.0127852 -0.00233054
-0.00233054  0.00116201
  0.016429 -0.0103534
-0.0103534 0.00772312
  0.015492 -0.0105187
-0.0105187 0.00838491
  0.0127558 -0.00619732
-0.00619732  0.00401184
 0.00145408 -0.00318589
-0.00318589   0.0163123
 0.00580498 0.000602033
0.000602033 0.000674128
 0.000572036 -0.000275152
-0.000275152    0.0027102
 0.0159904  -0.010348
 -0.010348 0.00790616
0.000499749 3.76996e-06
3.76996e-06 0.000529016
 0.0158165 -0.0126284
-0.0126284  0.0115154
  0.0105215 -0.00103724
-0.00103724 0.000798912
 0.000608693 -0.000388051
-0.000388051   0.00291246
0.000472452 5.34903e-05
5.34903e-05 0.000549283
0.0153194  -0.01232
 -0.01232 0.0113393
 0.0168294  -0.010901
 -0.010901 0.00829535
  0.00379554 -0.000272493
-0.000272493  0.000553556
 0.00173551 -0.00370216
-0.00370216   0.0152854
 0.00123124 0.000277184
0.000277184 0.000575192
 0.0166226 -0.0124534
-0.0124534  0.0107031
0.000482235  7.6623e-05
 7.6623e-05 0.000682471
 0.000614502 -0.000361984
-0.000361984   0.00163187
 0.0106077 -0.0123739
-0.0123739  0.0166842
0.000522007 -0.00016097
-0.00016097  0.00178995
 0.00637215 -0.00793361
-0.00793361   0.0123245
 0.0125669 -0.0103414
-0.0103414 0.00998712
 0.0166161 -0.0133942
-0.0133942  0.0122684
 0.00109892 -0.00217995
-0.00217995   0.0166725
0.00271104  -0.005329
 -0.005329  0.0158364
0.000539907 0.000190873
0.000190873  0.00186288
 0.00196568 0.000237682
0.000237682 0.000527606
  0.0159911 -0.00168132
-0.00168132  0.00092425
 0.00087319 0.000383739
0.000383739   0.0169689
  0.0163826 -0.00327991
-0.00327991  0.00143674
  0.0127634 -0.00772812
-0.00772812  0.00582195
  0.0163432 -0.00424574
-0.00424574  0.00191496
 0.00588283 -0.00854782
-0.00854782   0.0153877
0.000749847 0.000530535
0.000530535   0.0082962
0.000519836 5.86364e-05
5.86364e-05 0.000482069
 0.0119156 -0.0130825
-0.0130825  0.0164391
 0.00133877 -0.00251526
-0.00251526   0.0122641
  0.0161104 -0.00947722
-0.00947722  0.00670953
   0.0013274 -0.000320104
-0.000320104  0.000586503
 0.00551684 -0.00837584
-0.00837584   0.0159322
 0.0168244 -0.0111232
-0.0111232 0.00860623
 0.00580581 -0.00730187
-0.00730187   0.0117272
  0.0073441 -0.00979457
-0.00979457   0.0156782
0.000797364 0.000828994
0.000828994  0.00642498
 0.00402444 -0.00581805
-0.00581805   0.0116066
 0.016965 -0.014597
-0.014597  0.014201
0.000841814 0.000900241
0.000900241   0.0102986
 0.000698781 -0.000138881
-0.000138881  0.000513431
0.000978608  0.00140805
 0.00140805    0.012656
 0.00447936 0.000595298
0.000595298 0.000658802
  0.0145304  0.00142197
 0.00142197 0.000967156
0.000918317  0.00099165
 0.00099165   0.0156076
0.000562577  0.00024598
 0.00024598  0.00144014
   0.015133 0.000100176
0.000100176 0.000757657
   0.012581 -0.00907799
-0.00907799  0.00786288
 0.0161801 -0.0140577
-0.0140577   0.013804
 0.00352222  0.00043761
 0.00043761 0.000600289
0.00982457 -0.0102665
-0.0102665  0.0126439
 0.000542551 -0.000206459
-0.000206459   0.00103149
0.00221534 -0.0040251
-0.0040251  0.0124023
0.000705133 0.000597999
0.000597999   0.0039053
0.000448269 2.97041e-06
2.97041e-06 0.000451605
 0.0118986 -0.0108559
-0.0108559  0.0115437
 0.00220342 -0.00389265
-0.00389265   0.0118756
  0.0130628 -0.00740244
-0.00740244  0.00528067
0.000492654  4.8373e-05
 4.8373e-05 0.000534965
0.000654246 0.000471598
0.000471598  0.00350741
0.000865845 0.000983705
0.000983705   0.0114943
 0.0127426 -0.0103985
-0.0103985  0.0099467
 0.0143201 -0.0140343
-0.0140343  0.0155652
 0.00470766 -0.00676616
-0.00676616    0.012724
0.00484453 -0.0069439
-0.0069439  0.0129184
  0.00309094 -0.000469369
-0.000469369  0.000600688
0.000490477 8.34545e-06
8.34545e-06  0.00045019
0.00827392 -0.0108284
-0.0108284   0.016801
 0.00984328  -0.0010228
 -0.0010228 0.000795908
  0.0124261 -0.00473959
-0.00473959   0.0026981
  0.0119811 -0.00625067
-0.00625067  0.00432964
   0.0153973 -0.000190113
-0.000190113  0.000755625
 0.000658465 -0.000118815
-0.000118815  0.000498556
  0.00134682 -0.000186558
-0.000186558   0.00050088
 0.00170055 -0.00370972
-0.00370972   0.0161325
 0.0157221 -0.0126875
-0.0126875  0.0116834
 0.00168522 0.000191863
0.000191863 0.000509886
 0.0118069 -0.0126731
-0.0126731  0.0155798
  0.00930182 -0.000933823
-0.000933823  0.000775977
 0.00309105  0.00045797
 0.00045797 0.000608396
   0.015329 -0.00836101
-0.00836101  0.00562487
 0.00340048 0.000482525
0.000482525 0.000616279
 0.000733329 -0.000153238
-0.000153238  0.000522445
    0.015527 -0.000534178
-0.000534178  0.000766211
 0.0121391 0.00131159
0.00131159 0.00092108
  0.0155065 -0.00123706
-0.00123706 0.000837479
 0.00749852 -0.00859722
-0.00859722   0.0120627
  0.00941449 -0.000430568
-0.000430568   0.00070626
0.00143223 -0.0030679
-0.0030679  0.0152557
0.000841521 0.000365963
0.000365963   0.0162495
  0.0162756 -0.00257349
-0.00257349  0.00116885
0.000912169 -0.00140355
-0.00140355   0.0156383
