8.95605e-06 8.08296e-08
8.08296e-08 6.23283e-06
 1.03111e-05 -4.07946e-07
-4.07946e-07  7.38368e-06
 8.75462e-06 -3.86448e-07
-3.86448e-07  6.41967e-06
 8.51771e-06 -2.32794e-07
-2.32794e-07  7.70689e-06
9.23237e-06 5.62473e-08
5.62473e-08 8.38276e-06
7.87533e-06 3.51016e-07
3.51016e-07 8.23117e-06
 7.73449e-06 -1.19046e-08
-1.19046e-08  8.07333e-06
 1.45822e-05 -1.19804e-07
-1.19804e-07  9.12225e-06
7.27637e-06 3.70922e-07
3.70922e-07  9.5695e-06
9.20366e-06 3.29877e-07
3.29877e-07 5.86312e-06
7.11914e-06 4.46763e-07
4.46763e-07 6.13714e-06
 7.28357e-06 -4.45531e-07
-4.45531e-07  8.49063e-06
7.20502e-06 1.92768e-08
1.92768e-08 7.67827e-06
7.96105e-06 2.58854e-08
2.58854e-08 8.53557e-06
6.99164e-06 3.98504e-07
3.98504e-07  7.6509e-06
 6.68609e-06 -4.63059e-07
-4.63059e-07  6.88726e-06
1.05937e-05 1.66345e-07
1.66345e-07 7.07623e-06
 7.49223e-06 -7.33672e-08
-7.33672e-08  7.39378e-06
7.52249e-06 2.28233e-08
2.28233e-08 5.72071e-06
1.12599e-05 7.48507e-07
7.48507e-07  6.6209e-06
2.50648e-05 1.17427e-05
1.17427e-05 2.42579e-05
 8.81622e-06 -1.01702e-07
-1.01702e-07   8.0821e-06
 7.67362e-06 -1.71457e-08
-1.71457e-08  7.77841e-06
1.56063e-05 3.27672e-06
3.27672e-06 9.17694e-06
5.37557e-06 -2.4036e-07
-2.4036e-07 7.55575e-06
 1.0891e-05  3.1292e-08
 3.1292e-08 7.05692e-06
7.07574e-06 4.87078e-07
4.87078e-07 6.90851e-06
 6.3701e-06 1.27679e-08
1.27679e-08 6.51042e-06
 8.25216e-06 -6.19246e-08
-6.19246e-08   7.7151e-06
 6.14952e-06 -4.37632e-08
-4.37632e-08  5.35341e-06
  6.9403e-06 -9.61234e-08
-9.61234e-08  7.32586e-06
 1.92972e-05 -4.84424e-06
-4.84424e-06  1.12458e-05
 6.25983e-06 -3.98523e-07
-3.98523e-07  7.02913e-06
 6.64777e-06 -4.70372e-07
-4.70372e-07  5.87963e-06
 9.06555e-06 -5.03187e-08
-5.03187e-08  8.45949e-06
 7.88076e-06 -7.31688e-08
-7.31688e-08  7.88294e-06
 1.15249e-05 -3.05888e-07
-3.05888e-07  7.71477e-06
8.59453e-06 1.09819e-07
1.09819e-07  9.3627e-06
8.25378e-06 5.49767e-08
5.49767e-08 5.86988e-06
 8.65532e-06 -9.98649e-08
-9.98649e-08  7.81271e-06
8.10409e-06 4.29026e-07
4.29026e-07 7.39607e-06
 8.31968e-06 -8.88033e-07
-8.88033e-07  1.41664e-05
 1.67375e-05 -4.10373e-06
-4.10373e-06  1.00873e-05
 1.04995e-05 -2.51018e-08
-2.51018e-08   8.9103e-06
8.70144e-06 4.63693e-08
4.63693e-08 9.37003e-06
 6.15017e-06 -4.97795e-08
-4.97795e-08  7.96921e-06
9.55916e-06 2.44635e-08
2.44635e-08 8.63397e-06
  8.0759e-06 -5.02762e-08
-5.02762e-08  7.34956e-06
 1.1461e-05 5.42874e-06
5.42874e-06 1.43434e-05
 5.01362e-06 -9.16871e-07
-9.16871e-07  5.17745e-06
 6.91094e-06 -6.99532e-08
-6.99532e-08  7.26054e-06
 8.18584e-06 -3.60299e-07
-3.60299e-07  7.75653e-06
 6.67646e-06 -3.95171e-07
-3.95171e-07   9.0891e-06
 8.79183e-06 -8.43979e-08
-8.43979e-08  9.54033e-06
9.38673e-06 7.02803e-09
7.02803e-09 1.03348e-05
 1.45604e-05 -7.18484e-08
-7.18484e-08  9.14188e-06
 9.07345e-06 -6.02029e-08
-6.02029e-08  8.39907e-06
 8.51695e-06 -1.99568e-08
-1.99568e-08  7.98075e-06
6.86812e-06 3.95193e-08
3.95193e-08 5.71278e-06
 9.08312e-06 -5.54813e-08
-5.54813e-08  8.09717e-06
5.96513e-06 8.88762e-07
8.88762e-07 5.37269e-06
7.78576e-06 3.76751e-08
3.76751e-08 8.67173e-06
7.46321e-06 5.65966e-07
5.65966e-07 6.64093e-06
9.04617e-06 2.36294e-07
2.36294e-07 8.20783e-06
 6.11899e-06 -9.93695e-07
-9.93695e-07  6.32717e-06
  6.7821e-06 -4.27089e-07
-4.27089e-07  8.52658e-06
 7.45758e-06 -3.87179e-08
-3.87179e-08  6.33877e-06
 5.66673e-06 -2.71131e-08
-2.71131e-08  7.29485e-06
 2.2016e-05 8.85921e-06
8.85921e-06 1.73262e-05
 1.18235e-05 -4.78979e-06
-4.78979e-06  1.99556e-05
 6.61139e-06 -1.01664e-06
-1.01664e-06  6.45455e-06
7.67149e-06 3.86637e-07
3.86637e-07  7.1215e-06
 8.24825e-06 -1.97196e-08
-1.97196e-08  6.60665e-06
 8.19835e-06 -6.87581e-09
-6.87581e-09  8.22292e-06
 6.94279e-06 -4.11242e-07
-4.11242e-07  8.59371e-06
8.82282e-06 -3.5792e-07
-3.5792e-07 7.68426e-06
8.12817e-06 8.67237e-08
8.67237e-08 8.19224e-06
8.09731e-06 6.72008e-07
6.72008e-07 7.47999e-06
 7.55663e-06 -1.06714e-07
-1.06714e-07  7.16604e-06
8.11233e-06 8.62088e-08
8.62088e-08 8.12223e-06
7.38213e-06 7.87118e-08
7.87118e-08 6.43539e-06
 7.88237e-06 -1.11058e-07
-1.11058e-07  7.95005e-06
  1.0547e-05 -3.35105e-07
-3.35105e-07  8.78658e-06
 9.72137e-06 -2.61921e-08
-2.61921e-08  9.57825e-06
5.80508e-06 3.17681e-08
3.17681e-08 6.27384e-06
6.83871e-06 1.11531e-07
1.11531e-07 5.99146e-06
 7.47688e-06 -1.40781e-07
-1.40781e-07  8.25169e-06
 6.01421e-06 -1.29643e-07
-1.29643e-07  5.45835e-06
 7.25679e-06 -1.03801e-08
-1.03801e-08  5.95264e-06
8.45476e-06 2.89562e-07
2.89562e-07 7.74785e-06
 8.0336e-06 5.44359e-08
5.44359e-08  9.3531e-06
8.18022e-06 5.42437e-08
5.42437e-08 7.01684e-06
 6.79377e-06 -1.20698e-07
-1.20698e-07  6.91732e-06
1.99352e-05 5.34522e-06
5.34522e-06 1.18722e-05
 5.75372e-06 -4.36098e-07
-4.36098e-07  7.10871e-06
9.95929e-06 1.88965e-07
1.88965e-07  8.9408e-06
8.75618e-06 9.97885e-08
9.97885e-08  8.5169e-06
 6.77257e-06 -4.50338e-07
-4.50338e-07  7.21893e-06
 5.08226e-06 -4.44327e-07
-4.44327e-07  5.30276e-06
 7.99779e-06 -2.16217e-07
-2.16217e-07  9.59103e-06
5.75201e-06 7.84814e-09
7.84814e-09   6.933e-06
5.39541e-06 9.08892e-08
9.08892e-08 6.64224e-06
 9.86741e-06 -2.07861e-07
-2.07861e-07  8.68596e-06
 7.08854e-06 -4.00193e-07
-4.00193e-07  9.66822e-06
 6.74397e-06 -4.90429e-07
-4.90429e-07  6.42659e-06
9.26219e-06  3.5627e-08
 3.5627e-08 1.07566e-05
 9.81758e-06 -4.69163e-07
-4.69163e-07    7.574e-06
7.34196e-06 1.41547e-09
1.41547e-09 5.88176e-06
7.41527e-06 -1.7377e-08
-1.7377e-08 7.02241e-06
6.28117e-06 -1.8789e-07
-1.8789e-07 6.41494e-06
6.98464e-06 6.98063e-08
6.98063e-08 1.14631e-05
1.02021e-05 4.68932e-07
4.68932e-07 7.98382e-06
6.80959e-06 5.31121e-08
5.31121e-08 7.61716e-06
7.43191e-06  2.3229e-08
 2.3229e-08 5.85584e-06
6.47141e-06 2.08104e-08
2.08104e-08 7.20624e-06
7.42451e-06 5.63972e-07
5.63972e-07 9.19073e-06
 2.06449e-05 -5.32317e-06
-5.32317e-06  1.19359e-05
8.27464e-06 3.80875e-07
3.80875e-07 9.32989e-06
6.64961e-06 5.33021e-08
5.33021e-08 5.92614e-06
8.40654e-06  2.4063e-07
 2.4063e-07 8.86743e-06
 5.3058e-06 6.97098e-09
6.97098e-09 6.08274e-06
8.22259e-06 2.90602e-07
2.90602e-07 5.94673e-06
 9.52948e-06 -4.07638e-07
-4.07638e-07  6.85949e-06
 1.00349e-05 -3.27922e-07
-3.27922e-07  6.95392e-06
7.64163e-06 7.21379e-09
7.21379e-09 7.37821e-06
 7.20042e-06 -4.77872e-08
-4.77872e-08  7.30541e-06
 1.02735e-05 -6.41861e-08
-6.41861e-08  8.88728e-06
 6.82071e-06 -2.20168e-08
-2.20168e-08  6.84015e-06
 7.92642e-06 -2.58985e-07
-2.58985e-07   9.6199e-06
9.59247e-06 5.17762e-08
5.17762e-08 8.12326e-06
 6.05088e-06 -4.01547e-08
-4.01547e-08  6.57676e-06
 9.6974e-06 1.17661e-07
1.17661e-07  9.4794e-06
9.87908e-06 5.42953e-08
5.42953e-08 8.68696e-06
1.00532e-05 4.09913e-06
4.09913e-06 1.85323e-05
 7.7706e-06 5.91675e-07
5.91675e-07 8.30946e-06
 8.00691e-06 -2.02693e-07
-2.02693e-07  7.80992e-06
 8.91609e-06 -9.20052e-07
-9.20052e-07  1.50301e-05
 8.78704e-06 -3.21156e-08
-3.21156e-08   8.6673e-06
 2.10281e-05 -5.80324e-06
-5.80324e-06  1.36828e-05
 1.58552e-05 -7.10479e-06
-7.10479e-06  1.60096e-05
 8.25013e-06 -2.82172e-08
-2.82172e-08  7.92568e-06
 7.94752e-06 -1.56347e-06
-1.56347e-06  1.09448e-05
 6.59236e-06 -5.80194e-09
-5.80194e-09  6.56966e-06
7.30959e-06 1.84736e-06
1.84736e-06 1.30115e-05
7.68403e-06 2.82259e-08
2.82259e-08 7.80421e-06
 6.22989e-06 -2.76822e-07
-2.76822e-07  6.60457e-06
8.41207e-06 -1.3066e-08
-1.3066e-08 8.92819e-06
 7.10286e-06 -1.19232e-07
-1.19232e-07  7.44644e-06
 9.29064e-06 -4.21718e-08
-4.21718e-08  9.48694e-06
1.24895e-05 2.05185e-06
2.05185e-06 7.61049e-06
 6.55483e-06 -9.77206e-07
-9.77206e-07  6.57973e-06
 8.97631e-06 -1.15139e-07
-1.15139e-07  8.26536e-06
6.47444e-06 8.98085e-08
8.98085e-08 5.02787e-06
 1.5219e-05 9.23895e-07
9.23895e-07 8.42422e-06
 8.71792e-06 -2.83106e-09
-2.83106e-09  8.14804e-06
7.46388e-06 4.40977e-07
4.40977e-07 9.21279e-06
 5.97081e-06 -1.89737e-07
-1.89737e-07  5.90017e-06
1.13095e-05 2.43489e-06
2.43489e-06 7.40497e-06
6.05586e-06 7.07457e-08
7.07457e-08 6.61158e-06
5.45753e-06 4.98445e-08
4.98445e-08 6.28405e-06
8.80076e-06 2.27607e-08
2.27607e-08 8.14705e-06
 9.2698e-06 2.58188e-06
2.58188e-06 1.50318e-05
 9.50149e-06 -1.90879e-07
-1.90879e-07  8.16869e-06
1.06617e-05 8.36507e-08
8.36507e-08 9.14532e-06
 7.78621e-06 -3.77938e-08
-3.77938e-08  7.10421e-06
8.20223e-06 4.61119e-08
4.61119e-08 8.49324e-06
 7.0676e-06 -5.3957e-07
-5.3957e-07 1.04959e-05
 7.29433e-06 -3.74462e-07
-3.74462e-07  7.41263e-06
 6.53186e-06 -1.06583e-07
-1.06583e-07  7.25008e-06
7.78493e-06 2.16036e-07
2.16036e-07 7.57962e-06
 5.60185e-06 -4.40127e-07
-4.40127e-07  6.86262e-06
6.05521e-06 6.82191e-09
6.82191e-09 7.07003e-06
 6.45464e-06 -5.84772e-07
-5.84772e-07  5.82145e-06
1.02149e-05 2.21116e-08
2.21116e-08 9.09559e-06
8.40554e-06 5.15371e-08
5.15371e-08 8.09663e-06
6.36254e-06 3.59391e-08
3.59391e-08 5.20416e-06
8.42983e-06 4.37222e-08
4.37222e-08  8.1235e-06
 8.42201e-06 -1.31759e-07
-1.31759e-07  8.01035e-06
6.81786e-06 1.50935e-07
1.50935e-07 9.63044e-06
 1.44638e-05 -2.86434e-07
-2.86434e-07  8.96715e-06
6.78449e-06 5.83335e-07
5.83335e-07 7.98482e-06
  8.4564e-06 -8.87479e-08
-8.87479e-08  7.56245e-06
6.16188e-06 2.89627e-07
2.89627e-07 7.59001e-06
5.37884e-06  1.7847e-07
 1.7847e-07 6.52464e-06
 1.68033e-05 -4.24354e-06
-4.24354e-06  1.02356e-05
7.96347e-06 4.89255e-07
4.89255e-07 9.33635e-06
7.29645e-06 5.70915e-07
5.70915e-07  6.5281e-06
