-6.3985e-09, 7.50652e-09, 4.16049e-11
0.104005, 0.00251353, -0.0011848
0.203316, 0.00222042, -0.00101033
0.302487, 0.00275904, -0.000994799
0.402384, 0.00089095, -0.000565607
0.504226, 0.00049846, -0.000703463
0.603234, -0.000244798, -0.000440765
0.704771, -0.000670951, -0.000479012
0.803948, 0.00106286, -0.000948856
0.903456, -0.000653797, -0.000488434
1.00413, 0.00302317, -0.00149909
1.10329, -0.000734491, -0.000464486
1.20292, -0.00229764, 9.71778e-05
1.30399, -0.000831774, -0.000398719
1.40457, 0.00184845, -0.00117972
1.50379, -0.000789292, -0.000462819
1.60374, 0.000861693, -0.000944943
1.70415, 0.00190042, -0.0011288
1.80308, 0.000683474, -0.000978855
1.9035, 0.000414831, -0.00083613
2.00353, 0.00153035, -0.000956366
2.10274, -0.00121429, -0.000763365
2.20331, 0.000761681, -0.000754619
2.30394, 0.00147136, -0.000554863
2.40395, 0.00163637, -0.000425178
2.50354, 0.00115794, -0.000384406
2.60395, 4.59037e-05, -0.000124761
2.70362, 0.000691237, -0.000105846
2.80344, 0.000589755, -1.35391e-05
2.90397, 0.000195441, 0.000154003
3.00377, 0.000443296, 0.00019707
3.1031, -0.000380404, -4.41171e-05
3.20247, 0.000635587, 3.12556e-05
3.3044, 0.00121159, 0.000729557
3.40346, 0.00139203, 0.000601201
3.50254, 0.0018713, 0.000554875
3.60166, 0.000530143, 0.000178052
3.70339, 1.71285e-06, 0.00040678
3.80238, 0.000237704, 0.000303215
3.90132, 0.000222026, 8.92469e-05
3.99995, -0.000155927, -0.000212707
4.10076, -0.00114747, 2.47819e-05
4.20031, -5.43823e-05, 2.79935e-05
4.29979, 6.42564e-05, -7.59414e-05
4.39813, 0.000263342, -0.000244467
4.49728, -0.000349721, -0.000345327
4.59696, -0.000473174, -0.000275398
4.69633, -1.27256e-05, -0.000379043
4.79582, -0.00100522, -0.000531122
4.89406, -0.000527018, -0.000646315
4.99408, -0.000786368, -0.000769971
5.09327, 0.00129679, -0.00103605
5.19231, -0.000608452, -0.0011186
5.29177, -0.000990036, -0.00117272
5.38959, -0.00288998, -0.00131678
5.48925, -0.000653163, -0.00131234
5.58858, -0.000385862, -0.00125269
5.68743, 0.000336133, -0.00127538
5.78707, -0.00231616, -0.00130806
5.88493, -0.000212016, -0.00126667
5.98347, 0.0013026, -0.001296
6.08302, -0.000405076, -0.00132787
6.18252, 0.000468943, -0.00129071
6.28186, -0.00113601, -0.00135554
6.38092, -0.000618054, -0.00125756
6.48101, -0.00183242, -0.00152248
6.58012, -6.92035e-05, -0.00128748
6.67902, 0.000258125, -0.001086
6.77779, -0.000868351, -0.000953778
6.87626, 0.000356343, -0.000497509
6.97642, -0.000677598, -0.000709577
7.07655, 0.00136903, -0.000412531
7.1745, -0.000839774, -0.000340105
7.27442, 0.000660521, -6.10582e-05
7.3745, 0.00153431, 0.000200702
7.4731, 0.00138307, 0.000411155
7.57238, 0.000606173, 0.000430449
7.6709, 0.000402567, 0.000605081
7.76928, -0.00122923, 0.000498793
7.87199, 0.00273832, 0.001375
7.96984, 0.00219988, 0.00145434
8.06845, -8.58397e-05, 0.00132498
8.16842, 0.00299701, 0.00237665
8.26735, 0.00364004, 0.00265271
8.36318, 0.00045582, 0.00225322
8.46587, 0.00461249, 0.00350528
8.56331, 0.00451439, 0.00337787
8.66125, 0.00251768, 0.0031834
8.75991, 0.00143999, 0.00392291
8.85886, 0.00540445, 0.00390795
8.9562, 0.00486938, 0.0034741
9.05912, 0.002673, 0.00500031
9.15819, 0.00280471, 0.00500757
9.25357, 0.00425413, 0.0039381
9.35661, 0.00321877, 0.00553913
9.45842, 0.00370106, 0.00623199
9.556, 0.0047951, 0.00545787
9.65469, 0.00223658, 0.00564038
9.7553, 0.00364603, 0.00566333
9.85478, 0.00358294, 0.00551192
9.95628, 0.00575031, -1.56495
9.95408, -0.0965992, -1.56611
9.95526, -0.195301, -1.56621
9.96057, -0.290538, -1.56482
9.96192, -0.388455, -1.56461
9.95894, -0.491625, -1.5658
9.95354, -0.596975, -1.56795
9.95846, -0.694038, -1.56674
9.96192, -0.790614, -1.56547
9.96085, -0.891907, -1.56627
9.96339, -0.989914, -1.56546
9.96296, -1.08983, -1.566
9.96102, -1.19135, -1.56701
9.96182, -1.29173, -1.56721
9.96215, -1.39569, -1.56986
9.96255, -1.50241, -1.57326
9.96093, -1.59493, -1.56961
9.96655, -1.68097, -1.56477
9.96424, -1.7834, -1.56526
9.96317, -1.88615, -1.56585
9.96065, -1.98269, -1.56376
9.96857, -2.0814, -1.56627
9.96726, -2.18457, -1.56714
9.96894, -2.28494, -1.56797
9.96843, -2.3788, -1.56533
9.97014, -2.47997, -1.56639
9.97102, -2.57896, -1.56624
9.97056, -2.68073, -1.56658
9.97287, -2.77982, -1.56713
9.97235, -2.88072, -1.56703
9.97297, -2.97947, -1.56655
9.9749, -3.0817, -1.56795
9.97544, -3.18209, -1.56801
9.97559, -3.28018, -1.56695
9.97434, -3.38007, -1.56639
9.97637, -3.48011, -1.56633
9.97655, -3.57969, -1.56591
9.97674, -3.68005, -1.56584
9.97712, -3.78024, -1.56576
9.97941, -3.88022, -1.56536
9.97756, -3.97898, -1.56498
9.97933, -4.07968, -1.56487
9.97852, -4.18052, -1.56529
9.97942, -4.27981, -1.56491
9.97889, -4.38112, -1.56553
9.98088, -4.47925, -1.56465
9.98174, -4.57876, -1.56441
9.98266, -4.67976, -1.56462
9.98217, -4.77971, -1.56468
9.98325, -4.88071, -1.56489
9.9825, -4.98012, -1.56486
9.98476, -5.07886, -1.56435
9.98509, -5.17855, -1.56432
9.98457, -5.27808, -1.56428
9.98335, -5.37718, -1.56425
9.98419, -5.47674, -1.56417
9.98664, -5.57672, -1.56408
9.9888, -5.67757, -1.56418
9.98819, -5.77608, -1.56402
9.98815, -5.87467, -1.56398
9.98728, -5.97261, -1.56389
9.9902, -6.07488, -1.56408
9.99249, -6.17504, -1.56403
9.98989, -6.27214, -1.56414
9.99045, -6.372, -1.56416
9.98996, -6.47133, -1.5641
9.99508, -6.57423, -1.56383
9.99458, -6.67155, -1.56419
9.99438, -6.7704, -1.56435
9.99422, -6.86926, -1.56459
9.99594, -6.96959, -1.56439
9.99685, -7.07075, -1.56402
9.99703, -7.16977, -1.56415
9.99902, -7.269, -1.56428
9.99941, -7.36779, -1.56452
9.99876, -7.46784, -1.56428
9.99924, -7.56822, -1.56404
10.0003, -7.66738, -1.56422
10.0013, -7.7666, -1.56429
10.0018, -7.86615, -1.56429
10.0033, -7.96496, -1.56439
10.0032, -8.06473, -1.56406
10.0036, -8.16458, -1.56384
10.0055, -8.26485, -1.56364
10.0062, -8.36311, -1.56385
10.0071, -8.46318, -1.5637
10.0081, -8.56283, -1.5638
10.0071, -8.66081, -1.56403
10.0088, -8.76127, -1.56401
10.0084, -8.86141, -1.56379
10.0091, -8.96038, -1.56359
10.0103, -9.05875, -1.56392
10.009, -9.15905, -1.56356
10.0113, -9.25831, -1.56398
10.012, -9.35926, -1.56392
10.0101, -9.45941, -1.56353
10.0114, -9.55795, -1.56397
10.0102, -9.65744, -1.56379
10.014, -9.75857, -1.56446
10.0152, -9.85841, -1.56481
10.013, -9.9577, -3.13556
9.91476, -9.9589, -3.13578
9.81371, -9.95895, -3.13581
9.71555, -9.96157, -3.13579
9.61405, -9.9602, -3.13585
9.51516, -9.9631, -3.13582
9.41564, -9.96293, -3.13588
9.3157, -9.96305, -3.13588
9.21663, -9.96264, -3.13604
9.11612, -9.96355, -3.13581
9.01876, -9.96544, -3.13589
8.91907, -9.96631, -3.13556
8.81996, -9.96404, -3.13536
8.71985, -9.96738, -3.13547
8.62058, -9.96822, -3.13554
8.52018, -9.96732, -3.13508
8.42244, -9.96794, -3.1352
8.32296, -9.96996, -3.1355
8.22378, -9.97064, -3.13547
8.12364, -9.9704, -3.13516
8.02524, -9.97047, -3.13504
7.92526, -9.97329, -3.13534
7.82556, -9.97201, -3.13496
7.72627, -9.9714, -3.13463
7.62691, -9.97298, -3.13471
7.5274, -9.97405, -3.13477
7.4278, -9.97488, -3.13475
7.32864, -9.97516, -3.13463
7.22896, -9.97557, -3.13464
7.12893, -9.97549, -3.13451
7.03021, -9.97672, -3.13458
6.93046, -9.97763, -3.13468
6.83082, -9.97787, -3.13472
6.73109, -9.97786, -3.13483
6.63179, -9.97878, -3.13488
6.53213, -9.98076, -3.13478
6.43311, -9.98169, -3.13464
6.33264, -9.98194, -3.13486
6.23282, -9.98289, -3.13484
6.13298, -9.98374, -3.13493
6.03336, -9.98365, -3.13509
5.93258, -9.98458, -3.13534
5.83355, -9.98516, -3.13524
5.7336, -9.98587, -3.13528
5.63321, -9.98522, -3.13588
5.53425, -9.98712, -3.13535
5.43471, -9.98676, -3.1357
5.33416, -9.98914, -3.13528
5.23519, -9.98836, -3.13563
5.13531, -9.98913, -3.13564
5.035, -9.98908, -3.13603
4.93511, -9.99109, -3.13569
4.83567, -9.98841, -3.13692
4.73563, -9.99362, -3.13528
4.63546, -9.99132, -3.13648
4.53639, -9.99219, -3.13627
4.43369, -9.99435, -3.13617
4.33606, -9.99492, -3.13586
4.23693, -9.99485, -3.13584
4.13448, -9.99541, -3.13608
4.03922, -9.996, -3.13564
3.93977, -9.99683, -3.13566
3.83754, -9.99843, -3.13598
3.7379, -9.99945, -3.13594
3.63854, -9.99807, -3.13574
3.53915, -9.99975, -3.13573
3.44003, -10.0017, -3.13573
3.34022, -10.0022, -3.13548
3.24043, -10.0017, -3.1353
3.13907, -10.0002, -3.13532
3.04329, -10.0032, -3.13486
2.94268, -10.005, -3.13486
2.84291, -10.0041, -3.13443
2.74305, -10.0051, -3.13445
2.64457, -10.0069, -3.13448
2.54428, -10.0061, -3.13412
2.44319, -10.0089, -3.13457
2.34458, -10.0085, -3.13418
2.2435, -10.0078, -3.13415
2.14407, -10.008, -3.13403
2.04478, -10.0097, -3.134
1.94418, -10.0112, -3.13411
1.84347, -10.0114, -3.13411
1.74345, -10.0116, -3.13403
1.64501, -10.0129, -3.1339
1.54412, -10.0151, -3.13404
1.44522, -10.0132, -3.13395
1.34517, -10.0151, -3.13429
1.24518, -10.0151, -3.13427
1.14585, -10.0148, -3.13428
1.04464, -10.0172, -3.1345
0.943644, -10.0191, -3.13455
0.845545, -10.0163, -3.13459
0.745374, -10.0181, -3.13479
0.644928, -10.0187, -3.13487
0.545315, -10.017, -3.13516
0.444273, -10.0204, -3.13527
0.344775, -10.0189, -3.1356
0.243772, -10.0201, -3.13574
0.143624, -10.0213, -3.13604
0.0430736, -10.0196, 1.57588
0.041806, -9.92235, 1.57631
0.042429, -9.82072, 1.57566
0.0414534, -9.72246, 1.57602
0.0412155, -9.62094, 1.57564
0.0419682, -9.52139, 1.57558
0.03914, -9.42187, 1.57593
0.0388025, -9.32197, 1.5758
0.0383409, -9.2215, 1.57556
0.0379576, -9.12188, 1.57563
0.0365295, -9.02093, 1.57543
0.0371608, -8.92122, 1.57524
0.0372137, -8.8214, 1.57518
0.0361617, -8.72188, 1.57493
0.038244, -8.62093, 1.57494
0.0367805, -8.52138, 1.57488
0.0371264, -8.42102, 1.57468
0.0334745, -8.32266, 1.57439
0.0361434, -8.21892, 1.57448
0.0357708, -8.11833, 1.57437
0.0355027, -8.01767, 1.57425
0.0333101, -7.91879, 1.57435
0.0324017, -7.81878, 1.5744
0.0331301, -7.7177, 1.57439
0.0328859, -7.61543, 1.57387
0.0324621, -7.51541, 1.57396
0.0321271, -7.41595, 1.57428
0.0301088, -7.31655, 1.57446
0.0299304, -7.21525, 1.57428
0.0304152, -7.11561, 1.57483
0.0300884, -7.01519, 1.57497
0.0290425, -6.915, 1.57504
0.0284722, -6.81395, 1.57492
0.0282706, -6.71523, 1.57566
0.0279073, -6.61322, 1.57523
0.0267848, -6.51445, 1.57598
0.0269573, -6.41393, 1.57633
0.0277376, -6.31243, 1.57605
0.02622, -6.21291, 1.57649
0.0257913, -6.11185, 1.57629
0.0271468, -6.01233, 1.57706
0.0250815, -5.91069, 1.57651
0.0225542, -5.80923, 1.57625
0.0222691, -5.7075, 1.57615
0.0210674, -5.60636, 1.57615
0.0227948, -5.5088, 1.57697
0.0218403, -5.4075, 1.57693
0.0202277, -5.30757, 1.57708
0.0208152, -5.2055, 1.57688
0.0177798, -5.10531, 1.57695
0.0193453, -5.00401, 1.57702
0.0166238, -4.90505, 1.57722
0.0168862, -4.80448, 1.57734
0.0165491, -4.70358, 1.57738
0.0154389, -4.60319, 1.57746
0.0160865, -4.50188, 1.57744
0.0166448, -4.40183, 1.57757
0.0143393, -4.30105, 1.57749
0.0138404, -4.20026, 1.57738
0.0134473, -4.10068, 1.57755
0.014079, -4.00013, 1.5773
0.0146668, -3.89981, 1.57724
0.0136924, -3.79982, 1.57723
0.0139226, -3.69932, 1.57695
0.0127142, -3.5995, 1.57695
0.0133108, -3.49961, 1.57674
0.0140091, -3.39823, 1.5761
0.0118061, -3.29775, 1.57603
0.0103814, -3.19842, 1.57621
0.0110952, -3.09904, 1.57616
0.0108351, -2.99571, 1.57512
0.0087689, -2.89708, 1.57533
0.00862091, -2.79819, 1.57553
0.00939337, -2.69718, 1.57502
0.00548794, -2.59955, 1.57566
0.00688116, -2.49962, 1.57566
0.00694659, -2.39843, 1.57499
0.00621719, -2.29919, 1.57512
0.00599382, -2.19958, 1.57516
0.00609774, -2.09986, 1.5751
0.00485882, -1.99876, 1.57463
0.00520068, -1.89926, 1.57446
0.00574528, -1.79989, 1.57427
0.00676378, -1.70069, 1.57409
0.00609195, -1.60129, 1.57407
0.00624907, -1.50084, 1.5736
0.00648672, -1.40186, 1.57358
0.00204473, -1.30027, 1.57366
0.00702221, -1.20182, 1.57266
0.00590302, -1.10028, 1.57209
0.00734446, -1.00213, 1.57184
0.0036366, -0.900077, 1.57198
0.00427488, -0.800815, 1.57177
0.00579558, -0.700112, 1.57102
0.00378814, -0.600231, 1.57121
0.00290754, -0.499841, 1.57109
0.00467365, -0.398789, 1.57039
0.0044215, -0.298226, 1.57025
0.00615947, -0.196164, 1.56928
-0.000637221, -0.101182, 1.57129
