10, -10, -3.14159
9.89247, -9.99999, 3.14141
9.78503, -10, 3.14125
9.67761, -10, 3.1411
9.57031, -10, 3.14094
9.46309, -10.0001, 3.14079
9.35589, -10.0002, 3.1407
9.24878, -10.0002, 3.14057
9.14176, -10.0002, 3.14047
9.0347, -10.0002, 3.14034
8.92768, -10.0003, 3.14021
8.82081, -10.0005, 3.13996
8.71391, -10.0006, 3.13988
8.60702, -10.0007, 3.13979
8.50004, -10.0007, 3.13976
8.39303, -10.0006, 3.13975
8.28593, -10.0004, 3.13978
8.17888, -10.0004, 3.13976
8.07175, -10.0003, 3.1398
7.96457, -10.0002, 3.13984
7.85727, -10.0001, 3.1399
7.75003, -10.0001, 3.13998
7.64275, -10, 3.14004
7.53546, -9.99986, 3.14011
7.42818, -9.99966, 3.14018
7.32096, -9.99943, 3.14024
7.21374, -9.99927, 3.1403
7.10653, -9.99914, 3.14036
6.99942, -9.99893, 3.14038
6.89228, -9.99873, 3.1404
6.78516, -9.9985, 3.14038
6.67812, -9.99833, 3.14039
6.571, -9.99813, 3.1404
6.46386, -9.99798, 3.14043
6.35673, -9.99775, 3.1404
6.24963, -9.99758, 3.1404
6.14249, -9.9974, 3.14039
6.03529, -9.99715, 3.1404
5.92803, -9.99698, 3.14041
5.82065, -9.99695, 3.14047
5.71347, -9.99679, 3.14045
5.60622, -9.99673, 3.14048
5.49894, -9.99664, 3.14052
5.39163, -9.99651, 3.14053
5.28437, -9.99635, 3.14054
5.17714, -9.99634, 3.14052
5.06998, -9.99637, 3.1405
4.96284, -9.99642, 3.14051
4.8556, -9.99647, 3.14056
4.74827, -9.99635, 3.14059
4.64093, -9.99619, 3.14063
4.53356, -9.99612, 3.14068
4.42633, -9.99596, 3.14071
4.31908, -9.9958, 3.14075
4.21177, -9.9957, 3.14078
4.10452, -9.99564, 3.14081
3.99727, -9.99558, 3.14082
3.88989, -9.9955, 3.14087
3.78246, -9.99543, 3.14092
3.67509, -9.99536, 3.14096
3.56776, -9.9952, 3.141
3.46044, -9.99508, 3.14103
3.35312, -9.99498, 3.14105
3.24579, -9.99486, 3.14107
3.1384, -9.99472, 3.14111
3.03106, -9.99469, 3.14112
2.92384, -9.9946, 3.14112
2.81657, -9.99453, 3.14112
2.70932, -9.99443, 3.14111
2.60197, -9.99438, 3.14113
2.49459, -9.99436, 3.14113
2.38724, -9.99432, 3.14113
2.27995, -9.99421, 3.14112
2.17265, -9.99407, 3.1411
2.06541, -9.99398, 3.14108
1.95814, -9.99391, 3.14106
1.85084, -9.99381, 3.14106
1.74363, -9.99376, 3.14103
1.63639, -9.9937, 3.14101
1.52924, -9.99366, 3.14097
1.42202, -9.99358, 3.14095
1.31483, -9.99352, 3.1409
1.20764, -9.9934, 3.14087
1.10042, -9.99327, 3.14082
0.993201, -9.99314, 3.14077
0.886, -9.993, 3.14072
0.778773, -9.99282, 3.14064
0.671557, -9.99266, 3.14058
0.564319, -9.99247, 3.14052
0.457062, -9.99234, 3.14046
0.349776, -9.99229, 3.14039
0.242504, -9.99219, 3.14034
0.13527, -9.99218, 3.14028
0.028023, -9.99206, 3.14024
-0.0791782, -9.99196, 3.14021
-0.186449, -9.99182, 3.14017
-0.293677, -9.99167, 3.14014
-0.400869, -9.99157, 3.14012
-0.50803, -9.99149, 3.1401
-0.615165, -9.99141, 3.1401
-0.722293, -9.99135, 1.5693
-0.722033, -9.88409, 1.56927
-0.721791, -9.77678, 1.56923
-0.721586, -9.6695, 1.5692
-0.721344, -9.56225, 1.56917
-0.721216, -9.45498, 1.56915
-0.721049, -9.34772, 1.56912
-0.720785, -9.24055, 1.56908
-0.720562, -9.13332, 1.56904
-0.72024, -9.02615, 1.56898
-0.719875, -8.91891, 1.56889
-0.71968, -8.81164, 1.56886
-0.719505, -8.70436, 1.56881
-0.719347, -8.59716, 1.56877
-0.719145, -8.49008, 1.56872
-0.71885, -8.38288, 1.56864
-0.718828, -8.2759, 1.56853
-0.718556, -8.16881, 1.56847
-0.718337, -8.06176, 1.56842
-0.718177, -7.95465, 1.56842
-0.717895, -7.84747, 1.56839
-0.717663, -7.74041, 1.56836
-0.717397, -7.63306, 1.5684
-0.717192, -7.52598, 1.56838
-0.717074, -7.41886, 1.56833
-0.7169, -7.31175, 1.56832
-0.716799, -7.20455, 1.56829
-0.716705, -7.09732, 1.56827
-0.716489, -6.99007, 1.56829
-0.716303, -6.88281, 1.56831
-0.716191, -6.77551, 1.56838
-0.71603, -6.66828, 1.56843
-0.715808, -6.56107, 1.56847
-0.715555, -6.45377, 1.56853
-0.715285, -6.34649, 1.5686
-0.715045, -6.23924, 1.56865
-0.71481, -6.13196, 1.5687
-0.714587, -6.02466, 1.56874
-0.714341, -5.91729, 1.56881
-0.714119, -5.80995, 1.56886
-0.713888, -5.70261, 1.56891
-0.713654, -5.59526, 1.56895
-0.713388, -5.4879, 1.56899
-0.713185, -5.38053, 1.56902
-0.712884, -5.27315, 1.56901
-0.712661, -5.16582, 1.56903
-0.71239, -5.0585, 1.56904
-0.712099, -4.95119, 1.56905
-0.711764, -4.84386, 1.56904
-0.711335, -4.73661, 1.56894
-0.71094, -4.62928, 1.56887
-0.71066, -4.522, 1.56882
-0.710466, -4.41466, 1.5688
-0.71027, -4.3074, 1.56877
-0.710364, -4.20008, 1.56891
-0.710365, -4.09288, 1.56897
-0.710259, -3.9859, 1.56896
-0.710203, -3.87893, 1.56895
-0.710127, -3.77174, 1.56896
-0.710069, -3.6647, 1.56899
-0.7099, -3.55758, 1.56901
-0.709809, -3.45036, 1.56899
-0.7097, -3.34323, 1.56901
-0.709572, -3.23607, 1.56904
-0.709429, -3.12881, 1.56908
-0.709297, -3.02153, 1.56909
-0.709073, -2.91414, 1.56912
-0.708777, -2.80674, 1.56919
-0.7084, -2.69944, 1.56929
-0.70816, -2.5921, 1.56934
-0.707917, -2.48474, 1.56934
-0.70741, -2.37752, 1.56944
-0.707078, -2.27023, 1.56943
-0.706836, -2.16287, 1.56941
-0.706654, -2.0555, 1.56937
-0.706496, -1.9481, 1.56933
-0.706305, -1.84072, 1.56929
-0.706086, -1.73336, 1.56925
-0.705872, -1.62596, 1.56922
-0.705738, -1.51863, 1.56918
-0.705573, -1.41134, 1.56913
-0.70539, -1.30405, 1.56909
-0.70516, -1.19676, 1.56902
-0.704936, -1.08948, 1.56895
-0.704746, -0.982236, 1.56888
-0.704496, -0.875115, 1.56881
-0.704284, -0.767941, 1.56872
-0.704091, -0.660679, 1.56865
-0.703824, -0.553473, 1.56858
-0.703594, -0.446252, 1.56851
-0.703437, -0.338894, 1.56846
-0.703257, -0.231674, 1.56841
-0.703088, -0.124532, 1.56834
-0.702811, -0.0172285, 1.56832
-0.702619, 0.089917, 1.56826
-0.702415, 0.197064, 1.56821
-0.702167, 0.304262, 1.56818
-0.701937, 0.411468, 1.56814
-0.70179, 0.518656, 1.56807
-0.701525, 0.625847, 1.56804
-0.701257, 0.733047, -0.00277356
-0.594222, 0.732731, -0.00275377
-0.4872, 0.732469, -0.00273748
-0.380212, 0.732172, -0.00271975
-0.273109, 0.731994, -0.00267561
-0.166076, 0.731745, -0.00265714
-0.0589745, 0.731516, -0.0026343
0.0482481, 0.731243, -0.00261328
0.155451, 0.730999, -0.00258819
0.262704, 0.730714, -0.00256041
0.369888, 0.730427, -0.00253752
0.477172, 0.730207, -0.00252556
0.584467, 0.730097, -0.00250659
0.691806, 0.72984, -0.00246272
0.799082, 0.729632, -0.00241493
0.906378, 0.729537, -0.0023382
1.01366, 0.729295, -0.00228813
1.12097, 0.728996, -0.00226714
1.22819, 0.728711, -0.00222606
1.33536, 0.728427, -0.00218818
1.44249, 0.728146, -0.00215617
1.54964, 0.727869, -0.00213373
1.6569, 0.727646, -0.00208512
1.76416, 0.727366, -0.00205876
1.87139, 0.727188, -0.00203704
1.97856, 0.727096, -0.00198827
2.08569, 0.727088, -0.00189323
2.19287, 0.72719, -0.00171717
2.3002, 0.727083, -0.00163292
2.40775, 0.726872, -0.00156015
2.51513, 0.726664, -0.00149901
2.62251, 0.726548, -0.00139764
2.72972, 0.726262, -0.00134877
2.83708, 0.726108, -0.00131022
2.94447, 0.725824, -0.00120165
3.05155, 0.725531, -0.00116411
3.1586, 0.725283, -0.00113991
3.26563, 0.725086, -0.0011246
3.37279, 0.724818, -0.00119023
3.47999, 0.72458, -0.00124048
3.58716, 0.724409, -0.00123387
3.69435, 0.724156, -0.0012293
3.80157, 0.723885, -0.00123901
3.90867, 0.723292, -0.00122081
4.01574, 0.722965, -0.00128728
4.12291, 0.722751, -0.0013803
4.23018, 0.722597, -0.0014737
4.33762, 0.722538, -0.00151602
4.44512, 0.722406, -0.00155279
4.55252, 0.722177, -0.00160782
4.65995, 0.722079, -0.00169798
4.76736, 0.721897, -0.00176041
4.87485, 0.721673, -0.00182532
4.98235, 0.721546, -0.00184581
5.08955, 0.72167, -0.00197855
5.19664, 0.721849, -0.00207072
5.30387, 0.721831, -0.00207548
5.41105, 0.7218, -0.00206509
5.5183, 0.721672, -0.00203195
5.62558, 0.7215, -0.00198862
5.73299, 0.72127, -0.00193723
5.84034, 0.721163, -0.00194596
5.9477, 0.720999, -0.00190931
6.05509, 0.720808, -0.00187265
6.16247, 0.720598, -0.00182863
6.26987, 0.720396, -0.00179652
6.37728, 0.720357, -0.00170322
6.48466, 0.720161, -0.00163393
6.59204, 0.719956, -0.00157659
6.69943, 0.719785, -0.00151117
6.80679, 0.719592, -0.0014711
6.91415, 0.71936, -0.00143194
7.02144, 0.719132, -0.00137625
7.12868, 0.718959, -0.00133681
7.23592, 0.718799, -0.00129912
7.34328, 0.718609, -0.00128851
7.45052, 0.718456, -0.00125576
7.55779, 0.718295, -0.00122676
7.66514, 0.718138, -0.00120373
7.77241, 0.71792, -0.00118283
7.87962, 0.717613, -0.00116881
7.98675, 0.717149, -0.00126878
8.09374, 0.716545, -0.00132145
8.2008, 0.715883, -0.00145296
8.30819, 0.715442, -0.00163078
8.41587, 0.715294, -0.00178172
8.52359, 0.715059, -0.00186733
8.63124, 0.714922, -0.00203638
8.73886, 0.714652, -0.00219955
8.84643, 0.71436, -0.0023647
8.95401, 0.714151, -0.00251756
9.06152, 0.714024, -0.00265683
9.16885, 0.713973, -0.00276781
9.27611, 0.713968, -0.00294052
9.38319, 0.713926, -0.00300504
9.49023, 0.713809, -0.00304414
9.59724, 0.713628, -0.00306427
9.70428, 0.713494, -0.00313259
9.8113, 0.713252, -0.00313159
9.91837, 0.71309, -0.00319489
10.0254, 0.712834, -1.57397
10.025, 0.605602, -1.57393
10.0247, 0.498318, -1.57389
10.0243, 0.391096, -1.57388
10.0239, 0.283886, -1.57388
10.0236, 0.176649, -1.57386
10.0232, 0.0694411, -1.57387
10.0228, -0.0377725, -1.57389
10.0226, -0.145064, -1.57392
10.0225, -0.252231, -1.57394
10.0224, -0.359356, -1.57398
10.0222, -0.466418, -1.57398
10.0222, -0.573488, -1.57397
10.0221, -0.680734, -1.57398
10.0218, -0.787874, -1.57395
10.0215, -0.895031, -1.57391
10.0212, -1.00227, -1.57388
10.0209, -1.10946, -1.57386
10.0205, -1.21656, -1.57384
10.0201, -1.32368, -1.57381
10.0197, -1.43086, -1.57376
10.0193, -1.53795, -1.57376
10.0189, -1.64504, -1.57376
10.0186, -1.75214, -1.57373
10.0183, -1.85921, -1.57372
10.018, -1.96631, -1.5737
10.0178, -2.07344, -1.57367
10.0174, -2.18073, -1.57362
10.0169, -2.28798, -1.57356
10.0166, -2.39514, -1.57354
10.0163, -2.50244, -1.5735
10.016, -2.60962, -1.57349
10.0157, -2.71687, -1.5735
10.0155, -2.82413, -1.5735
10.0153, -2.93146, -1.57347
10.0151, -3.03869, -1.57346
10.0149, -3.14593, -1.57344
10.0146, -3.25315, -1.57342
10.0144, -3.36045, -1.57338
10.0141, -3.4677, -1.57336
10.0137, -3.57495, -1.57334
10.0134, -3.68215, -1.57333
10.0131, -3.78935, -1.57332
10.0127, -3.89662, -1.5733
10.0124, -4.00386, -1.5733
10.0121, -4.11126, -1.57331
10.0118, -4.21855, -1.57331
10.0115, -4.32591, -1.57331
10.0112, -4.43326, -1.57332
10.0109, -4.54062, -1.57332
10.0106, -4.64799, -1.57333
10.0102, -4.75537, -1.57335
10.0097, -4.86271, -1.57345
10.0092, -4.97, -1.57358
10.0087, -5.07736, -1.57369
10.0086, -5.18496, -1.57364
10.0082, -5.29244, -1.5737
10.0079, -5.39998, -1.57367
10.0077, -5.50751, -1.57365
10.0074, -5.61494, -1.57366
10.0072, -5.72228, -1.57369
10.007, -5.8295, -1.57374
10.0067, -5.93662, -1.57382
10.0064, -6.04384, -1.57384
10.0061, -6.15121, -1.5739
10.0058, -6.25838, -1.57392
10.0056, -6.36537, -1.57402
10.0053, -6.47257, -1.57406
10.005, -6.57963, -1.57413
10.0047, -6.68672, -1.57413
10.0045, -6.79365, -1.57419
10.0047, -6.90045, -1.57434
10.0049, -7.0071, -1.57437
10.0051, -7.11375, -1.57441
10.005, -7.2206, -1.57436
10.0052, -7.32715, -1.57413
10.005, -7.43396, -1.57397
10.0048, -7.54099, -1.57388
10.0046, -7.64794, -1.57371
10.0045, -7.75498, -1.57355
10.0043, -7.86223, -1.5734
10.0042, -7.96954, -1.57328
10.0041, -8.07694, -1.57315
10.0037, -8.18432, -1.57295
10.0034, -8.29154, -1.57271
10.0032, -8.39877, -1.57246
10.0026, -8.50571, -1.57224
10.0019, -8.61241, -1.57204
10.0009, -8.7188, -1.57194
10.0003, -8.82537, -1.57183
9.99953, -8.93183, -1.57157
9.99934, -9.03859, -1.5715
9.99916, -9.14542, -1.57146
9.99904, -9.25231, -1.57134
9.99907, -9.35913, -1.57129
9.99913, -9.46594, -1.57124
9.99924, -9.57272, -1.57117
9.99938, -9.67949, -1.57109
9.99955, -9.78626, -1.57101
9.99979, -9.89316, -1.57091
