-7.66658e-14, -10, 1.5708
9.79848e-05, -9.89273, 1.57078
0.000179439, -9.78543, 1.57074
0.000222167, -9.67815, 1.57071
0.000303096, -9.5709, 1.57067
0.000269501, -9.46363, 1.57065
0.000274931, -9.35637, 1.57062
0.000378516, -9.2492, 1.57058
0.000439344, -9.14197, 1.57054
0.000600752, -9.03479, 1.57048
0.000804483, -8.92755, 1.57039
0.000837743, -8.82028, 1.57036
0.000851036, -8.713, 1.57031
0.000848315, -8.60581, 1.57027
0.000889143, -8.49873, 1.57022
0.00102244, -8.39153, 1.57015
0.00088406, -8.28455, 1.57003
0.000994458, -8.17745, 1.56997
0.00105238, -8.07041, 1.56993
0.00105128, -7.96329, 1.56993
0.00117236, -7.85612, 1.5699
0.00124327, -7.74905, 1.56987
0.00134777, -7.6417, 1.56991
0.00139113, -7.53462, 1.56988
0.00134804, -7.42751, 1.56983
0.00136142, -7.3204, 1.56982
0.00130033, -7.21319, 1.5698
0.00123321, -7.10596, 1.56978
0.0012875, -6.99871, 1.5698
0.00131238, -6.89146, 1.56981
0.00126329, -6.78415, 1.56988
0.00126261, -6.67692, 1.56993
0.00132387, -6.56971, 1.56998
0.0014152, -6.46241, 1.57004
0.0015237, -6.35513, 1.57011
0.0016018, -6.24788, 1.57015
0.00167534, -6.1406, 1.5702
0.00173709, -6.0333, 1.57025
0.00182191, -5.92593, 1.57031
0.00188241, -5.81859, 1.57036
0.00195171, -5.71125, 1.57041
0.00202468, -5.6039, 1.57045
0.00212897, -5.49654, 1.5705
0.00216993, -5.38917, 1.57052
0.00230933, -5.28179, 1.57052
0.00237076, -5.17446, 1.57054
0.00248036, -5.06714, 1.57055
0.00260996, -4.95983, 1.57055
0.00278344, -4.8525, 1.57054
0.00305108, -4.74524, 1.57045
0.00328523, -4.63792, 1.57038
0.00340364, -4.53064, 1.57032
0.00343597, -4.4233, 1.5703
0.00347048, -4.31604, 1.57027
0.00321502, -4.20872, 1.57042
0.00305278, -4.10152, 1.57047
0.00299756, -3.99454, 1.57046
0.00289294, -3.88756, 1.57045
0.0028075, -3.78038, 1.57047
0.00270465, -3.67333, 1.57049
0.0027118, -3.56622, 1.57051
0.00264147, -3.459, 1.57049
0.00258982, -3.35187, 1.57052
0.00255669, -3.2447, 1.57055
0.00253855, -3.13745, 1.57059
0.00250885, -3.03016, 1.57059
0.0025716, -2.92278, 1.57062
0.00270549, -2.81538, 1.57069
0.00292145, -2.70807, 1.5708
0.00299996, -2.60074, 1.57084
0.00308139, -2.49338, 1.57084
0.00342708, -2.38615, 1.57094
0.00359755, -2.27886, 1.57094
0.00367732, -2.17151, 1.57091
0.00369807, -2.06413, 1.57088
0.00369502, -1.95674, 1.57083
0.00372365, -1.84935, 1.57079
0.00378133, -1.742, 1.57075
0.003834, -1.6346, 1.57072
0.00380628, -1.52726, 1.57068
0.00381009, -1.41998, 1.57063
0.00383122, -1.31268, 1.57059
0.0039004, -1.20539, 1.57053
0.00396255, -1.09812, 1.57045
0.00399112, -0.990867, 1.57038
0.00408015, -0.883746, 1.57031
0.00413122, -0.776573, 1.57023
0.00416232, -0.66931, 1.57015
0.00426805, -0.562104, 1.57008
0.00433636, -0.454883, 1.57002
0.00433193, -0.347525, 1.56997
0.00435101, -0.240305, 1.56992
0.00435911, -0.133163, 1.56985
0.00447471, -0.0258585, 1.56982
0.00450545, 0.0812871, 1.56977
0.00454763, 0.188434, 1.56972
0.00463465, 0.295632, 1.56968
0.00470345, 0.402839, 1.56964
0.00468897, 0.510027, 1.56957
0.00479247, 0.617218, 1.56955
0.00489943, 0.724418, -0.0012689
0.111935, 0.724263, -0.00124912
0.218957, 0.724163, -0.00123283
0.325945, 0.724026, -0.00121509
0.433049, 0.724009, -0.00117096
0.540083, 0.723922, -0.00115248
0.647184, 0.723854, -0.00112965
0.754407, 0.723742, -0.00110863
0.86161, 0.72366, -0.00108354
0.968863, 0.723535, -0.00105576
1.07605, 0.723411, -0.00103287
1.18334, 0.723352, -0.0010209
1.29063, 0.723403, -0.00100193
1.39797, 0.723307, -0.00095807
1.50525, 0.723261, -0.000910278
1.61254, 0.723327, -0.000833555
1.71982, 0.723246, -0.000783479
1.82713, 0.72311, -0.000762494
1.93435, 0.722985, -0.000721409
2.04152, 0.722863, -0.000683527
2.14866, 0.722743, -0.000651518
2.2558, 0.722627, -0.000629077
2.36306, 0.722566, -0.000580471
2.47032, 0.722447, -0.000554107
2.57755, 0.722431, -0.000532389
2.68473, 0.7225, -0.000483621
2.79185, 0.722653, -0.000388578
2.89903, 0.722917, -0.000212519
3.00636, 0.72297, -0.000128269
3.11391, 0.722921, -5.54984e-05
3.2213, 0.722875, 5.63397e-06
3.32867, 0.722921, 0.000107011
3.43589, 0.722796, 0.000155881
3.54325, 0.722804, 0.000194427
3.65064, 0.722681, 0.000302995
3.75772, 0.722549, 0.000340536
3.86476, 0.722462, 0.000364741
3.9718, 0.722426, 0.000380053
4.07895, 0.72232, 0.000314424
4.18616, 0.722243, 0.00026417
4.29333, 0.722233, 0.000270778
4.40052, 0.722142, 0.000275352
4.50773, 0.722031, 0.000265642
4.61484, 0.7216, 0.000283836
4.7219, 0.721434, 0.000217365
4.82908, 0.721381, 0.000124354
4.93634, 0.721389, 3.09451e-05
5.04378, 0.721492, -1.13731e-05
5.15129, 0.721521, -4.81379e-05
5.25869, 0.721453, -0.000103171
5.36612, 0.721517, -0.000193326
5.47353, 0.721497, -0.000255756
5.58102, 0.721435, -0.000320666
5.68851, 0.721469, -0.000341163
5.79572, 0.721755, -0.0004739
5.90281, 0.722095, -0.000566068
6.01004, 0.722238, -0.000570828
6.11722, 0.722369, -0.000560442
6.22447, 0.722401, -0.000527296
6.33175, 0.722391, -0.000483974
6.43915, 0.722323, -0.000432578
6.54651, 0.722377, -0.000441308
6.65387, 0.722374, -0.000404663
6.76126, 0.722345, -0.000367996
6.86864, 0.722297, -0.000323977
6.97604, 0.722257, -0.000291873
7.08345, 0.722379, -0.000198567
7.19083, 0.722345, -0.000129283
7.29821, 0.722302, -7.19446e-05
7.4056, 0.722292, -6.51893e-06
7.51295, 0.72226, 3.35509e-05
7.62032, 0.72219, 7.27045e-05
7.72761, 0.722123, 0.000128397
7.83485, 0.722112, 0.000167844
7.94209, 0.722113, 0.000205529
8.04945, 0.722085, 0.000216141
8.15669, 0.722094, 0.000248892
8.26395, 0.722093, 0.000277892
8.37131, 0.722098, 0.000300918
8.47858, 0.722041, 0.00032182
8.58579, 0.721895, 0.000335839
8.69292, 0.721593, 0.000235871
8.79991, 0.72115, 0.000183197
8.90697, 0.720649, 5.16871e-05
9.01436, 0.720369, -0.000126135
9.12204, 0.720384, -0.000277071
9.22976, 0.720311, -0.00036268
9.33741, 0.720336, -0.00053173
9.44503, 0.720228, -0.000694898
9.55261, 0.720097, -0.000860052
9.66018, 0.72005, -0.00101291
9.76769, 0.720085, -0.00115218
9.87503, 0.720195, -0.00126316
9.98228, 0.720352, -0.00143587
10.0894, 0.720471, -0.00150039
10.1965, 0.720515, -0.00153949
10.3035, 0.720496, -0.00155961
10.4105, 0.720522, -0.00162793
10.5175, 0.720441, -0.00162694
10.6246, 0.720441, -0.00169024
10.7316, 0.720346, -1.57246
10.7313, 0.613113, -1.57243
10.7312, 0.505829, -1.57238
10.7309, 0.398606, -1.57237
10.7307, 0.291396, -1.57237
10.7306, 0.184158, -1.57236
10.7303, 0.0769498, -1.57237
10.7301, -0.0302643, -1.57239
10.7301, -0.137556, -1.57241
10.7302, -0.244723, -1.57244
10.7302, -0.351848, -1.57247
10.7302, -0.45891, -1.57247
10.7303, -0.56598, -1.57246
10.7304, -0.673226, -1.57248
10.7303, -0.780366, -1.57244
10.7301, -0.887524, -1.5724
10.73, -0.994771, -1.57237
10.7298, -1.10195, -1.57236
10.7296, -1.20905, -1.57233
10.7293, -1.31618, -1.57231
10.7291, -1.42335, -1.57225
10.7289, -1.53044, -1.57226
10.7287, -1.63754, -1.57226
10.7285, -1.74464, -1.57223
10.7284, -1.85171, -1.57221
10.7283, -1.95881, -1.57219
10.7281, -2.06594, -1.57217
10.7279, -2.17322, -1.57212
10.7276, -2.28048, -1.57205
10.7274, -2.38764, -1.57204
10.7273, -2.49494, -1.57199
10.7272, -2.60212, -1.57199
10.727, -2.70937, -1.572
10.727, -2.81663, -1.572
10.727, -2.92396, -1.57197
10.7269, -3.03119, -1.57196
10.7268, -3.13843, -1.57194
10.7267, -3.24565, -1.57192
10.7267, -3.35295, -1.57188
10.7265, -3.4602, -1.57185
10.7264, -3.56745, -1.57184
10.7262, -3.67465, -1.57182
10.726, -3.78186, -1.57181
10.7258, -3.88912, -1.5718
10.7257, -3.99637, -1.5718
10.7255, -4.10376, -1.5718
10.7254, -4.21105, -1.57181
10.7252, -4.31842, -1.5718
10.7251, -4.42576, -1.57181
10.725, -4.53312, -1.57182
10.7248, -4.64049, -1.57183
10.7246, -4.74788, -1.57184
10.7242, -4.85521, -1.57195
10.7239, -4.96251, -1.57207
10.7236, -5.06987, -1.57218
10.7236, -5.17747, -1.57213
10.7234, -5.28494, -1.5722
10.7233, -5.39248, -1.57216
10.7232, -5.50002, -1.57214
10.7231, -5.60745, -1.57216
10.7231, -5.71479, -1.57218
10.723, -5.82201, -1.57224
10.7229, -5.92913, -1.57232
10.7228, -6.03635, -1.57233
10.7226, -6.14372, -1.5724
10.7225, -6.25089, -1.57241
10.7225, -6.35788, -1.57251
10.7223, -6.46508, -1.57255
10.7221, -6.57214, -1.57263
10.722, -6.67923, -1.57262
10.722, -6.78616, -1.57268
10.7224, -6.89296, -1.57284
10.7227, -6.99961, -1.57286
10.7231, -7.10626, -1.57291
10.7231, -7.21312, -1.57286
10.7235, -7.31966, -1.57262
10.7235, -7.42647, -1.57246
10.7234, -7.5335, -1.57237
10.7233, -7.64045, -1.57221
10.7234, -7.74749, -1.57205
10.7234, -7.85474, -1.57189
10.7235, -7.96205, -1.57178
10.7235, -8.06945, -1.57164
10.7233, -8.17683, -1.57144
10.7231, -8.28405, -1.5712
10.7231, -8.39128, -1.57096
10.7227, -8.49822, -1.57073
10.7221, -8.60492, -1.57054
10.7212, -8.71131, -1.57043
10.7208, -8.81788, -1.57033
10.7203, -8.92435, -1.57006
10.7202, -9.03111, -1.57
10.7202, -9.13794, -1.56995
10.7203, -9.24483, -1.56984
10.7204, -9.35165, -1.56979
10.7207, -9.45846, -1.56973
10.7209, -9.56524, -1.56967
10.7212, -9.67201, -1.56959
10.7216, -9.77877, -1.5695
10.722, -9.88567, -1.5694
10.7223, -9.99251, -3.14008
10.6148, -9.99267, -3.14027
10.5074, -9.9929, -3.14043
10.3999, -9.99303, -3.14059
10.2927, -9.99325, -3.14074
10.1854, -9.99347, -3.14089
10.0782, -9.99378, -3.14098
9.97108, -9.9939, -3.14111
9.86405, -9.99405, -3.14121
9.757, -9.99425, -3.14134
9.64998, -9.99444, -3.14147
9.54311, -9.99486, 3.14147
9.43621, -9.99513, 3.14139
9.32931, -9.99538, 3.14129
9.22234, -9.99548, 3.14126
9.11532, -9.99554, 3.14126
9.00823, -9.99555, 3.14128
8.90117, -9.99569, 3.14127
8.79404, -9.99575, 3.1413
8.68686, -9.9958, 3.14135
8.57957, -9.99591, 3.1414
8.47233, -9.99603, 3.14149
8.36505, -9.99609, 3.14154
8.25776, -9.99609, -3.14157
8.15047, -9.99605, -3.1415
8.04326, -9.99597, -3.14145
7.93603, -9.99598, -3.14138
7.82883, -9.99601, -3.14132
7.72172, -9.99596, -3.1413
7.61458, -9.99592, -3.14128
7.50746, -9.99585, -3.1413
7.40041, -9.99584, -3.14129
7.2933, -9.99581, -3.14128
7.18615, -9.99582, -3.14125
7.07903, -9.99575, -3.14128
6.97193, -9.99574, -3.14128
6.86479, -9.99572, -3.14129
6.75758, -9.99563, -3.14128
6.65033, -9.99562, -3.14128
6.54295, -9.99575, -3.14121
6.43576, -9.99575, -3.14123
6.32851, -9.99586, -3.1412
6.22123, -9.99592, -3.14116
6.11393, -9.99596, -3.14116
6.00667, -9.99596, -3.14114
5.89943, -9.99612, -3.14116
5.79227, -9.9963, -3.14118
5.68513, -9.99651, -3.14117
5.5779, -9.99673, -3.14113
5.47057, -9.99677, -3.14109
5.36323, -9.99677, -3.14105
5.25586, -9.99686, -3.141
5.14863, -9.99687, -3.14097
5.04137, -9.99686, -3.14093
4.93406, -9.99693, -3.1409
4.82682, -9.99702, -3.14087
4.71957, -9.99712, -3.14086
4.61219, -9.99721, -3.14081
4.50475, -9.9973, -3.14076
4.39738, -9.99739, -3.14072
4.29006, -9.99739, -3.14068
4.18273, -9.99743, -3.14065
4.07541, -9.9975, -3.14063
3.96808, -9.99754, -3.14061
3.86069, -9.99756, -3.14057
3.75336, -9.99769, -3.14056
3.64614, -9.99776, -3.14056
3.53886, -9.99785, -3.14056
3.43161, -9.99791, -3.14057
3.32426, -9.99802, -3.14055
3.21688, -9.99817, -3.14055
3.10953, -9.99829, -3.14055
3.00224, -9.99835, -3.14056
2.89495, -9.99836, -3.14058
2.7877, -9.99843, -3.1406
2.68043, -9.99853, -3.14062
2.57313, -9.99859, -3.14062
2.46593, -9.9987, -3.14065
2.35868, -9.9988, -3.14067
2.25154, -9.99892, -3.14071
2.14431, -9.999, -3.14073
2.03712, -9.9991, -3.14078
1.92993, -9.99915, -3.14081
1.82271, -9.99918, -3.14086
1.7155, -9.99921, -3.14091
1.6083, -9.99922, -3.14096
1.50107, -9.99921, -3.14104
1.39386, -9.99921, -3.1411
1.28662, -9.99918, -3.14116
1.17936, -9.99921, -3.14122
1.07207, -9.99933, -3.14129
0.964798, -9.99939, -3.14134
0.857563, -9.99954, -3.1414
0.750317, -9.99957, -3.14144
0.643116, -9.99964, -3.14147
0.535844, -9.99967, -3.14151
0.428616, -9.99967, -3.14154
0.321424, -9.99974, -3.14156
0.214263, -9.99981, -3.14158
0.107129, -9.9999, -3.14159
