-7.15102e-14, 4.38728e-14, -7.51866e-14
0.107036, -1.89923e-05, 1.97853e-05
0.214058, 1.61663e-05, 3.60741e-05
0.321046, 1.53788e-05, 5.38092e-05
0.42815, 0.00013473, 9.7941e-05
0.535183, 0.000182768, 0.000116419
0.642285, 0.00025095, 0.000139253
0.749508, 0.000275246, 0.000160273
0.856711, 0.000328616, 0.000185361
0.963964, 0.000340655, 0.000213145
1.07115, 0.000351771, 0.000236037
1.17844, 0.000429187, 0.000248
1.28573, 0.000616801, 0.000266967
1.39307, 0.000656906, 0.000310836
1.50035, 0.000747071, 0.000358628
1.60764, 0.000949385, 0.000435351
1.71492, 0.00100436, 0.000485427
1.82223, 0.00100391, 0.000506413
1.92945, 0.0010155, 0.000547497
2.03662, 0.00102954, 0.000585379
2.14376, 0.00104514, 0.000617389
2.2509, 0.00106517, 0.00063983
2.35816, 0.00113981, 0.000688436
2.46542, 0.00115773, 0.000714799
2.57265, 0.00127728, 0.000736517
2.67983, 0.00148211, 0.000785285
2.78695, 0.00177092, 0.000880329
2.89413, 0.0021709, 0.00105639
3.00146, 0.00236073, 0.00114064
3.10901, 0.00244851, 0.00121341
3.2164, 0.00253808, 0.00127455
3.32377, 0.00272048, 0.00137592
3.43099, 0.00273143, 0.00142479
3.53835, 0.00287538, 0.00146334
3.64574, 0.00288929, 0.00157191
3.75282, 0.00289264, 0.00160945
3.85986, 0.00294158, 0.00163365
3.9669, 0.00304192, 0.00164896
4.07405, 0.0030713, 0.00158333
4.18126, 0.00313083, 0.00153308
4.28843, 0.00325617, 0.00153969
4.39562, 0.00330127, 0.00154426
4.50283, 0.0033269, 0.00153455
4.60994, 0.00303128, 0.00155275
4.717, 0.00300129, 0.00148628
4.82418, 0.00308438, 0.00139326
4.93144, 0.00322843, 0.00129986
5.03888, 0.00346739, 0.00125754
5.14639, 0.00363351, 0.00122077
5.25379, 0.00370173, 0.00116574
5.36122, 0.00390195, 0.00107558
5.46863, 0.0040177, 0.00101315
5.57612, 0.0040925, 0.00094824
5.68361, 0.00426292, 0.000927744
5.79082, 0.00468476, 0.000795007
5.89791, 0.00516093, 0.000702839
6.00513, 0.00544037, 0.000698078
6.11232, 0.00570655, 0.000708464
6.21957, 0.00587539, 0.00074161
6.32684, 0.00600162, 0.000784932
6.43425, 0.00606907, 0.000836328
6.5416, 0.00625961, 0.000827599
6.64897, 0.0063933, 0.000864244
6.75636, 0.00650025, 0.00090091
6.86374, 0.00658807, 0.00094493
6.97114, 0.00668473, 0.000977034
7.07855, 0.00694291, 0.00107034
7.18593, 0.00704505, 0.00113963
7.2933, 0.00713821, 0.00119697
7.40069, 0.00726488, 0.00126239
7.50805, 0.00736945, 0.00130246
7.61542, 0.00743486, 0.00134162
7.7227, 0.00750457, 0.00139731
7.82994, 0.00762911, 0.00143675
7.93718, 0.0077666, 0.00147444
8.04455, 0.00787456, 0.00148505
8.15179, 0.00801938, 0.0015178
8.25905, 0.00815511, 0.0015468
8.3664, 0.00829595, 0.00156983
8.47368, 0.00837559, 0.00159073
8.58089, 0.00836576, 0.00160475
8.68802, 0.00819922, 0.00150478
8.79501, 0.00789206, 0.00145211
8.90207, 0.00752644, 0.0013206
9.00946, 0.00738323, 0.00114278
9.11714, 0.00753468, 0.000991835
9.22486, 0.00759846, 0.000906227
9.33251, 0.00775983, 0.000737177
9.44013, 0.00778827, 0.000574008
9.54771, 0.00779437, 0.000408855
9.65528, 0.00788397, 0.000255991
9.76279, 0.00805519, 0.000116724
9.87013, 0.00830165, 5.74217e-06
9.97738, 0.00859418, -0.000166965
10.0845, 0.00884907, -0.000231486
10.1915, 0.00902909, -0.000270589
10.2986, 0.00914544, -0.00029071
10.4056, 0.0093081, -0.000359031
10.5126, 0.00936284, -0.000358035
10.6197, 0.00949789, -0.000421336
10.7267, 0.00953877, -1.57119
10.7266, -0.0976942, -1.57116
10.7265, -0.204978, -1.57111
10.7264, -0.312201, -1.5711
10.7264, -0.419411, -1.5711
10.7263, -0.526649, -1.57109
10.7263, -0.633857, -1.5711
10.7262, -0.741071, -1.57112
10.7263, -0.848364, -1.57114
10.7265, -0.95553, -1.57117
10.7266, -1.06265, -1.5712
10.7268, -1.16971, -1.5712
10.727, -1.27678, -1.5712
10.7272, -1.38403, -1.57121
10.7273, -1.49117, -1.57117
10.7273, -1.59833, -1.57114
10.7273, -1.70557, -1.5711
10.7272, -1.81276, -1.57109
10.7271, -1.91986, -1.57106
10.727, -2.02698, -1.57104
10.727, -2.13416, -1.57099
10.7268, -2.24125, -1.57099
10.7268, -2.34834, -1.57099
10.7267, -2.45545, -1.57096
10.7267, -2.56252, -1.57094
10.7268, -2.66962, -1.57092
10.7268, -2.77675, -1.5709
10.7267, -2.88403, -1.57085
10.7265, -2.99129, -1.57078
10.7265, -3.09844, -1.57077
10.7265, -3.20574, -1.57072
10.7265, -3.31293, -1.57072
10.7265, -3.42018, -1.57073
10.7265, -3.52744, -1.57073
10.7267, -3.63477, -1.5707
10.7268, -3.742, -1.57069
10.7268, -3.84924, -1.57067
10.7269, -3.95646, -1.57065
10.727, -4.06376, -1.57061
10.7269, -4.17101, -1.57059
10.7269, -4.27826, -1.57057
10.7269, -4.38546, -1.57055
10.7269, -4.49267, -1.57054
10.7268, -4.59993, -1.57053
10.7267, -4.70718, -1.57053
10.7268, -4.81457, -1.57054
10.7267, -4.92186, -1.57054
10.7267, -5.02923, -1.57054
10.7267, -5.13657, -1.57054
10.7267, -5.24393, -1.57055
10.7267, -5.3513, -1.57056
10.7266, -5.45869, -1.57058
10.7264, -5.56602, -1.57068
10.7262, -5.67332, -1.5708
10.7261, -5.78068, -1.57091
10.7262, -5.88828, -1.57087
10.7262, -5.99576, -1.57093
10.7262, -6.1033, -1.57089
10.7262, -6.21083, -1.57087
10.7263, -6.31826, -1.57089
10.7263, -6.4256, -1.57091
10.7264, -6.53282, -1.57097
10.7264, -6.63994, -1.57105
10.7264, -6.74716, -1.57107
10.7264, -6.85453, -1.57113
10.7264, -6.9617, -1.57114
10.7265, -7.06869, -1.57125
10.7265, -7.1759, -1.57128
10.7265, -7.28295, -1.57136
10.7265, -7.39005, -1.57135
10.7266, -7.49697, -1.57141
10.7271, -7.60377, -1.57157
10.7276, -7.71042, -1.57159
10.7281, -7.81707, -1.57164
10.7282, -7.92393, -1.57159
10.7288, -8.03047, -1.57135
10.7289, -8.13728, -1.57119
10.7289, -8.24431, -1.5711
10.729, -8.35126, -1.57094
10.7292, -8.4583, -1.57078
10.7293, -8.56555, -1.57062
10.7296, -8.67286, -1.57051
10.7298, -8.78026, -1.57037
10.7297, -8.88764, -1.57017
10.7296, -8.99486, -1.56993
10.7297, -9.10209, -1.56969
10.7295, -9.20903, -1.56946
10.729, -9.31573, -1.56927
10.7283, -9.42212, -1.56916
10.728, -9.5287, -1.56906
10.7276, -9.63516, -1.5688
10.7277, -9.74192, -1.56873
10.7278, -9.84875, -1.56869
10.728, -9.95564, -1.56857
10.7283, -10.0624, -1.56852
10.7287, -10.1692, -1.56846
10.7291, -10.276, -1.5684
10.7295, -10.3828, -1.56832
10.73, -10.4895, -1.56823
10.7305, -10.5964, -1.56813
10.731, -10.7033, -3.13881
10.6235, -10.7036, -3.139
10.5161, -10.7039, -3.13916
10.4086, -10.7042, -3.13932
10.3013, -10.7046, -3.13947
10.1941, -10.7049, -3.13962
10.0869, -10.7054, -3.13971
9.97977, -10.7056, -3.13984
9.87275, -10.7059, -3.13994
9.76569, -10.7062, -3.14007
9.65867, -10.7066, -3.1402
9.5518, -10.7071, -3.14045
9.4449, -10.7075, -3.14053
9.33801, -10.7079, -3.14062
9.23103, -10.7082, -3.14065
9.12402, -10.7083, -3.14066
9.01692, -10.7085, -3.14063
8.90987, -10.7088, -3.14065
8.80274, -10.709, -3.14061
8.69556, -10.7091, -3.14057
8.58827, -10.7094, -3.14052
8.48103, -10.7096, -3.14043
8.37375, -10.7098, -3.14037
8.26645, -10.71, -3.1403
8.15917, -10.7101, -3.14023
8.05196, -10.7101, -3.14018
7.94473, -10.7103, -3.14011
7.83753, -10.7104, -3.14005
7.73042, -10.7105, -3.14003
7.62328, -10.7106, -3.14001
7.51616, -10.7107, -3.14003
7.40911, -10.7108, -3.14002
7.302, -10.7109, -3.14001
7.19485, -10.7111, -3.13998
7.08773, -10.7111, -3.14001
6.98062, -10.7113, -3.14001
6.87349, -10.7114, -3.14002
6.76628, -10.7114, -3.14001
6.65903, -10.7116, -3.14001
6.55165, -10.7118, -3.13994
6.44446, -10.712, -3.13996
6.33721, -10.7122, -3.13993
6.22993, -10.7124, -3.13989
6.12263, -10.7126, -3.13989
6.01537, -10.7127, -3.13987
5.90813, -10.713, -3.13989
5.80097, -10.7133, -3.13991
5.69383, -10.7137, -3.1399
5.5866, -10.714, -3.13986
5.47927, -10.7142, -3.13982
5.37193, -10.7143, -3.13978
5.26456, -10.7146, -3.13974
5.15733, -10.7147, -3.1397
5.05007, -10.7148, -3.13966
4.94277, -10.715, -3.13963
4.83552, -10.7153, -3.1396
4.72827, -10.7155, -3.13959
4.62089, -10.7157, -3.13955
4.51345, -10.716, -3.13949
4.40608, -10.7162, -3.13945
4.29876, -10.7163, -3.13941
4.19144, -10.7165, -3.13938
4.08412, -10.7167, -3.13937
3.97679, -10.7169, -3.13934
3.8694, -10.717, -3.1393
3.76206, -10.7173, -3.13929
3.65484, -10.7175, -3.13929
3.54757, -10.7177, -3.13929
3.44032, -10.7179, -3.1393
3.33297, -10.7182, -3.13929
3.22558, -10.7185, -3.13928
3.11824, -10.7187, -3.13928
3.01095, -10.7189, -3.13929
2.90365, -10.7191, -3.13931
2.79641, -10.7193, -3.13933
2.68914, -10.7195, -3.13935
2.58184, -10.7197, -3.13935
2.47463, -10.7199, -3.13939
2.36739, -10.7202, -3.1394
2.26024, -10.7204, -3.13944
2.15302, -10.7206, -3.13947
2.04583, -10.7209, -3.13951
1.93864, -10.7211, -3.13954
1.83142, -10.7212, -3.13959
1.72421, -10.7214, -3.13964
1.61701, -10.7216, -3.13969
1.50978, -10.7217, -3.13977
1.40256, -10.7218, -3.13983
1.29532, -10.7219, -3.1399
1.18807, -10.7221, -3.13995
1.08078, -10.7223, -3.14002
0.973505, -10.7225, -3.14007
0.866271, -10.7228, -3.14013
0.759025, -10.723, -3.14017
0.651824, -10.7232, -3.14021
0.544552, -10.7234, -3.14024
0.437324, -10.7235, -3.14027
0.330132, -10.7237, -3.14029
0.222972, -10.7239, -3.14031
0.115837, -10.7241, -3.14032
0.00870886, -10.7244, 1.57207
0.00867074, -10.6171, 1.57205
0.00861604, -10.5098, 1.57201
0.00852263, -10.4025, 1.57198
0.00846747, -10.2953, 1.57194
0.00829776, -10.188, 1.57192
0.00816709, -10.0807, 1.57189
0.00813469, -9.97362, 1.57185
0.00805945, -9.86638, 1.57181
0.00808487, -9.75921, 1.57175
0.00815251, -9.65197, 1.57166
0.00804966, -9.5447, 1.57163
0.00792682, -9.43742, 1.57158
0.00778808, -9.33022, 1.57154
0.00769304, -9.22314, 1.57149
0.0076903, -9.11594, 1.57142
0.00741618, -9.00896, 1.5713
0.00739069, -8.90187, 1.57124
0.00731277, -8.79482, 1.5712
0.00717575, -8.68771, 1.5712
0.00716084, -8.58053, 1.57117
0.00709589, -8.47347, 1.57114
0.00706417, -8.36612, 1.57117
0.00697166, -8.25904, 1.57115
0.00679265, -8.15192, 1.5711
0.00667011, -8.04481, 1.57109
0.006473, -7.93761, 1.57107
0.00626981, -7.83038, 1.57105
0.00618801, -7.72313, 1.57107
0.00607679, -7.61587, 1.57108
0.00589154, -7.50857, 1.57115
0.0057548, -7.40134, 1.5712
0.00568002, -7.29413, 1.57125
0.0056352, -7.18683, 1.57131
0.00560757, -7.07955, 1.57137
0.00554958, -6.9723, 1.57142
0.00548699, -6.86502, 1.57147
0.00541258, -6.75771, 1.57152
0.00536116, -6.65034, 1.57158
0.00528546, -6.54301, 1.57163
0.00521855, -6.43567, 1.57168
0.00515531, -6.32832, 1.57172
0.00512336, -6.22096, 1.57176
0.00502809, -6.11359, 1.57179
0.00503122, -6.0062, 1.57178
0.00495646, -5.89887, 1.57181
0.00492989, -5.79156, 1.57181
0.00492332, -5.68424, 1.57182
0.00496061, -5.57692, 1.57181
0.00509215, -5.46966, 1.57171
0.00519012, -5.36234, 1.57164
0.0051724, -5.25506, 1.57159
0.00506852, -5.14771, 1.57157
0.00496693, -5.04045, 1.57154
0.00457528, -4.93313, 1.57169
0.00427703, -4.82594, 1.57174
0.00408606, -4.71896, 1.57173
0.00384569, -4.61198, 1.57172
0.00362425, -4.50479, 1.57173
0.00338557, -4.39775, 1.57176
0.0032568, -4.29063, 1.57178
0.00305041, -4.18341, 1.57176
0.00286282, -4.07628, 1.57179
0.00269372, -3.96912, 1.57182
0.00253948, -3.86187, 1.57185
0.00237365, -3.75458, 1.57186
0.00230013, -3.6472, 1.57189
0.00229775, -3.5398, 1.57196
0.00237754, -3.43249, 1.57206
0.00231986, -3.32516, 1.57211
0.00226505, -3.21779, 1.57211
0.00247468, -3.11057, 1.57221
0.00250901, -3.00328, 1.57221
0.00245256, -2.89592, 1.57218
0.00233705, -2.78855, 1.57215
0.00219774, -2.68115, 1.5721
0.0020901, -2.57377, 1.57206
0.00201156, -2.46641, 1.57202
0.00192795, -2.35901, 1.57199
0.00176403, -2.25168, 1.57195
0.00163171, -2.14439, 1.5719
0.00151668, -2.0371, 1.57186
0.00144974, -1.92981, 1.5718
0.00137576, -1.82253, 1.57172
0.00126823, -1.71528, 1.57165
0.00122133, -1.60816, 1.57158
0.00113641, -1.50099, 1.57149
0.0010314, -1.39372, 1.57142
0.0010011, -1.28652, 1.57135
0.00093335, -1.1793, 1.57129
0.000792696, -1.07194, 1.57124
0.000675719, -0.964722, 1.57119
0.000547872, -0.85758, 1.57112
0.000527307, -0.750275, 1.57109
0.000422093, -0.64313, 1.57103
0.000328315, -0.535984, 1.57099
0.000279313, -0.428785, 1.57095
0.000212076, -0.321579, 1.57091
6.15771e-05, -0.21439, 1.57084
2.90603e-05, -0.107199, 1.57082
